id,address,region,state,city,neighborhood,sub_neighborhood,locality,latitude,longitude,data,police_action,agent_presence,police_unit,main_reason,complementary_reason,clippings,massacre,civilians_dead,civilians_wounded,agents_dead,agents_wounded,men_dead,men_wounded,women_dead,women_wounded,kids_dead,kids_wounded,teenagers_dead,teenagers_wounded,elderly_dead,elderly_wounded
12603,"R. Tôrres Homem - Vila Isabel, Rio de Janeiro - RJ, Brazil",Sudeste,Rio de Janeiro,Rio de Janeiro,VILA ISABEL,,MORRO DOS MACACOS,-22.9146107000,-43.2494949000,"01/04/2018, 03:09:00",false,false,,Não identificado,,,false,0,0,0,0,0,0,0,0,0,0,0,0,0,0
12604,"Morro da Formiga - Tijuca, Rio de Janeiro - RJ, 20530-003, Brasil",Sudeste,Rio de Janeiro,Rio de Janeiro,TIJUCA,,MORRO DA FORMIGA,-22.9441667000,-43.2408333000,"01/04/2018, 03:25:00",false,false,,Não identificado,,,false,0,0,0,0,0,0,0,0,0,0,0,0,0,0
12607,"Morro do Banco - Itanhangá , Rio de Janeiro - RJ, Brasil",Sudeste,Rio de Janeiro,Rio de Janeiro,ITANHANGA,,MORRO DO BANCO,-22.9877709000,-43.2950513000,"01/04/2018, 05:00:00",false,false,,Não identificado,,,false,0,0,0,0,0,0,0,0,0,0,0,0,0,0
12614,"Próximo ao número 20. - R. Andrade Pinto, 20 - Madureira, Rio de Janeiro - RJ, 21310-120, Brasil",Sudeste,Rio de Janeiro,Rio de Janeiro,MADUREIRA,,,-22.8781725000,-43.3418909000,"01/04/2018, 05:01:00",false,false,,Não identificado,,,false,0,1,0,0,0,0,0,0,0,0,0,0,0,0
12626,"Rod. Pres. Dutra - Irajá, Rio de Janeiro - RJ, 21535, Brasil",Sudeste,Rio de Janeiro,Rio de Janeiro,IRAJA,,,-22.814095185409485,-43.328434724823,"01/04/2018, 06:00:00",false,false,,Tentativa/Roubo,,,false,1,0,0,0,0,0,0,0,0,0,0,0,0,0
12609,"Vidigal, Rio de Janeiro - RJ, Brasil",Sudeste,Rio de Janeiro,Rio de Janeiro,VIDIGAL,,VIDIGAL,-22.9939022000,-43.2358343000,"01/04/2018, 07:35:00",false,false,,Não identificado,,,false,0,0,0,0,0,0,0,0,0,0,0,0,0,0
12613,"Cidade Alta  - Cordovil, Rio de Janeiro - RJ, 21010-200, Brasil",Sudeste,Rio de Janeiro,Rio de Janeiro,CORDOVIL,,CIDADE ALTA (COMPLEXO DE ISRAEL),-22.8197186000,-43.2943554000,"01/04/2018, 08:10:00",false,false,,Não identificado,,,false,0,0,0,0,0,0,0,0,0,0,0,0,0,0
12616,Praça Vila Kennedy,Sudeste,Rio de Janeiro,Rio de Janeiro,VILA KENNEDY,,VILA KENNEDY,-22.8550940000,-43.4947370000,"01/04/2018, 12:08:00",false,false,,Não identificado,,,false,0,0,0,0,0,0,0,0,0,0,0,0,0,0
12654,"Rocha, Rio de Janeiro - RJ, Brasil",Sudeste,Rio de Janeiro,Rio de Janeiro,ROCHA,,,-22.9011098000,-43.2492123000,"01/04/2018, 12:30:00",false,false,,Homicidio/Tentativa,,,false,0,0,0,0,0,0,0,0,0,0,0,0,0,0
12620,"R. Palma - Quintino Bocaiuva, Rio de Janeiro - RJ, 20740-470, Brasil",Sudeste,Rio de Janeiro,Rio de Janeiro,QUINTINO BOCAIUVA,,MORRO DO SACU (COMPLEXO DO 18),-22.8961818000,-43.3188480000,"01/04/2018, 13:12:00",false,false,,Não identificado,,,false,0,0,0,0,0,0,0,0,0,0,0,0,0,0
12660,"R. Jurubaiba - Honório Gurgel, Rio de Janeiro - RJ, Brasil",Sudeste,Rio de Janeiro,Rio de Janeiro,HONORIO GURGEL,,,-22.8531865000,-43.3588893000,"01/04/2018, 17:00:00",true,true,PM,Ação policial,,Perseguição,false,1,0,0,0,0,0,0,0,0,0,0,0,0,0
12636,"Morro dos macacos, Vila Isabel",Sudeste,Rio de Janeiro,Rio de Janeiro,SAMPAIO,,MORRO DOS MACACOS,-22.9100000000,-43.2575000000,"01/04/2018, 19:26:00",false,false,,Não identificado,,,false,0,0,0,0,0,0,0,0,0,0,0,0,0,0
12634,"Light, Realengo.",Sudeste,Rio de Janeiro,Rio de Janeiro,REALENGO,,,-22.8618495000,-43.4282984000,"01/04/2018, 20:33:00",false,false,,Não identificado,,,false,0,0,0,0,0,0,0,0,0,0,0,0,0,0
12632,"Vila Cruzeiro, Penha",Sudeste,Rio de Janeiro,Rio de Janeiro,PENHA,,VILA CRUZEIRO (COMPLEXO DA PENHA),-22.8517443000,-43.2819857000,"01/04/2018, 21:02:00",false,false,,Não identificado,,,false,0,0,0,0,0,0,0,0,0,0,0,0,0,0
12655,"Estrada Intendente Magalhães  Campinho, Rio de Janeiro - RJ, 21330-790, Brasil",Sudeste,Rio de Janeiro,Rio de Janeiro,CAMPINHO,,,-22.8813821000,-43.3515006000,"02/04/2018, 03:00:00",false,true,,Tentativa/Roubo,,,false,0,0,1,0,0,0,0,0,0,0,0,0,0,0
12659,"Rua viléla Tavares - Lins de Vasconcelos, Rio de Janeiro - RJ, 20720-293, Brasil",Sudeste,Rio de Janeiro,Rio de Janeiro,LINS DE VASCONCELOS,,,-22.9099982000,-43.2861344000,"02/04/2018, 04:00:00",true,true,N�o identificado,Ação policial,,,false,0,2,0,0,0,0,0,0,0,0,0,0,0,0
12645,"R. Mozart - Jardim America, Rio de Janeiro - RJ, Brasil",Sudeste,Rio de Janeiro,Rio de Janeiro,JARDIM AMERICA,,,-22.8076253000,-43.3229738000,"02/04/2018, 05:17:00",false,false,,Não identificado,,,false,0,0,0,0,0,0,0,0,0,0,0,0,0,0
12650,"Morro da Fé - Penha, Rio de Janeiro - RJ, Brasil",Sudeste,Rio de Janeiro,Rio de Janeiro,PENHA,,MORRO DA FE (COMPLEXO DA PENHA),-22.8308535000,-43.2698184000,"02/04/2018, 05:43:00",false,false,,Não identificado,,,false,0,0,0,0,0,0,0,0,0,0,0,0,0,0
12649,"Morro da Fé - Penha, Rio de Janeiro - RJ, Brasil",Sudeste,Rio de Janeiro,Rio de Janeiro,PENHA,,MORRO DA FE (COMPLEXO DA PENHA),-22.8308535000,-43.2698184000,"02/04/2018, 05:43:00",false,false,,Não identificado,,,false,0,0,0,0,0,0,0,0,0,0,0,0,0,0
12651,"Morro do Pavao - Copacabana, Rio de Janeiro - RJ, 22071-060, Brasil",Sudeste,Rio de Janeiro,Rio de Janeiro,COPACABANA,,MORRO DO PAVAO-PAVAOZINHO,-22.9811111000,-43.1975000000,"02/04/2018, 06:34:00",true,true,N�o identificado,Ação policial,,,false,0,0,0,0,0,0,0,0,0,0,0,0,0,0
12658,"Pavão Pavãozinho - Copacabana, Rio de Janeiro - RJ, 22071-060, Brasil",Sudeste,Rio de Janeiro,Rio de Janeiro,COPACABANA,,MORRO DO PAVAO-PAVAOZINHO,-22.9816912000,-43.1962577000,"02/04/2018, 07:22:00",false,false,,Não identificado,,,false,0,0,0,0,0,0,0,0,0,0,0,0,0,0
12671,"R. Canitar - Inhauma, Rio de Janeiro - RJ, Brasil",Sudeste,Rio de Janeiro,Rio de Janeiro,COMPLEXO DO ALEMAO,,FAVELA DO SARGENTO (COMPLEXO DO ALEMAO),-22.8632547000,-43.2857130000,"02/04/2018, 10:34:00",false,false,,Não identificado,,,false,0,0,0,0,0,0,0,0,0,0,0,0,0,0
12675,"R. Limites, Rio de Janeiro - RJ, Brasil",Sudeste,Rio de Janeiro,Rio de Janeiro,REALENGO,,,-22.8836040000,-43.4384974000,"02/04/2018, 13:40:00",false,false,,Homicidio/Tentativa,,,false,1,0,0,0,0,0,0,0,0,0,0,0,0,0
12711,"AutoEstrada Grajaú - Jacarepaguá, 2365-3059 - Engenho Novo, Rio de Janeiro - RJ, 20715-191, Brasil",Sudeste,Rio de Janeiro,Rio de Janeiro,JACAREPAGUA,,,-22.9211299000,-43.2846200000,"02/04/2018, 14:30:00",true,true,PM,Tentativa/Roubo,,,false,0,0,0,0,0,0,0,0,0,0,0,0,0,0
12687,"Posto 5, Copacabana.",Sudeste,Rio de Janeiro,Rio de Janeiro,COPACABANA,,,-22.9806643000,-43.1891970000,"02/04/2018, 16:07:00",false,false,,Não identificado,,,false,0,0,0,0,0,0,0,0,0,0,0,0,0,0
12686,"Pavão-Pavãozinho, Ipanema",Sudeste,Rio de Janeiro,Rio de Janeiro,IPANEMA,,MORRO DO PAVAO-PAVAOZINHO,-22.9805210000,-43.1978813000,"02/04/2018, 16:09:00",false,false,,Não identificado,,,false,0,0,0,0,0,0,0,0,0,0,0,0,0,0
12683,"Praça Sen. Salgado Filho, s/n - Centro, Rio de Janeiro - RJ, 20021-340, Brasil",Sudeste,Rio de Janeiro,Rio de Janeiro,CENTRO,,,-22.9111438000,-43.1648755000,"02/04/2018, 16:38:00",true,true,N�o identificado,Ação policial,,,false,0,0,0,0,0,0,0,0,0,0,0,0,0,0
12684,"Av. Prof. Bernardino Rocha, 342-350 - Pavuna, Rio de Janeiro - RJ, 21650-450, Brasil",Sudeste,Rio de Janeiro,Rio de Janeiro,PAVUNA,,FAVELA VILA PRIVILEGIO,-22.8127330000,-43.3719709000,"02/04/2018, 16:44:00",false,false,,Não identificado,,,false,0,0,0,0,0,0,0,0,0,0,0,0,0,0
12688,"Rua Barão, Praça Seca",Sudeste,Rio de Janeiro,Rio de Janeiro,PRACA SECA,,MORRO SAO JOSE OPERARIO (OU MORRO DA BARAO),-22.8988185000,-43.3521535000,"02/04/2018, 17:55:00",false,false,,Não identificado,,,false,0,0,0,0,0,0,0,0,0,0,0,0,0,0
12692,"Rua Moraes Pinheiro, Ricardo de Albuquerque",Sudeste,Rio de Janeiro,Rio de Janeiro,RICARDO DE ALBUQUERQUE,,MORRO DA MADAMA (COMPLEXO DO CHAPADAO),-22.8322403000,-43.3904486000,"02/04/2018, 18:47:00",false,false,,Não identificado,,,false,0,0,0,0,0,0,0,0,0,0,0,0,0,0
12694,"Largo do Curvelo, Santa teresa",Sudeste,Rio de Janeiro,Rio de Janeiro,SANTA TERESA,,,-22.9188200000,-43.1832201000,"02/04/2018, 19:23:00",false,false,,Não identificado,,,false,0,0,0,0,0,0,0,0,0,0,0,0,0,0
12696,Morro da formiga,Sudeste,Rio de Janeiro,Rio de Janeiro,TIJUCA,,MORRO DA FORMIGA,-22.9441667000,-43.2408333000,"02/04/2018, 20:27:00",false,false,,Não identificado,,,false,0,0,0,0,0,0,0,0,0,0,0,0,0,0
12699,"Cidade de Deus, Rio de Janeiro - RJ, Brasil",Sudeste,Rio de Janeiro,Rio de Janeiro,CIDADE DE DEUS,,CIDADE DE DEUS,-22.9481688000,-43.3626721000,"02/04/2018, 22:22:00",false,false,,Não identificado,,,false,0,0,0,0,0,0,0,0,0,0,0,0,0,0
12704,"Favela São José Operário - Praça Seca, Rio de Janeiro - RJ, Brasil",Sudeste,Rio de Janeiro,Rio de Janeiro,PRACA SECA,,MORRO SAO JOSE OPERARIO (OU MORRO DA BARAO),-22.8969198000,-43.3516802000,"03/04/2018, 04:05:00",false,false,,Não identificado,,,false,0,0,0,0,0,0,0,0,0,0,0,0,0,0
12710,"Vila da Penha, Rio de Janeiro - RJ, Brasil",Sudeste,Rio de Janeiro,Rio de Janeiro,VILA DA PENHA,,,-22.8440802000,-43.3094623000,"03/04/2018, 04:47:00",false,false,,Não identificado,,,false,0,0,0,0,0,0,0,0,0,0,0,0,0,0
12708,"Batô (Bateau Mouche) - Praça Seca, Rio de Janeiro - RJ, 21321-054, Brasil",Sudeste,Rio de Janeiro,Rio de Janeiro,PRACA SECA,,FAVELA BATEAU MOUCHE,-22.9021100000,-43.3518029000,"03/04/2018, 06:09:00",true,true,N�o identificado,Operação policial,,,false,0,0,0,0,0,0,0,0,0,0,0,0,0,0
12709,"R. Lemos Brito - Quintino Bocaiuva, Rio de Janeiro - RJ, 21311-380, Brasil",Sudeste,Rio de Janeiro,Rio de Janeiro,QUINTINO BOCAIUVA,,FAVELA LEMOS DE BRITO (COMPLEXO DO 18),-22.8959671000,-43.3253079000,"03/04/2018, 06:17:00",false,false,,Não identificado,,,false,0,0,0,0,0,0,0,0,0,0,0,0,0,0
12713,"Av. Srg. de Milícias - Pavuna, Rio de Janeiro - RJ, Brasil",Sudeste,Rio de Janeiro,Rio de Janeiro,PAVUNA,,,-22.8045849000,-43.3576678000,"03/04/2018, 06:55:00",false,false,,Não identificado,,,false,0,0,0,0,0,0,0,0,0,0,0,0,0,0
12728,Delcastilho b2,Sudeste,Rio de Janeiro,Rio de Janeiro,DEL CASTILHO,,FAVELA BANDEIRA 2,-22.9038251000,-43.2874444000,"03/04/2018, 11:41:00",false,false,,Não identificado,,,false,0,0,0,0,0,0,0,0,0,0,0,0,0,0
12729,Morro da Fé Penha Brasil,Sudeste,Rio de Janeiro,Rio de Janeiro,PENHA,,MORRO DA FE (COMPLEXO DA PENHA),-22.8462805000,-43.2965413000,"03/04/2018, 11:57:00",true,true,N�o identificado,Ação policial,,,false,0,0,0,0,0,0,0,0,0,0,0,0,0,0
12731,Cidade de Deus,Sudeste,Rio de Janeiro,Rio de Janeiro,CIDADE DE DEUS,,CIDADE DE DEUS,-22.9481688000,-43.3626721000,"03/04/2018, 13:12:00",false,false,,Não identificado,,,false,0,0,0,0,0,0,0,0,0,0,0,0,0,0
12733,"R. Limeira, 285 - Tomás Coelho, Rio de Janeiro - RJ, 21370-460, Brasil",Sudeste,Rio de Janeiro,Rio de Janeiro,TOMAS COELHO,,FAVELINHA (COMPLEXO DO JURAMENTO),-22.8653340000,-43.3097590000,"03/04/2018, 14:44:00",false,false,,Não identificado,,,false,0,0,0,0,0,0,0,0,0,0,0,0,0,0
12734,"Morro do Juramento - Tomaz Coelho, Rio de Janeiro - RJ, Brasil",Sudeste,Rio de Janeiro,Rio de Janeiro,TOMAS COELHO,,MORRO DO JURAMENTO (COMPLEXO DO JURAMENTO),-22.8627778000,-43.3152778000,"03/04/2018, 14:47:00",false,false,,Não identificado,,,false,0,0,0,0,0,0,0,0,0,0,0,0,0,0
12735,"R. Limeira, 285 - Tomás Coelho, Rio de Janeiro - RJ, 21370-460, Brasil",Sudeste,Rio de Janeiro,Rio de Janeiro,TOMAS COELHO,,FAVELINHA (COMPLEXO DO JURAMENTO),-22.8653340000,-43.3097590000,"03/04/2018, 14:52:00",false,false,,Não identificado,,,false,0,0,0,0,0,0,0,0,0,0,0,0,0,0
12736,"Morro do Juramento - Tomaz Coelho, Rio de Janeiro - RJ, Brasil",Sudeste,Rio de Janeiro,Rio de Janeiro,TOMAS COELHO,,MORRO DO JURAMENTO (COMPLEXO DO JURAMENTO),-22.8627778000,-43.3152778000,"03/04/2018, 14:53:00",false,false,,Não identificado,,,false,0,0,0,0,0,0,0,0,0,0,0,0,0,0
12738,"Beco Canto das Andorinhas - Botafogo, Rio de Janeiro - RJ, 21043-042, Brasil",Sudeste,Rio de Janeiro,Rio de Janeiro,BOTAFOGO,,SANTA MARTA,-22.9477186000,-43.1944082000,"03/04/2018, 14:54:00",false,false,,Não identificado,,,false,0,0,0,0,0,0,0,0,0,0,0,0,0,0
12745,"R. Cel. Moreira César, 1071 - Pavuna, Rio de Janeiro - RJ, 21655-180, Brasil",Sudeste,Rio de Janeiro,Rio de Janeiro,PAVUNA,,FAVELA DO JOB (COMPLEXO DO CHAPADAO),-22.8163732000,-43.3805050000,"03/04/2018, 15:25:00",false,false,,Não identificado,,,false,0,0,0,0,0,0,0,0,0,0,0,0,0,0
12762,"R. Vitória Régia - Lagoa, Rio de Janeiro - RJ, Brasil",Sudeste,Rio de Janeiro,Rio de Janeiro,LAGOA,,MORRO DOS CABRITOS,-22.9657550000,-43.1989226000,"03/04/2018, 18:00:00",true,true,PM,Tentativa/Roubo,,,false,2,2,0,0,0,0,0,0,0,0,0,0,0,0
12752,rua leandro martins,Sudeste,Rio de Janeiro,Rio de Janeiro,CENTRO,,,-22.9009475000,-43.1836837000,"03/04/2018, 19:16:00",false,false,,Não identificado,,,false,0,0,0,0,0,0,0,0,0,0,0,0,0,0
12754,"Av. Pastor Martin Luther King Junior, metrô Iraja, Rio de Janeiro - RJ, Brasi",Sudeste,Rio de Janeiro,Rio de Janeiro,IRAJA,,FAVELA RIO D'OURO,-22.8481183000,-43.3232450000,"03/04/2018, 20:16:00",false,false,,Não identificado,,,false,0,0,0,0,0,0,0,0,0,0,0,0,0,0
12755,"R. Joaquim Norberto - Cavalcanti, Rio de Janeiro - RJ, 21370-350, Brasil",Sudeste,Rio de Janeiro,Rio de Janeiro,CAVALCANTI,,MORRO DA PRIMAVERA,-22.8694695000,-43.3137018000,"03/04/2018, 20:47:00",false,false,,Não identificado,,,false,0,0,0,0,0,0,0,0,0,0,0,0,0,0
12824,"Av. Brasil, 213-517 - Bangu, Rio de Janeiro - RJ, Brasil",Sudeste,Rio de Janeiro,Rio de Janeiro,VILA KENNEDY,,VILA KENNEDY,-22.8546285000,-43.4857636000,"03/04/2018, 21:00:00",true,true,N�o identificado,Tentativa/Roubo,,Perseguição,false,0,0,0,0,0,0,0,0,0,0,0,0,0,0
12767,"Estr. Cel. Pedro Corrêa, Rio de Janeiro - RJ, Brasil",Sudeste,Rio de Janeiro,Rio de Janeiro,BARRA OLIMPICA,,,-22.9666658000,-43.3903675000,"04/04/2018, 08:50:00",false,false,,Não identificado,,,false,0,0,0,0,0,0,0,0,0,0,0,0,0,0
12800,"Av. Embaixador Abelardo Bueno, Rio de Janeiro - RJ, Brasil",Sudeste,Rio de Janeiro,Rio de Janeiro,BARRA OLIMPICA,,,-22.9731031000,-43.3833159000,"04/04/2018, 09:30:00",true,true,N�o identificado,Tentativa/Roubo,,,false,0,0,0,0,0,0,0,0,0,0,0,0,0,0
12771,"Vila Aliança - Bangu, Rio de Janeiro - RJ, Brasil",Sudeste,Rio de Janeiro,Rio de Janeiro,BANGU,,VILA ALIANCA,-22.8742263000,-43.4685442000,"04/04/2018, 11:21:00",true,true,N�o identificado,Ação policial,,,false,0,0,0,0,0,0,0,0,0,0,0,0,0,0
12801,"Morro do Barra Vermelho, Complexo do Lins  -  Lins de Vasconcelos, Rio de Janeiro - RJ, Brasil",Sudeste,Rio de Janeiro,Rio de Janeiro,ENGENHO NOVO,,MORRO DO BARRO VERMELHO (COMPLEXO DO LINS),-22.9160833000,-43.2747744000,"04/04/2018, 12:00:00",true,true,N�o identificado,Ação policial,,,false,0,2,0,0,0,0,0,0,0,0,0,1,0,0
12783,"Av. Prof. Bernardino Rocha, 331-339 - Pavuna, Rio de Janeiro - RJ, 21650-450, Brasil",Sudeste,Rio de Janeiro,Rio de Janeiro,PAVUNA,,FAVELA VILA PRIVILEGIO,-22.8126362000,-43.3724499000,"04/04/2018, 16:54:00",false,false,,Não identificado,,,false,0,0,0,0,0,0,0,0,0,0,0,0,0,0
12790,"R. Araújo Leitão - Lins de Vasconcelos, Rio de Janeiro - RJ, 20715-310, Brasil",Sudeste,Rio de Janeiro,Rio de Janeiro,ENGENHO NOVO,,MORRO DO BARRO VERMELHO (COMPLEXO DO LINS),-22.9137398000,-43.2718519000,"04/04/2018, 17:40:00",false,false,,Não identificado,,,false,0,2,0,0,0,0,0,0,0,0,0,0,0,0
12789,"Maré, Rio de Janeiro - RJ, Brasil",Sudeste,Rio de Janeiro,Rio de Janeiro,MARE,,COMPLEXO DA MARE,-22.8574971000,-43.2430137000,"04/04/2018, 18:32:00",false,false,,Não identificado,,,false,0,0,0,0,0,0,0,0,0,0,0,0,0,0
12791,"R. Barão do Bananal - Cascadura, Rio de Janeiro - RJ, 21380-330, Brasil",Sudeste,Rio de Janeiro,Rio de Janeiro,CASCADURA,,,-22.8787531000,-43.3195308000,"04/04/2018, 19:06:00",false,false,,Não identificado,,,false,0,0,0,0,0,0,0,0,0,0,0,0,0,0
12792,"Morro dos Urubus - Pilares, Rio de Janeiro - RJ, Brasil",Sudeste,Rio de Janeiro,Rio de Janeiro,PILARES,,MORRO DO URUBU (COMPLEXO DO URUBU),-22.8763889000,-43.3033333000,"04/04/2018, 19:50:00",false,false,,Não identificado,,,false,0,0,0,0,0,0,0,0,0,0,0,0,0,0
12798,"Gambôa, Rio de Janeiro - RJ, Brasil",Sudeste,Rio de Janeiro,Rio de Janeiro,GAMBOA,,,-22.8932382000,-43.1908238000,"05/04/2018, 03:01:00",false,false,,Não identificado,,,false,0,0,0,0,0,0,0,0,0,0,0,0,0,0
12799,"Jardim Novo - Realengo, Rio de Janeiro - RJ, 21770-100, Brasil",Sudeste,Rio de Janeiro,Rio de Janeiro,REALENGO,,,-22.8944788000,-43.4416796000,"05/04/2018, 05:28:00",false,false,,Não identificado,,,false,0,0,0,0,0,0,0,0,0,0,0,0,0,0
12832,"Favela Barreira do Vasco - R. Dona Camila, 126-152 - São Cristóvão, Rio de Janeiro - RJ, 20921-250, Brasil",Sudeste,Rio de Janeiro,Rio de Janeiro,SAO CRISTOVAO,,BARREIRA DO VASCO,-22.8883378000,-43.2286111000,"05/04/2018, 07:00:00",true,true,N�o identificado,Operação policial,,,false,0,1,0,0,0,0,0,0,0,0,0,0,0,0
12805,"R. do Expedicionário - São Cristóvão, Rio de Janeiro - RJ, Brasil",Sudeste,Rio de Janeiro,Rio de Janeiro,SAO CRISTOVAO,,,-22.9012257000,-43.2242560000,"05/04/2018, 10:15:00",false,false,,Não identificado,,,false,0,0,0,0,0,0,0,0,0,0,0,0,0,0
12808,"Anchieta, Rio de Janeiro - RJ, 21645-001, Brasil",Sudeste,Rio de Janeiro,Rio de Janeiro,ANCHIETA,,,-22.8293261000,-43.3922379000,"05/04/2018, 10:48:00",false,false,,Não identificado,,,false,0,0,0,0,0,0,0,0,0,0,0,0,0,0
12813,"Av. Menezes Cortes, Rio de Janeiro - RJ, Brasil",Sudeste,Rio de Janeiro,Rio de Janeiro,ENGENHO NOVO,,MORRO DA CACHOEIRA GRANDE (COMPLEXO DO LINS),-22.9211046000,-43.2850245000,"05/04/2018, 13:30:00",false,false,,Não identificado,,,false,0,0,0,0,0,0,0,0,0,0,0,0,0,0
12812,"Metral - Vila Kennedy - Bangu, Rio de Janeiro - RJ, 21850-007, Brasil",Sudeste,Rio de Janeiro,Rio de Janeiro,VILA KENNEDY,,VILA KENNEDY,-22.8604006000,-43.4884116000,"05/04/2018, 13:32:00",false,false,,Não identificado,,,false,0,0,0,0,0,0,0,0,0,0,0,0,0,0
12817,"R. Teotônio de Brito - Olaria, Rio de Janeiro - RJ, 21073-080, Brasil",Sudeste,Rio de Janeiro,Rio de Janeiro,OLARIA,,,-22.8472724000,-43.2689327000,"05/04/2018, 14:53:00",false,false,,Não identificado,,,false,0,0,0,0,0,0,0,0,0,0,0,0,0,0
12822,"Lins de Vasconcelos, Rio de Janeiro - RJ, Brasil",Sudeste,Rio de Janeiro,Rio de Janeiro,LINS DE VASCONCELOS,,,-22.9128703000,-43.2845545000,"05/04/2018, 16:10:00",false,false,,Não identificado,,,false,0,0,0,0,0,0,0,0,0,0,0,0,0,0
12823,"Morro do Urubu - R. Domingos Píres, 250 - Pilares, Rio de Janeiro - RJ, 20750-160, Brasil",Sudeste,Rio de Janeiro,Rio de Janeiro,PILARES,,MORRO DO URUBU (COMPLEXO DO URUBU),-22.8771270000,-43.3021914000,"05/04/2018, 17:01:00",false,false,,Não identificado,,,false,0,0,0,0,0,0,0,0,0,0,0,0,0,0
12830,"R. Ana Neri, Rio de Janeiro - RJ, Brasil",Sudeste,Rio de Janeiro,Rio de Janeiro,BENFICA,,,-22.8991679000,-43.2401767000,"05/04/2018, 18:28:00",false,false,,Não identificado,,,false,0,0,0,0,0,0,0,0,0,0,0,0,0,0
12852,"R. Jaracatiá, Vila da Penha, Rio de Janeiro - RJ, Brasil",Sudeste,Rio de Janeiro,Rio de Janeiro,VILA DA PENHA,,,-22.8376922000,-43.3141914000,"05/04/2018, 20:00:00",false,true,,Briga,,,false,0,0,1,0,0,0,0,0,0,0,0,0,0,0
12856,"Avenida Dom Helder Câmara  - Pilares, Rio de Janeiro - RJ, 20750-000, Brasil",Sudeste,Rio de Janeiro,Rio de Janeiro,PILARES,,,-22.8820736000,-43.2928316000,"06/04/2018, 03:00:00",true,true,PM,Tentativa/Roubo,,,false,0,0,0,0,0,0,0,0,0,0,0,0,0,0
12855,"Morro da Providência -R. Maj. Saião - Gambôa, Rio de Janeiro - RJ, Brasil",Sudeste,Rio de Janeiro,Rio de Janeiro,GAMBOA,,MORRO DA PROVIDENCIA,-22.8981932000,-43.1889102000,"06/04/2018, 03:30:00",true,true,PM,Ação policial,,,false,0,0,0,1,0,0,0,0,0,0,0,0,0,0
12847,"Morro do Escondidinho - Rio Comprido, Rio de Janeiro - RJ, Brasil",Sudeste,Rio de Janeiro,Rio de Janeiro,RIO COMPRIDO,,MORRO DO ESCONDIDINHO,-22.9279274000,-43.2061362000,"06/04/2018, 03:33:00",true,true,N�o identificado,Operação policial,,,false,0,0,0,0,0,0,0,0,0,0,0,0,0,0
12846,"Morro do Fogueteiro - Rio Comprido, Rio de Janeiro - RJ, 20241-263, Brasil",Sudeste,Rio de Janeiro,Rio de Janeiro,RIO COMPRIDO,,FALLET/FOGUETEIRO,-22.9277778000,-43.1991667000,"06/04/2018, 04:35:00",false,false,,Não identificado,,,false,0,0,0,0,0,0,0,0,0,0,0,0,0,0
12848,"Mineira - Catumbi, Rio de Janeiro - RJ, Brasil",Sudeste,Rio de Janeiro,Rio de Janeiro,CATUMBI,,MORRO DA MINEIRA (COMPLEXO DO SAO CARLOS),-22.9198664000,-43.1977170000,"06/04/2018, 05:15:00",false,false,,Não identificado,,,false,0,0,0,0,0,0,0,0,0,0,0,0,0,0
12850,"Alvorada - Complexo do Alemão, Rio de Janeiro - RJ, 21061-180, Brasil",Sudeste,Rio de Janeiro,Rio de Janeiro,COMPLEXO DO ALEMAO,,ALVORADA (COMPLEXO DO ALEMAO),-22.8624135000,-43.2748945000,"06/04/2018, 06:40:00",false,false,,Não identificado,,,false,0,0,0,0,0,0,0,0,0,0,0,0,0,0
12851,"Morro dos Prazeres e Morro do Escondidinho - R. Barão de Petrópolis - Rio Comprido, Rio de Janeiro - RJ, Brasil",Sudeste,Rio de Janeiro,Rio de Janeiro,RIO COMPRIDO,,MORRO DOS PRAZERES,-22.9292805000,-43.2027587000,"06/04/2018, 06:50:00",false,false,,Não identificado,,,false,0,0,0,0,0,0,0,0,0,0,0,0,0,0
12854,"Morro do Turano - Rio Comprido, Rio de Janeiro - RJ, 20261-004, Brasil",Sudeste,Rio de Janeiro,Rio de Janeiro,RIO COMPRIDO,,MORRO DO TURANO,-22.9256516000,-43.2154698000,"06/04/2018, 07:05:00",false,false,,Não identificado,,,false,0,0,0,0,0,0,0,0,0,0,0,0,0,0
12859,"Morro do Fogueteiro - Rio Comprido, Rio de Janeiro - RJ, 20241-263, Brasil",Sudeste,Rio de Janeiro,Rio de Janeiro,RIO COMPRIDO,,FALLET/FOGUETEIRO,-22.9277778000,-43.1991667000,"06/04/2018, 07:55:00",true,true,PM,Operação policial,,,false,1,0,0,0,0,0,0,0,0,0,0,0,0,0
12861,"R. Pedro Alves - Santo Cristo, Rio de Janeiro - RJ, Brasil",Sudeste,Rio de Janeiro,Rio de Janeiro,SANTO CRISTO,,MORRO DO PINTO,-22.9043405000,-43.2065872000,"06/04/2018, 10:09:00",false,false,,Não identificado,,,false,0,0,0,0,0,0,0,0,0,0,0,0,0,0
12864,"R. Princesa Leopoldina(curral das Éguas) - Realengo, Rio de Janeiro - RJ, 21710-422, Brasil",Sudeste,Rio de Janeiro,Rio de Janeiro,REALENGO,,FAVELA CURRAL DAS EGUAS,-22.8733380000,-43.4199190000,"06/04/2018, 12:37:00",false,false,,Não identificado,,,false,0,0,0,0,0,0,0,0,0,0,0,0,0,0
12865,"Estr. Cmte. Luís Souto - Tanque, Rio de Janeiro - RJ, Brasil",Sudeste,Rio de Janeiro,Rio de Janeiro,TANQUE,,MATO ALTO,-22.9084488000,-43.3648504000,"06/04/2018, 12:51:00",false,false,,Não identificado,,,false,0,0,0,0,0,0,0,0,0,0,0,0,0,0
12866,"Av. São Sebastião - Urca, Rio de Janeiro - RJ, Brasil",Sudeste,Rio de Janeiro,Rio de Janeiro,URCA,,,-22.9462222000,-43.1607450000,"06/04/2018, 13:19:00",false,false,,Não identificado,,,false,0,0,0,0,0,0,0,0,0,0,0,0,0,0
12867,Morro do Turano,Sudeste,Rio de Janeiro,Rio de Janeiro,RIO COMPRIDO,,MORRO DO TURANO,-22.9255679000,-43.2169950000,"06/04/2018, 13:40:00",true,true,N�o identificado,Operação policial,,,false,0,0,0,0,0,0,0,0,0,0,0,0,0,0
12872,"Vidigal, Rio de Janeiro - RJ, Brasil",Sudeste,Rio de Janeiro,Rio de Janeiro,VIDIGAL,,VIDIGAL,-22.9939022000,-43.2358343000,"06/04/2018, 14:25:00",true,true,N�o identificado,Disputa,,,false,0,0,0,0,0,0,0,0,0,0,0,0,0,0
12871,"Pedra do Sapo - Complexo do Alemão, Rio de Janeiro - RJ, Brasil",Sudeste,Rio de Janeiro,Rio de Janeiro,COMPLEXO DO ALEMAO,,PEDRA DO SAPO (COMPLEXO DO ALEMAO),-22.8602971000,-43.2814254000,"06/04/2018, 14:38:00",true,true,UPP (Complexo do Alem�o),Operação policial,,,false,2,0,0,0,0,0,0,0,0,0,0,0,0,0
12876,"Vacaria - Vila Cruzeiro - Complexo da Penha, Rio de Janeiro - RJ, Brasil",Sudeste,Rio de Janeiro,Rio de Janeiro,PENHA,,VILA CRUZEIRO (COMPLEXO DA PENHA),-22.8493749000,-43.2901175000,"06/04/2018, 14:41:00",false,false,,Não identificado,,,false,0,0,0,0,0,0,0,0,0,0,0,0,0,0
12879,"Morro da Formiga - Tijuca, Rio de Janeiro - RJ, 20530-003, Brasil",Sudeste,Rio de Janeiro,Rio de Janeiro,TIJUCA,,MORRO DA FORMIGA,-22.9441667000,-43.2408333000,"06/04/2018, 17:45:00",true,true,N�o identificado,Ação policial,,,false,0,0,0,0,0,0,0,0,0,0,0,0,0,0
12881,"Av. Chrisóstomo Pimentel de Oliveira, Rio de Janeiro - RJ, Brasil",Sudeste,Rio de Janeiro,Rio de Janeiro,ANCHIETA,,MORRO DO HIMALAIA (COMPLEXO DO CHAPADAO),-22.8171290000,-43.3893677000,"06/04/2018, 18:00:00",false,false,,Não identificado,,,false,0,0,0,0,0,0,0,0,0,0,0,0,0,0
12884,"UPP Adeus Baiana, Complexo do Alemão",Sudeste,Rio de Janeiro,Rio de Janeiro,COMPLEXO DO ALEMAO,,MORRO DO ADEUS (COMPLEXO DO ALEMAO),-22.8650563000,-43.2608932000,"06/04/2018, 18:05:00",true,true,PM,Ação policial,,,false,0,1,0,0,0,0,0,0,0,0,0,0,0,0
12880,"Tv. Boa Esperança - Santa Cruz, Rio de Janeiro - RJ, 23570-300, Brasil",Sudeste,Rio de Janeiro,Rio de Janeiro,SANTA CRUZ,,FAVELA DE ANTARES,-22.9139459000,-43.6725652000,"06/04/2018, 18:06:00",false,false,,Não identificado,,,false,0,0,0,0,0,0,0,0,0,0,0,0,0,0
12888,Vidigal,Sudeste,Rio de Janeiro,Rio de Janeiro,VIDIGAL,,VIDIGAL,-22.9939022000,-43.2358343000,"06/04/2018, 18:16:00",false,false,,Não identificado,,,false,0,0,0,0,0,0,0,0,0,0,0,0,0,0
12896,"R. Jangadeiros, 010 - Ipanema, Rio de Janeiro - RJ, 22420-010, Brasil",Sudeste,Rio de Janeiro,Rio de Janeiro,IPANEMA,,MORRO DO CANTAGALO,-22.9847014000,-43.1968895000,"06/04/2018, 23:50:00",false,false,,Não identificado,,,false,0,0,0,0,0,0,0,0,0,0,0,0,0,0
12895,"Morro do Cantagalo, Ipanema",Sudeste,Rio de Janeiro,Rio de Janeiro,IPANEMA,,MORRO DO CANTAGALO,-22.9813679000,-43.1976017000,"06/04/2018, 23:51:00",false,false,,Não identificado,,,false,0,0,0,0,0,0,0,0,0,0,0,0,0,0
12900,"Cesarão - Santa Cruz, Rio de Janeiro - RJ, 23590-060, Brasil",Sudeste,Rio de Janeiro,Rio de Janeiro,SANTA CRUZ,,CESARAO,-22.9345710000,-43.6653492000,"07/04/2018, 03:00:00",true,true,"DH, CORE, 27 DP, 35 DP",Operação policial,,,true,4,0,0,0,0,0,0,0,0,0,0,0,0,0
12897,"Batô (Bateau Mouche) - Praça Seca, Rio de Janeiro - RJ, 22710-685, Brasil",Sudeste,Rio de Janeiro,Rio de Janeiro,PRACA SECA,,FAVELA BATEAU MOUCHE,-22.9063659000,-43.3526370000,"07/04/2018, 03:40:00",false,false,,Não identificado,,,false,0,0,0,0,0,0,0,0,0,0,0,0,0,0
12898,"Morro da Fé - Vila da Penha, Rio de Janeiro - RJ, Brasil",Sudeste,Rio de Janeiro,Rio de Janeiro,VILA DA PENHA,,MORRO DA FE (COMPLEXO DA PENHA),-22.8440802000,-43.3094623000,"07/04/2018, 05:15:00",false,false,,Não identificado,,,false,0,0,0,0,0,0,0,0,0,0,0,0,0,0
12902,"Av. Prof. Bernardino Rocha, 351-543 - Pavuna, Rio de Janeiro - RJ, 21650-450, Brasil",Sudeste,Rio de Janeiro,Rio de Janeiro,PAVUNA,,FAVELA VILA PRIVILEGIO,-22.8127094000,-43.3714379000,"07/04/2018, 07:34:00",false,false,,Não identificado,,,false,0,0,0,0,0,0,0,0,0,0,0,0,0,0
12909,"Rocinha, Rio de Janeiro - RJ, Brasil",Sudeste,Rio de Janeiro,Rio de Janeiro,ROCINHA,,ROCINHA,-22.9879841000,-43.2479825000,"07/04/2018, 10:19:00",false,false,,Não identificado,,,false,0,0,0,0,0,0,0,0,0,0,0,0,0,0
12907,"Morro da Covanca - Tanque, Rio de Janeiro - RJ, Brasil",Sudeste,Rio de Janeiro,Rio de Janeiro,TANQUE,,MORRO DA COVANCA,-22.9180113000,-43.3610277000,"07/04/2018, 10:33:00",false,false,,Não identificado,,,false,0,0,0,0,0,0,0,0,0,0,0,0,0,0
12910,"Rua Barão - Praça Seca, Rio de Janeiro - RJ, Brasil",Sudeste,Rio de Janeiro,Rio de Janeiro,PRACA SECA,,MORRO SAO JOSE OPERARIO (OU MORRO DA BARAO),-22.8988185000,-43.3521535000,"07/04/2018, 11:14:00",false,false,,Não identificado,,,false,0,0,0,0,0,0,0,0,0,0,0,0,0,0
12912,"Vila Vintém - Padre Miguel, Rio de Janeiro - RJ, 21721-021, Brasil",Sudeste,Rio de Janeiro,Rio de Janeiro,PADRE MIGUEL,,VILA VINTEM,-22.8709633000,-43.4426703000,"07/04/2018, 11:20:00",false,false,,Não identificado,,,false,0,0,0,0,0,0,0,0,0,0,0,0,0,0
12913,"Estr. da Covanca - Tanque, Rio de Janeiro - RJ, Brasil",Sudeste,Rio de Janeiro,Rio de Janeiro,TANQUE,,MORRO DA COVANCA,-22.9148888000,-43.3480613000,"07/04/2018, 12:34:00",false,false,,Não identificado,,,false,0,0,0,0,0,0,0,0,0,0,0,0,0,0
12914,"Morro dos Macacos - Sampaio, Rio de Janeiro - RJ, Brasil",Sudeste,Rio de Janeiro,Rio de Janeiro,SAMPAIO,,MORRO DOS MACACOS,-22.9100000000,-43.2575000000,"07/04/2018, 13:32:00",true,true,N�o identificado,Ação policial,,,false,0,0,0,0,0,0,0,0,0,0,0,0,0,0
12918,"Av. Brasil, Rio de Janeiro - RJ, Brasil",Sudeste,Rio de Janeiro,Rio de Janeiro,DEODORO,,,-22.8528767000,-43.3926893000,"07/04/2018, 16:45:00",false,false,,Não identificado,,,false,0,0,0,0,0,0,0,0,0,0,0,0,0,0
12917,"R. Canitar - Complexo do Alemão, Rio de Janeiro - RJ, Brasil",Sudeste,Rio de Janeiro,Rio de Janeiro,COMPLEXO DO ALEMAO,,MORRO DAS PALMEIRAS (COMPLEXO DO ALEMAO),-22.8603985000,-43.2821082000,"07/04/2018, 17:53:00",false,false,,Não identificado,,,false,0,0,0,0,0,0,0,0,0,0,0,0,0,0
12921,"Morro do Cantagalo - Copacabana, Rio de Janeiro - RJ, Brasil",Sudeste,Rio de Janeiro,Rio de Janeiro,COPACABANA,,MORRO DO CANTAGALO,-22.9783333000,-43.1952778000,"07/04/2018, 18:50:00",false,false,,Não identificado,,,false,0,0,0,0,0,0,0,0,0,0,0,0,0,0
12924,"R. Paim Pamplona - Sampaio, Rio de Janeiro - RJ, Brasil",Sudeste,Rio de Janeiro,Rio de Janeiro,SAMPAIO,,FAVELA DO RATO MOLHADO (OU DOIS DE MAIO),-22.8979691000,-43.2607326000,"07/04/2018, 19:41:00",false,false,,Não identificado,,,false,0,0,0,0,0,0,0,0,0,0,0,0,0,0
12929,"Vila Aliança - Bangu, Rio de Janeiro - RJ, Brasil",Sudeste,Rio de Janeiro,Rio de Janeiro,BANGU,,VILA ALIANCA,-22.8742263000,-43.4685442000,"08/04/2018, 01:53:00",false,false,,Não identificado,,,false,0,0,0,0,0,0,0,0,0,0,0,0,0,0
12930,"Vila aliança - Bangu, Rio de Janeiro - RJ, Brasil",Sudeste,Rio de Janeiro,Rio de Janeiro,BANGU,,VILA ALIANCA,-22.8742263000,-43.4685442000,"08/04/2018, 03:26:00",false,false,,Não identificado,,,false,0,0,0,0,0,0,0,0,0,0,0,0,0,0
12931,"R. André Rocha, Rio de Janeiro - RJ, Brasil",Sudeste,Rio de Janeiro,Rio de Janeiro,TAQUARA,,FAVELA ANDRE ROCHA (OU ESTRELA AZUL),-22.9329880000,-43.3769427000,"08/04/2018, 04:08:00",false,false,,Não identificado,,,false,0,0,0,0,0,0,0,0,0,0,0,0,0,0
12932,"Favela do Rato Molhado - Sampaio, Rio de Janeiro - RJ, Brasil",Sudeste,Rio de Janeiro,Rio de Janeiro,SAMPAIO,,FAVELA DO RATO MOLHADO (OU DOIS DE MAIO),-22.8992775000,-43.2609188000,"08/04/2018, 04:14:00",false,false,,Não identificado,,,false,0,0,0,0,0,0,0,0,0,0,0,0,0,0
13338,"R. Frei Caneca, Rio de Janeiro - RJ, Brasil",Sudeste,Rio de Janeiro,Rio de Janeiro,ESTACIO,,,-22.9142951000,-43.1995500000,"08/04/2018, 05:27:00",false,false,,Não identificado,,,false,0,0,0,0,0,0,0,0,0,0,0,0,0,0
12942,"Largo do Jacaré - Sampaio, Rio de Janeiro - RJ, Brasil",Sudeste,Rio de Janeiro,Rio de Janeiro,SAMPAIO,,FAVELA DO RATO MOLHADO (OU DOIS DE MAIO),-22.8949215000,-43.2621572000,"08/04/2018, 06:00:00",true,true,PM,Ação policial,,,false,1,0,0,0,0,0,0,0,0,0,0,0,0,0
12935,"Rocinha, Rio de Janeiro - RJ, Brasil",Sudeste,Rio de Janeiro,Rio de Janeiro,ROCINHA,,ROCINHA,-22.9879841000,-43.2479825000,"08/04/2018, 07:00:00",false,false,,Não identificado,,,false,0,0,0,0,0,0,0,0,0,0,0,0,0,0
12936,"Estr. da Covanca, 1340 - Tanque, Rio de Janeiro - RJ, 22735-020, Brasil",Sudeste,Rio de Janeiro,Rio de Janeiro,TANQUE,,MORRO DA COVANCA,-22.9149830000,-43.3478500000,"08/04/2018, 09:46:00",false,false,,Não identificado,,,false,0,0,0,0,0,0,0,0,0,0,0,0,0,0
12939,"Morro da Formiga - Tijuca, Rio de Janeiro - RJ, 20530-003, Brasil",Sudeste,Rio de Janeiro,Rio de Janeiro,TIJUCA,,MORRO DA FORMIGA,-22.9441667000,-43.2408333000,"08/04/2018, 14:30:00",false,false,,Não identificado,,,false,0,0,0,0,0,0,0,0,0,0,0,0,0,0
12944,"Morro São João, Engenho Novo",Sudeste,Rio de Janeiro,Rio de Janeiro,ENGENHO NOVO,,MORRO SAO JOAO,-22.9077778000,-43.2616667000,"08/04/2018, 17:38:00",false,false,,Não identificado,,,false,0,0,0,0,0,0,0,0,0,0,0,0,0,0
12945,"R. Vinte e Quatro de Maio, 1352-1498 - Manguinhos, Rio de Janeiro - RJ, Brasil",Sudeste,Rio de Janeiro,Rio de Janeiro,MANGUINHOS,,MANDELA (COMPLEXO DE MANGUINHOS),-22.8819613000,-43.2420610000,"08/04/2018, 17:54:00",false,false,,Não identificado,,,false,0,0,0,0,0,0,0,0,0,0,0,0,0,0
12946,"PPG, Copacabana, Rio de Janeiro - RJ, 22071-060, Brasil",Sudeste,Rio de Janeiro,Rio de Janeiro,COPACABANA,,MORRO DO PAVAO-PAVAOZINHO,-22.9807174000,-43.1928973000,"08/04/2018, 17:56:00",false,false,,Não identificado,,,false,0,0,0,0,0,0,0,0,0,0,0,0,0,0
12947,"42 - R. Eufrásio Corrêa, 32 - Quintino Bocaiuva, Rio de Janeiro - RJ, 21380-150, Brasil",Sudeste,Rio de Janeiro,Rio de Janeiro,QUINTINO BOCAIUVA,,,-22.8852001000,-43.3198218000,"08/04/2018, 18:02:00",false,false,,Não identificado,,,false,0,0,0,0,0,0,0,0,0,0,0,0,0,0
12948,"Morro da Boiúna, Estr. Curumau, Taquara, Rio de Janeiro - RJ, 22723-000, Brasil",Sudeste,Rio de Janeiro,Rio de Janeiro,TAQUARA,,,-22.9134653000,-43.4010774000,"08/04/2018, 18:24:00",false,false,,Homicidio/Tentativa,,Presença de político,false,1,0,0,0,0,0,0,0,0,0,0,0,0,0
12949,"22733-120 - R. Alm. Melquíades de Souza, 1043-1245 - Tanque, Rio de Janeiro - RJ, 22733-120, Brasil",Sudeste,Rio de Janeiro,Rio de Janeiro,PRACA SECA,,FAVELA BATEAU MOUCHE,-22.9048084000,-43.3550791000,"08/04/2018, 18:34:00",false,false,,Não identificado,,,false,0,0,0,0,0,0,0,0,0,0,0,0,0,0
12950,"Av. Rainha Elisabeth - Copacabana, Rio de Janeiro - RJ, Brasil",Sudeste,Rio de Janeiro,Rio de Janeiro,COPACABANA,,,-22.9856502000,-43.1934324000,"08/04/2018, 20:20:00",false,false,,Não identificado,,,false,0,0,0,0,0,0,0,0,0,0,0,0,0,0
12951,"Vidigal, Rio de Janeiro - RJ, Brasil",Sudeste,Rio de Janeiro,Rio de Janeiro,VIDIGAL,,VIDIGAL,-22.9939022000,-43.2358343000,"08/04/2018, 20:42:00",false,false,,Não identificado,,,false,0,0,0,0,0,0,0,0,0,0,0,0,0,0
12954,"Vila kennedy, Rio de Janeiro - RJ, 21850-000, Brasil",Sudeste,Rio de Janeiro,Rio de Janeiro,VILA KENNEDY,,VILA KENNEDY,-22.8581095000,-43.4875308000,"08/04/2018, 21:50:00",false,false,,Não identificado,,,false,0,0,0,0,0,0,0,0,0,0,0,0,0,0
12955,"Vila kennedy, Rio de Janeiro - RJ, 21850-000, Brasil",Sudeste,Rio de Janeiro,Rio de Janeiro,VILA KENNEDY,,VILA KENNEDY,-22.8581095000,-43.4875308000,"08/04/2018, 21:51:00",false,false,,Não identificado,,,false,0,0,0,0,0,0,0,0,0,0,0,0,0,0
12956,"R. Tapajós - Madureira, Rio de Janeiro - RJ, 21360-140, Brasil",Sudeste,Rio de Janeiro,Rio de Janeiro,MADUREIRA,,MORRO DO CAJUEIRO (COMPLEXO DO CAJUEIRO),-22.8663854000,-43.3355672000,"08/04/2018, 21:55:00",false,false,,Não identificado,,,false,0,0,0,0,0,0,0,0,0,0,0,0,0,0
12960,"Rua Maria Luiza, 44 - Lins de Vasconcelos, Rio de Janeiro - RJ, 20725-100, Brasil",Sudeste,Rio de Janeiro,Rio de Janeiro,LINS DE VASCONCELOS,,MORRO DO GAMBA (COMPLEXO DO LINS),-22.9138060000,-43.2847780000,"09/04/2018, 02:29:00",false,false,,Não identificado,,,false,0,0,0,0,0,0,0,0,0,0,0,0,0,0
12966,"Complexo do Lins -  Maria Luiza - Lins de Vasconcelos, Rio de Janeiro - RJ, Brasil",Sudeste,Rio de Janeiro,Rio de Janeiro,LINS DE VASCONCELOS,,MORRO DO GAMBA (COMPLEXO DO LINS),-22.9138889000,-43.2847512000,"09/04/2018, 04:45:00",false,false,,Não identificado,,,false,0,0,0,0,0,0,0,0,0,0,0,0,0,0
12976,"Complexo do Lins - Lins de Vasconcelos, Rio de Janeiro - RJ, 20725-140, Brasil",Sudeste,Rio de Janeiro,Rio de Janeiro,LINS DE VASCONCELOS,,COMPLEXO DO LINS,-22.9147620000,-43.2850690000,"09/04/2018, 06:00:00",true,true,PM,Operação policial,,,false,0,1,0,0,0,0,0,0,0,0,0,0,0,0
12969,"Morro da Serrinha - Madureira, Rio de Janeiro - RJ, Brasil",Sudeste,Rio de Janeiro,Rio de Janeiro,MADUREIRA,,MORRO DA SERRINHA (COMPLEXO DA SERRINHA),-22.8641667000,-43.3238889000,"09/04/2018, 06:12:00",false,false,,Não identificado,,,false,0,0,0,0,0,0,0,0,0,0,0,0,0,0
12971,"R. 2 - Rocinha, Rio de Janeiro - RJ, Brasil",Sudeste,Rio de Janeiro,Rio de Janeiro,ROCINHA,,ROCINHA,-22.9895932000,-43.2464165000,"09/04/2018, 06:50:00",false,false,,Não identificado,,,false,0,0,0,0,0,0,0,0,0,0,0,0,0,0
12973,"R. Sanatório, Rio de Janeiro - RJ, Brasil",Sudeste,Rio de Janeiro,Rio de Janeiro,MADUREIRA,,,-22.8766704000,-43.3311838000,"09/04/2018, 07:54:00",false,false,,Não identificado,,,false,0,0,0,0,0,0,0,0,0,0,0,0,0,0
12981,"Rua Riacho Dôce - Oswaldo Cruz, Rio de Janeiro - RJ, Brasil",Sudeste,Rio de Janeiro,Rio de Janeiro,OSVALDO CRUZ,,,-22.8720057000,-43.3554032000,"09/04/2018, 09:00:00",true,true,N�o identificado,Operação policial,,,false,0,1,0,0,0,0,0,0,0,0,0,0,0,0
12977,"Morro da Serrinha - Madureira, Rio de Janeiro - RJ, Brasil",Sudeste,Rio de Janeiro,Rio de Janeiro,VAZ LOBO,,MORRO DA SERRINHA (COMPLEXO DA SERRINHA),-22.8641667000,-43.3238889000,"09/04/2018, 09:35:00",true,true,N�o identificado,Operação policial,,,false,0,1,0,0,0,0,0,0,0,0,0,0,0,0
12979,"R. Oliva Maia - Madureira, Rio de Janeiro - RJ, 21370-030, Brasil",Sudeste,Rio de Janeiro,Rio de Janeiro,MADUREIRA,,MORRO DO SAO JOSE (COMPLEXO DA SERRINHA),-22.8737530000,-43.3337525000,"09/04/2018, 10:45:00",false,false,,Não identificado,,,false,0,0,0,0,0,0,0,0,0,0,0,0,0,0
12984,"Condomínio do Edifício Saint Roman - R. Saint Roman, 56 - Copacabana, Rio de Janeiro - RJ, 22071-060, Brasil",Sudeste,Rio de Janeiro,Rio de Janeiro,COPACABANA,,MORRO DO PAVAO-PAVAOZINHO,-22.9807020000,-43.1932059000,"09/04/2018, 16:20:00",false,false,,Não identificado,,,false,0,0,0,0,0,0,0,0,0,0,0,0,0,0
12989,"R. Retiro dos Artistas, Rio de Janeiro - RJ, Brasil",Sudeste,Rio de Janeiro,Rio de Janeiro,PECHINCHA,,,-22.9336611000,-43.3576922000,"09/04/2018, 17:27:00",false,false,,Não identificado,,,false,0,0,0,0,0,0,0,0,0,0,0,0,0,0
12990,"Vila Vintém - Padre Miguel, Rio de Janeiro - RJ, 21721-021, Brasil",Sudeste,Rio de Janeiro,Rio de Janeiro,PADRE MIGUEL,,VILA VINTEM,-22.8709633000,-43.4426703000,"09/04/2018, 18:56:00",false,false,,Não identificado,,,false,0,0,0,0,0,0,0,0,0,0,0,0,0,0
12992,"R. Alm. Melquíades de Souza - Tanque, Rio de Janeiro - RJ, Brasil",Sudeste,Rio de Janeiro,Rio de Janeiro,PRACA SECA,,FAVELA BATEAU MOUCHE,-22.9097179000,-43.3568943000,"09/04/2018, 20:06:00",false,false,,Não identificado,,,false,0,0,0,0,0,0,0,0,0,0,0,0,0,0
12993,"Vigário Geral, Rio de Janeiro - RJ, Brasil",Sudeste,Rio de Janeiro,Rio de Janeiro,VIGARIO GERAL,,,-22.8094553000,-43.3089519000,"10/04/2018, 03:51:00",false,false,,Não identificado,,,false,0,0,0,0,0,0,0,0,0,0,0,0,0,0
12994,"Av. João Ribeiro, 500 - Pilares, Rio de Janeiro - RJ, 20750-090, Brasil",Sudeste,Rio de Janeiro,Rio de Janeiro,PILARES,,,-22.8715097000,-43.2989091000,"10/04/2018, 03:54:00",false,false,,Não identificado,,,false,0,0,0,0,0,0,0,0,0,0,0,0,0,0
12995,"Vicente de Carvalho, Rio de Janeiro - RJ, Brasil",Sudeste,Rio de Janeiro,Rio de Janeiro,VICENTE DE CARVALHO,,,-22.8558216000,-43.3157850000,"10/04/2018, 04:08:00",false,false,,Não identificado,,,false,0,0,0,0,0,0,0,0,0,0,0,0,0,0
13002,"R. Vila Nova Ac Comendador Guerra, 253 - Pavuna, Rio de Janeiro - RJ, 21520-211, Brasil",Sudeste,Rio de Janeiro,Rio de Janeiro,PAVUNA,,FAVELA VILA PRIVILEGIO,-22.8125350000,-43.3712290000,"10/04/2018, 07:48:00",false,false,,Não identificado,,,false,0,0,0,0,0,0,0,0,0,0,0,0,0,0
13004,"Pedreira - Costa Barros, Rio de Janeiro - RJ, Brasil",Sudeste,Rio de Janeiro,Rio de Janeiro,COSTA BARROS,,COMPLEXO DA PEDREIRA,-22.8246493000,-43.3727275000,"10/04/2018, 08:02:00",false,false,,Não identificado,,,false,0,0,0,0,0,0,0,0,0,0,0,0,0,0
13009,"Rocinha, Rio de Janeiro - RJ, Brasil",Sudeste,Rio de Janeiro,Rio de Janeiro,ROCINHA,,ROCINHA,-22.9879841000,-43.2479825000,"10/04/2018, 12:07:00",false,false,,Não identificado,,,false,0,0,0,0,0,0,0,0,0,0,0,0,0,0
13011,"Vila Vintém - Padre Miguel, Rio de Janeiro - RJ, 21721-021, Brasil",Sudeste,Rio de Janeiro,Rio de Janeiro,PADRE MIGUEL,,VILA VINTEM,-22.8709633000,-43.4426703000,"10/04/2018, 13:00:00",false,false,,Não identificado,,,false,0,0,0,0,0,0,0,0,0,0,0,0,0,0
13010,"Rua Barão - Praça Seca, Rio de Janeiro - RJ, Brasil",Sudeste,Rio de Janeiro,Rio de Janeiro,PRACA SECA,,MORRO SAO JOSE OPERARIO (OU MORRO DA BARAO),-22.8988185000,-43.3521535000,"10/04/2018, 13:19:00",false,false,,Não identificado,,,false,0,0,0,0,0,0,0,0,0,0,0,0,0,0
13013,"R. Artur Magioli - Tauá, Rio de Janeiro - RJ, 21921-330, Brasil",Sudeste,Rio de Janeiro,Rio de Janeiro,TAUA,,MORRO DO DENDE,-22.8038005000,-43.1883130000,"10/04/2018, 13:20:00",true,true,N�o identificado,Ação policial,,,false,0,0,0,0,0,0,0,0,0,0,0,0,0,0
13012,"R. Catalpa - Jardim Carioca, Rio de Janeiro - RJ, Brasil",Sudeste,Rio de Janeiro,Rio de Janeiro,JARDIM CARIOCA,,MORRO DO DENDE,-22.8041565000,-43.1910817000,"10/04/2018, 13:35:00",false,false,,Não identificado,,,false,0,0,0,0,0,0,0,0,0,0,0,0,0,0
13015,"Váz Lobo, Rio de Janeiro - RJ, 21360-202, Brasil",Sudeste,Rio de Janeiro,Rio de Janeiro,VAZ LOBO,,,-22.8564869000,-43.3281976000,"10/04/2018, 14:00:00",false,false,,Não identificado,,,false,0,0,0,0,0,0,0,0,0,0,0,0,0,0
13018,"Travessa Santa Edwiges - Vila Valqueire, Rio de Janeiro - RJ, Brasil",Sudeste,Rio de Janeiro,Rio de Janeiro,VILA VALQUEIRE,,FAVELA MORRO DO COQUEIRO,-22.8888521000,-43.3579710000,"10/04/2018, 16:34:00",false,false,,Não identificado,,,false,0,0,0,0,0,0,0,0,0,0,0,0,0,0
13019,"Praça Miguel Osório - Recreio dos Bandeirantes, Rio de Janeiro - RJ, Brasil",Sudeste,Rio de Janeiro,Rio de Janeiro,RECREIO DOS BANDEIRANTES,,,-23.0130359000,-43.4510538000,"10/04/2018, 16:55:00",false,true,,Homicidio/Tentativa,,,false,0,0,1,1,0,0,0,0,0,0,0,0,0,0
13021,"AP - Cidade de Deus, Rio de Janeiro - RJ, Brasil",Sudeste,Rio de Janeiro,Rio de Janeiro,CIDADE DE DEUS,,CIDADE DE DEUS,-22.9481688000,-43.3626721000,"10/04/2018, 18:30:00",false,false,,Não identificado,,,false,0,0,0,0,0,0,0,0,0,0,0,0,0,0
13023,"R. Mupia - Irajá, Rio de Janeiro - RJ, Brasil",Sudeste,Rio de Janeiro,Rio de Janeiro,IRAJA,,VILA RANGEL,-22.8477154000,-43.3176152000,"10/04/2018, 18:30:00",false,false,,Não identificado,,,false,0,0,0,0,0,0,0,0,0,0,0,0,0,0
13028,"Rua 25 - Vidigal, Rio de Janeiro - RJ, Brasil",Sudeste,Rio de Janeiro,Rio de Janeiro,VIDIGAL,,VIDIGAL,-22.9939022000,-43.2358343000,"10/04/2018, 19:50:00",false,false,,Não identificado,,,false,0,0,0,0,0,0,0,0,0,0,0,0,0,0
13029,"Morro do Andarai - Andarai, Rio de Janeiro - RJ, 20531-490, Brasil",Sudeste,Rio de Janeiro,Rio de Janeiro,ANDARAI,,MORRO DO ANDARAI,-22.9352778000,-43.2563889000,"10/04/2018, 20:15:00",false,false,,Não identificado,,,false,0,0,0,0,0,0,0,0,0,0,0,0,0,0
13074,"Rua do Governo - Realengo, Rio de Janeiro - RJ, Brasil",Sudeste,Rio de Janeiro,Rio de Janeiro,REALENGO,,,-22.8941028000,-43.4419729000,"10/04/2018, 21:00:00",false,false,,Não identificado,,,false,0,0,0,0,0,0,0,0,0,0,0,0,0,0
13031,"Complexo da Maré - Parque União - Bonsucesso, Rio de Janeiro - RJ, Brasil",Sudeste,Rio de Janeiro,Rio de Janeiro,MARE,,PARQUE UNIAO (COMPLEXO DA MARE),-22.8506675000,-43.2428797000,"10/04/2018, 21:15:00",false,false,,Não identificado,,,false,0,0,0,0,0,0,0,0,0,0,0,0,0,0
13057,"R. Ten. Costa, 202 - Meier, Rio de Janeiro - RJ, 20775-080, Brasil",Sudeste,Rio de Janeiro,Rio de Janeiro,MEIER,,,-22.8957568000,-43.2770232000,"11/04/2018, 03:20:00",false,false,,Arrastão,,,false,0,1,0,0,0,0,0,0,0,0,0,0,0,0
13081,"Parque Royal - Ilha do Governador, Rio de Janeiro - RJ, Brasil",Sudeste,Rio de Janeiro,Rio de Janeiro,PORTUGUESA,,PARQUE ROYAL,-22.8052385000,-43.2086085000,"11/04/2018, 03:50:00",false,false,,Não identificado,,,false,0,0,0,0,0,0,0,0,0,0,0,0,0,0
13051,"Morro do Chapéu Mangueira - R. Dom Hélder de Barros Câmara - Leme, Rio de Janeiro - RJ, 22010-020, Brasil",Sudeste,Rio de Janeiro,Rio de Janeiro,LEME,,CHAPEU-MANGUEIRA,-22.9602998000,-43.1678134000,"11/04/2018, 05:00:00",true,true,N�o identificado,Ação policial,,,false,0,0,0,0,0,0,0,0,0,0,0,0,0,0
13099,"Av. Brasil - São Cristóvão, Rio de Janeiro - RJ, Brasil",Sudeste,Rio de Janeiro,Rio de Janeiro,SAO CRISTOVAO,,,-22.8978831000,-43.2118811000,"11/04/2018, 05:30:00",false,true,,Tentativa/Roubo,,,false,0,0,0,1,0,0,0,0,0,0,0,0,0,0
13034,"Jacarezinho, Rio de Janeiro - RJ, Brasil",Sudeste,Rio de Janeiro,Rio de Janeiro,JACAREZINHO,,JACAREZINHO,-22.8875573000,-43.2581953000,"11/04/2018, 05:45:00",true,true,N�o identificado,Operação policial,,,false,0,1,0,0,0,0,0,0,0,0,0,0,0,0
13035,"R. Saint Roman - Copacabana, Rio de Janeiro - RJ, Brasil",Sudeste,Rio de Janeiro,Rio de Janeiro,COPACABANA,,MORRO DO PAVAO-PAVAOZINHO,-22.9810425000,-43.1940799000,"11/04/2018, 06:21:00",false,false,,Não identificado,,,false,0,0,0,0,0,0,0,0,0,0,0,0,0,0
13037,"R. Saint Roman - Copacabana, Rio de Janeiro - RJ, Brasil",Sudeste,Rio de Janeiro,Rio de Janeiro,COPACABANA,,MORRO DO PAVAO-PAVAOZINHO,-22.9810425000,-43.1940799000,"11/04/2018, 06:27:00",false,false,,Não identificado,,,false,0,0,0,0,0,0,0,0,0,0,0,0,0,0
13039,"R. São Miguel, 366-382 - Tijuca, Rio de Janeiro - RJ, 20530-001, Brasil",Sudeste,Rio de Janeiro,Rio de Janeiro,TIJUCA,,MORRO DO BOREL,-22.9395041000,-43.2515359000,"11/04/2018, 06:45:00",false,false,,Não identificado,,,false,0,0,0,0,0,0,0,0,0,0,0,0,0,0
13045,"Tv. Amaro Rangel - Jacarezinho, Rio de Janeiro - RJ, Brasil",Sudeste,Rio de Janeiro,Rio de Janeiro,JACAREZINHO,,JACAREZINHO,-22.8857328000,-43.2571767000,"11/04/2018, 08:01:00",false,false,,Não identificado,,,false,0,0,0,0,0,0,0,0,0,0,0,0,0,0
13052,"Del Castilho, Rio de Janeiro - RJ, Brasil",Sudeste,Rio de Janeiro,Rio de Janeiro,DEL CASTILHO,,,-22.8803653000,-43.2690045000,"11/04/2018, 11:03:00",true,true,N�o identificado,Ação policial,,,false,1,0,0,0,0,0,0,0,0,0,0,0,0,0
13054,"R. Paraná, 15 - Vigário Geral",Sudeste,Rio de Janeiro,Rio de Janeiro,VIGARIO GERAL,,FURQUIM MENDES,-22.8053648000,-43.3166137000,"11/04/2018, 11:29:00",false,false,,Não identificado,,,false,0,0,0,0,0,0,0,0,0,0,0,0,0,0
13059,"Coreia - Manguinhos - Rio de Janeiro - RJ, 23094-110, Brasil",Sudeste,Rio de Janeiro,Rio de Janeiro,MANGUINHOS,,COREIA (COMPLEXO DE MANGUINHOS),-22.8825460000,-43.2465920000,"11/04/2018, 14:20:00",false,false,,Não identificado,,,false,0,0,0,0,0,0,0,0,0,0,0,0,0,0
13066,Rua Luiz Coutinho Guadalupe,Sudeste,Rio de Janeiro,Rio de Janeiro,GUADALUPE,,FAVELA DO MUQUICO,-22.8476282000,-43.3726076000,"11/04/2018, 14:50:00",false,false,,Não identificado,,,false,0,1,0,0,0,0,0,0,0,0,0,0,0,0
13063,"Terreirão, Rocinha",Sudeste,Rio de Janeiro,Rio de Janeiro,ROCINHA,,ROCINHA,-22.9880890000,-43.2409286000,"11/04/2018, 17:57:00",false,false,,Não identificado,,,false,0,0,0,0,0,0,0,0,0,0,0,0,0,0
13064,"Av. Pastor Martin Luther King Junior, 207 - Inhauma, Rio de Janeiro - RJ, 20765-630, Brasil",Sudeste,Rio de Janeiro,Rio de Janeiro,INHAUMA,,FAVELA DO FURAO,-22.8319195000,-43.3428414000,"11/04/2018, 18:05:00",true,true,N�o identificado,Ação policial,,,false,0,0,0,0,0,0,0,0,0,0,0,0,0,0
13076,"Madureira, Rio de Janeiro - RJ, Brasil",Sudeste,Rio de Janeiro,Rio de Janeiro,MADUREIRA,,MORRO DO SAO JOSE (COMPLEXO DA SERRINHA),-22.8725334000,-43.3363639000,"11/04/2018, 21:49:00",false,false,,Não identificado,,,false,0,0,0,0,0,0,0,0,0,0,0,0,0,0
13092,"Casinhas - Complexo do Alemão, Rio de Janeiro - RJ, Brasil",Sudeste,Rio de Janeiro,Rio de Janeiro,COMPLEXO DO ALEMAO,,CASINHAS (COMPLEXO DO ALEMAO),-22.8593331000,-43.2754759000,"12/04/2018, 03:00:00",true,true,PM,Operação policial,,,false,0,0,0,0,0,0,0,0,0,0,0,0,0,0
13077,"Água Santa, Rio de Janeiro - RJ, Brasil",Sudeste,Rio de Janeiro,Rio de Janeiro,AGUA SANTA,,,-22.9052068000,-43.3072301000,"12/04/2018, 03:10:00",false,false,,Não identificado,,,false,0,0,0,0,0,0,0,0,0,0,0,0,0,0
13078,"R. Jorge Maurício Chometon, 26 - Piedade, Rio de Janeiro - RJ, 20740-400, Brasil",Sudeste,Rio de Janeiro,Rio de Janeiro,PIEDADE,,MORRO DO 18 (COMPLEXO DO 18),-22.9012338000,-43.3137689000,"12/04/2018, 03:32:00",false,false,,Não identificado,,,false,0,0,0,0,0,0,0,0,0,0,0,0,0,0
13079,"Casinhas - Complexo do Alemão, Rio de Janeiro - RJ, Brasil",Sudeste,Rio de Janeiro,Rio de Janeiro,COMPLEXO DO ALEMAO,,CASINHAS (COMPLEXO DO ALEMAO),-22.8593331000,-43.2754759000,"12/04/2018, 03:40:00",false,false,,Não identificado,,Tiroteio contínuo,false,0,0,0,0,0,0,0,0,0,0,0,0,0,0
13083,"Morro Sao Joao - Sampaio, Rio de Janeiro - RJ, Brasil",Sudeste,Rio de Janeiro,Rio de Janeiro,SAMPAIO,,MORRO SAO JOAO,-22.9077778000,-43.2616667000,"12/04/2018, 04:34:00",false,false,,Não identificado,,,false,0,0,0,0,0,0,0,0,0,0,0,0,0,0
13086,"Casinhas e Nova Brasilia - Complexo do Alemão, Rio de Janeiro - RJ, Brasil",Sudeste,Rio de Janeiro,Rio de Janeiro,COMPLEXO DO ALEMAO,,NOVA BRASILIA (COMPLEXO DO ALEMAO),-22.8593331000,-43.2754759000,"12/04/2018, 04:40:00",false,false,,Não identificado,,,false,0,0,0,0,0,0,0,0,0,0,0,0,0,0
13085,"R. Lemos Brito - Quintino Bocaiuva, Rio de Janeiro - RJ, 21311-380, Brasil",Sudeste,Rio de Janeiro,Rio de Janeiro,QUINTINO BOCAIUVA,,FAVELA LEMOS DE BRITO (COMPLEXO DO 18),-22.8959671000,-43.3253079000,"12/04/2018, 04:42:00",false,false,,Não identificado,,,false,0,0,0,0,0,0,0,0,0,0,0,0,0,0
13088,"R. Lemos Brito - Quintino Bocaiuva, Rio de Janeiro - RJ, 21311-380, Brasil",Sudeste,Rio de Janeiro,Rio de Janeiro,QUINTINO BOCAIUVA,,FAVELA LEMOS DE BRITO (COMPLEXO DO 18),-22.8959671000,-43.3253079000,"12/04/2018, 05:31:00",false,false,,Não identificado,,,false,0,0,0,0,0,0,0,0,0,0,0,0,0,0
13093,"R. Canitar - Complexo do Alemão, Rio de Janeiro - RJ, Brasil",Sudeste,Rio de Janeiro,Rio de Janeiro,COMPLEXO DO ALEMAO,,RELICARIO E MATINHA (COMPLEXO DO ALEMAO),-22.8602971000,-43.2814254000,"12/04/2018, 06:01:00",false,false,,Não identificado,,,false,0,0,0,0,0,0,0,0,0,0,0,0,0,0
13111,"R. Vaz Lôbo - Vicente de Carvalho, Rio de Janeiro - RJ, Brasil",Sudeste,Rio de Janeiro,Rio de Janeiro,VICENTE DE CARVALHO,,MORRO DA FAZENDA (COMPLEXO DA SERRINHA),-22.8594494000,-43.3210550000,"12/04/2018, 09:30:00",false,false,,Homicidio/Tentativa,,,false,2,0,0,0,0,0,0,0,0,0,0,0,0,0
13100,"R. Canitar - Inhauma, Rio de Janeiro - RJ, Brasil",Sudeste,Rio de Janeiro,Rio de Janeiro,COMPLEXO DO ALEMAO,,MORRO DAS PALMEIRAS (COMPLEXO DO ALEMAO),-22.8632547000,-43.2857130000,"12/04/2018, 09:31:00",false,false,,Não identificado,,,false,0,0,0,0,0,0,0,0,0,0,0,0,0,0
13102,"R. Vaz Lôbo - Váz Lobo, Rio de Janeiro - RJ, Brasil",Sudeste,Rio de Janeiro,Rio de Janeiro,VAZ LOBO,,MORRO DA FAZENDA (COMPLEXO DA SERRINHA),-22.8597006000,-43.3246027000,"12/04/2018, 10:03:00",false,false,,Não identificado,,,false,0,0,0,0,0,0,0,0,0,0,0,0,0,0
13101,"R. Vaz Lôbo - Váz Lobo, Rio de Janeiro - RJ, Brasil",Sudeste,Rio de Janeiro,Rio de Janeiro,VAZ LOBO,,MORRO DA FAZENDA (COMPLEXO DA SERRINHA),-22.8597006000,-43.3246027000,"12/04/2018, 10:03:00",false,false,,Não identificado,,,false,0,0,0,0,0,0,0,0,0,0,0,0,0,0
13103,"R. Irmã Zélia - Vicente de Carvalho, Rio de Janeiro - RJ, Brasil",Sudeste,Rio de Janeiro,Rio de Janeiro,VICENTE DE CARVALHO,,,-22.8554329000,-43.3219394000,"12/04/2018, 10:22:00",false,false,,Homicidio/Tentativa,,,false,1,0,0,0,0,0,0,0,0,0,0,0,0,0
13136,"Praça Saenz Peña, 45 - Tijuca, Rio de Janeiro - RJ, 20520-090, Brasil",Sudeste,Rio de Janeiro,Rio de Janeiro,TIJUCA,,,-22.9248642000,-43.2321513000,"12/04/2018, 13:00:00",true,true,N�o identificado,Ação policial,,Shopping,false,0,1,0,0,0,0,0,0,0,0,0,0,0,0
13105,"Rua Rubéns Vaz, Complexo da Maré",Sudeste,Rio de Janeiro,Rio de Janeiro,MARE,,NOVA HOLANDA (COMPLEXO DA MARE),-22.8529160000,-43.2430051000,"12/04/2018, 13:40:00",false,false,,Não identificado,,,false,0,0,0,0,0,0,0,0,0,0,0,0,0,0
13106,"Av. Prof. Bernardino Rocha, 351-543 - Pavuna, Rio de Janeiro - RJ, 21650-450, Brasil",Sudeste,Rio de Janeiro,Rio de Janeiro,PAVUNA,,FAVELA VILA PRIVILEGIO,-22.8136091000,-43.3709210000,"12/04/2018, 13:55:00",false,false,,Não identificado,,,false,0,0,0,0,0,0,0,0,0,0,0,0,0,0
13107,"Cidade de Deus, Rio de Janeiro - RJ, Brasil",Sudeste,Rio de Janeiro,Rio de Janeiro,CIDADE DE DEUS,,CIDADE DE DEUS,-22.9481688000,-43.3626721000,"12/04/2018, 16:12:00",false,false,,Não identificado,,,false,0,0,0,0,0,0,0,0,0,0,0,0,0,0
13138,"Av. Otávio Malta - Anil, Rio de Janeiro - RJ, Brasil",Sudeste,Rio de Janeiro,Rio de Janeiro,ANIL,,,-22.9586935000,-43.3431108000,"12/04/2018, 18:30:00",false,false,,Homicidio/Tentativa,,,false,1,0,0,0,0,0,0,0,0,0,0,0,0,0
13114,"Cascadura, Rio de Janeiro - RJ, 20541-140, Brasil",Sudeste,Rio de Janeiro,Rio de Janeiro,CASCADURA,,,-22.8821616000,-43.3418796000,"13/04/2018, 00:15:00",false,false,,Não identificado,,,false,0,0,0,0,0,0,0,0,0,0,0,0,0,0
13117,"Nova Holanda - Maré, Rio de Janeiro - RJ, Brasil",Sudeste,Rio de Janeiro,Rio de Janeiro,MARE,,NOVA HOLANDA (COMPLEXO DA MARE),-22.8574971000,-43.2430137000,"13/04/2018, 02:20:00",false,false,,Não identificado,,,false,0,0,0,0,0,0,0,0,0,0,0,0,0,0
13125,"Av. Francisco Bicalho - Santo Cristo, Rio de Janeiro - RJ, Brasil",Sudeste,Rio de Janeiro,Rio de Janeiro,SANTO CRISTO,,,-22.8987338000,-43.2102590000,"13/04/2018, 04:30:00",true,true,N�o identificado,Tentativa/Roubo,,,false,0,1,0,0,0,0,0,0,0,0,0,0,0,0
13486,"Jacaré, Rio de Janeiro - RJ, Brasil",Sudeste,Rio de Janeiro,Rio de Janeiro,JACARE,,,-22.8923272000,-43.2581953000,"13/04/2018, 04:45:00",false,false,,Não identificado,,,false,0,0,0,0,0,0,0,0,0,0,0,0,0,0
13120,"15- Cidade de Deus, Rio de Janeiro - RJ, Brasil",Sudeste,Rio de Janeiro,Rio de Janeiro,CIDADE DE DEUS,,CIDADE DE DEUS,-22.9481688000,-43.3626721000,"13/04/2018, 04:45:00",false,false,,Não identificado,,,false,0,0,0,0,0,0,0,0,0,0,0,0,0,0
13122,"R. Viêira de Araújo - Realengo, Rio de Janeiro - RJ, Brasil",Sudeste,Rio de Janeiro,Rio de Janeiro,REALENGO,,FAVELA DO ALMIRANTE,-22.8921253000,-43.4277953000,"13/04/2018, 06:00:00",false,false,,Não identificado,,,false,0,0,0,0,0,0,0,0,0,0,0,0,0,0
13131,"Cidade de Deus, Rio de Janeiro - RJ, Brasil",Sudeste,Rio de Janeiro,Rio de Janeiro,CIDADE DE DEUS,,CIDADE DE DEUS,-22.9481688000,-43.3626721000,"13/04/2018, 11:24:00",false,false,,Não identificado,,,false,0,0,0,0,0,0,0,0,0,0,0,0,0,0
13132,"Morro do Cantagalo - Copacabana, Rio de Janeiro - RJ, Brasil",Sudeste,Rio de Janeiro,Rio de Janeiro,COPACABANA,,MORRO DO CANTAGALO,-22.9783333000,-43.1952778000,"13/04/2018, 11:59:00",false,false,,Não identificado,,,false,0,0,0,0,0,0,0,0,0,0,0,0,0,0
13133,"Morro do Pavao - Copacabana, Rio de Janeiro - RJ, 22071-060, Brasil",Sudeste,Rio de Janeiro,Rio de Janeiro,COPACABANA,,MORRO DO PAVAO-PAVAOZINHO,-22.9811111000,-43.1975000000,"13/04/2018, 12:05:00",false,false,,Não identificado,,,false,0,0,0,0,0,0,0,0,0,0,0,0,0,0
13134,"Morro do Pavao - Copacabana, Rio de Janeiro - RJ, 22071-060, Brasil",Sudeste,Rio de Janeiro,Rio de Janeiro,COPACABANA,,MORRO DO PAVAO-PAVAOZINHO,-22.9811111000,-43.1975000000,"13/04/2018, 13:07:00",false,false,,Não identificado,,,false,0,0,0,0,0,0,0,0,0,0,0,0,0,0
13140,"R. Saint Roman - Copacabana, Rio de Janeiro - RJ, Brasil",Sudeste,Rio de Janeiro,Rio de Janeiro,COPACABANA,,MORRO DO PAVAO-PAVAOZINHO,-22.9810425000,-43.1940799000,"13/04/2018, 15:37:00",false,false,,Não identificado,,,false,0,0,0,0,0,0,0,0,0,0,0,0,0,0
13148,"Morro do Cantagalo - Copacabana, Rio de Janeiro - RJ, Brasil",Sudeste,Rio de Janeiro,Rio de Janeiro,COPACABANA,,MORRO DO CANTAGALO,-22.9783333000,-43.1952778000,"13/04/2018, 17:02:00",false,false,,Não identificado,,,false,0,0,0,0,0,0,0,0,0,0,0,0,0,0
13149,Pavão Pavaozinho,Sudeste,Rio de Janeiro,Rio de Janeiro,IPANEMA,,MORRO DO PAVAO-PAVAOZINHO,-22.9805210000,-43.1978813000,"13/04/2018, 17:03:00",false,false,,Não identificado,,,false,0,0,0,0,0,0,0,0,0,0,0,0,0,0
13143,"Vila Kennedy -R. Congo - Bangu, Rio de Janeiro - RJ, Brasil",Sudeste,Rio de Janeiro,Rio de Janeiro,VILA KENNEDY,,VILA KENNEDY,-22.8621466000,-43.4907856000,"13/04/2018, 18:48:00",true,true,N�o identificado,Ação policial,,,false,0,0,0,0,0,0,0,0,0,0,0,0,0,0
13153,"Rua 62 - Santa Cruz, Rio de Janeiro - RJ, 23591-060, Brasil",Sudeste,Rio de Janeiro,Rio de Janeiro,SANTA CRUZ,,NOVA SEPETIBA,-22.9573798000,-43.6799487000,"13/04/2018, 21:40:00",false,false,,Não identificado,,,false,0,0,0,0,0,0,0,0,0,0,0,0,0,0
13154,"R. Panorama, 9 - Freguesia (Jacarepaguá), Rio de Janeiro - RJ, 22763-250, Brasil",Sudeste,Rio de Janeiro,Rio de Janeiro,FREGUESIA (JACAREPAGUA),,BAIRRO ARAUJO,-22.9473726000,-43.3583815000,"13/04/2018, 22:30:00",false,false,,Não identificado,,,false,0,0,0,0,0,0,0,0,0,0,0,0,0,0
13155,"R. Aurélio Valporto, 213 - Mal. Hermes, Rio de Janeiro - RJ, 21555-560, Brasil",Sudeste,Rio de Janeiro,Rio de Janeiro,MARECHAL HERMES,,,-22.8552300000,-43.3707440000,"14/04/2018, 03:58:00",false,false,,Não identificado,,,false,0,0,0,0,0,0,0,0,0,0,0,0,0,0
13165,"Antares - Santa Cruz, Rio de Janeiro - RJ, 23590-580, Brasil",Sudeste,Rio de Janeiro,Rio de Janeiro,SANTA CRUZ,,FAVELA DE ANTARES,-22.9211135000,-43.6584775000,"14/04/2018, 07:51:00",false,false,,Não identificado,,,false,0,0,0,0,0,0,0,0,0,0,0,0,0,0
13221,"R. Itaeté - Colégio, Rio de Janeiro - RJ, Brasil",Sudeste,Rio de Janeiro,Rio de Janeiro,COLEGIO,,,-22.8463576000,-43.3407408000,"14/04/2018, 12:00:00",false,false,,Homicidio/Tentativa,,Bar,false,1,0,0,0,0,0,0,0,0,0,0,0,0,0
13169,Paulo de Frontin,Sudeste,Rio de Janeiro,Rio de Janeiro,RIO COMPRIDO,,,-22.9284720000,-43.2082240000,"14/04/2018, 15:05:00",true,true,N�o identificado,Ação policial,,,false,0,0,0,0,0,0,0,0,0,0,0,0,0,0
13171,"Praça Seca, Rio de Janeiro - RJ, 21320-060, Brasil",Sudeste,Rio de Janeiro,Rio de Janeiro,PRACA SECA,,,-22.9008595000,-43.3546326000,"14/04/2018, 17:28:00",false,false,,Não identificado,,,false,0,0,0,0,0,0,0,0,0,0,0,0,0,0
13172,"Rua Major Mascarenhas, Todos os Santos",Sudeste,Rio de Janeiro,Rio de Janeiro,TODOS OS SANTOS,,,-22.8890040000,-43.2853101000,"14/04/2018, 17:43:00",false,false,,Não identificado,,,false,0,0,0,0,0,0,0,0,0,0,0,0,0,0
13173,"Av. Antares - Santa Cruz, Rio de Janeiro - RJ, Brasil",Sudeste,Rio de Janeiro,Rio de Janeiro,SANTA CRUZ,,FAVELA DE ANTARES,-22.9217436000,-43.6637652000,"14/04/2018, 20:48:00",true,true,N�o identificado,Ação policial,,,false,0,0,0,0,0,0,0,0,0,0,0,0,0,0
13175,"Deodoro, Rio de Janeiro - RJ, Brasil",Sudeste,Rio de Janeiro,Rio de Janeiro,DEODORO,,,-22.8564826000,-43.3849845000,"15/04/2018, 01:36:00",false,false,,Não identificado,,,false,0,0,0,0,0,0,0,0,0,0,0,0,0,0
13220,"Batô (Bateau Mouche) - Praça Seca, Rio de Janeiro - RJ, 22733-010, Brasil",Sudeste,Rio de Janeiro,Rio de Janeiro,PRACA SECA,,FAVELA BATEAU MOUCHE,-22.9051605000,-43.3510143000,"15/04/2018, 04:00:00",true,true,PM,Operação policial,,,false,2,2,0,0,0,0,0,0,0,0,0,0,0,0
13176,"R. Cento e Oitenta e Dois - Praça Seca, Rio de Janeiro - RJ, Brasil",Sudeste,Rio de Janeiro,Rio de Janeiro,PRACA SECA,,,-22.9077642000,-43.3542096000,"15/04/2018, 05:06:00",true,true,N�o identificado,Ação policial,,,false,0,0,0,0,0,0,0,0,0,0,0,0,0,0
13177,"Salgueiro - Tijuca, Rio de Janeiro - RJ, Brasil",Sudeste,Rio de Janeiro,Rio de Janeiro,TIJUCA,,MORRO DO SALGUEIRO,-22.9264633000,-43.2268100000,"15/04/2018, 05:28:00",true,true,UPP (Salgueiro),Ação policial,,,false,0,0,0,0,0,0,0,0,0,0,0,0,0,0
13178,"R. Moacir de Almeida, 279 - Tomás Coelho, Rio de Janeiro - RJ, 20750-340, Brasil",Sudeste,Rio de Janeiro,Rio de Janeiro,TOMAS COELHO,,FAVELA BRACO DE JUDAS,-22.8694000000,-43.3059860000,"15/04/2018, 06:35:00",false,false,,Não identificado,,,false,0,0,0,0,0,0,0,0,0,0,0,0,0,0
13179,"Morro do Sao Jose - Praça Seca, Rio de Janeiro - RJ, Brasil",Sudeste,Rio de Janeiro,Rio de Janeiro,PRACA SECA,,MORRO SAO JOSE OPERARIO (OU MORRO DA BARAO),-22.9069444000,-43.3408333000,"15/04/2018, 07:31:00",false,false,,Não identificado,,,false,0,0,0,0,0,0,0,0,0,0,0,0,0,0
13181,"Morro da Barão - Praça Seca, Rio de Janeiro - RJ, Brasil",Sudeste,Rio de Janeiro,Rio de Janeiro,PRACA SECA,,MORRO SAO JOSE OPERARIO (OU MORRO DA BARAO),-22.8969198000,-43.3516802000,"15/04/2018, 09:27:00",false,false,,Não identificado,,,false,0,0,0,0,0,0,0,0,0,0,0,0,0,0
13183,"R. Viêira de Araújo - Realengo, Rio de Janeiro - RJ, Brasil",Sudeste,Rio de Janeiro,Rio de Janeiro,REALENGO,,FAVELA DO ALMIRANTE,-22.8921253000,-43.4277953000,"15/04/2018, 11:20:00",false,false,,Não identificado,,,false,0,0,0,0,0,0,0,0,0,0,0,0,0,0
13188,"R. Croácia - Bangu, Rio de Janeiro - RJ, Brasil",Sudeste,Rio de Janeiro,Rio de Janeiro,SENADOR CAMARA,,FAVELA SELVA DE PEDRA (COMPLEXO DA COREIA DE SENADOR CAMARA),-22.8773427000,-43.4939687000,"15/04/2018, 15:48:00",false,false,,Não identificado,,,false,0,0,0,0,0,0,0,0,0,0,0,0,0,0
13189,"Valão, Vila Kennedy",Sudeste,Rio de Janeiro,Rio de Janeiro,VILA KENNEDY,,VILA KENNEDY,-22.8601458000,-43.4845577000,"15/04/2018, 17:40:00",false,false,,Não identificado,,,false,0,0,0,0,0,0,0,0,0,0,0,0,0,0
13195,"R. Marquês de Jacarepaguá, Rio de Janeiro - RJ, Brasil",Sudeste,Rio de Janeiro,Rio de Janeiro,TAQUARA,,,-22.9255472000,-43.3650259000,"15/04/2018, 18:50:00",false,false,,Não identificado,,,false,0,0,0,0,0,0,0,0,0,0,0,0,0,0
13197,"R. Antônio Parreiras - Ipanema, Rio de Janeiro - RJ, 22411-010, Brasil",Sudeste,Rio de Janeiro,Rio de Janeiro,IPANEMA,,MORRO DO CANTAGALO,-22.9836256000,-43.1957233000,"15/04/2018, 19:18:00",false,false,,Não identificado,,,false,0,0,0,0,0,0,0,0,0,0,0,0,0,0
13200,"R. dos Biólogos - Taquara, Rio de Janeiro - RJ, Brasil",Sudeste,Rio de Janeiro,Rio de Janeiro,TAQUARA,,,-22.9110645000,-43.3935142000,"15/04/2018, 20:07:00",false,false,,Não identificado,,,false,0,0,0,0,0,0,0,0,0,0,0,0,0,0
13205,"R. Felipe Cardoso, 540 - Santa Cruz, Rio de Janeiro - RJ, 23515-000, Brasil",Sudeste,Rio de Janeiro,Rio de Janeiro,SANTA CRUZ,,,-22.9208455000,-43.6815883000,"15/04/2018, 21:16:00",false,false,,Não identificado,,,false,0,0,0,0,0,0,0,0,0,0,0,0,0,0
13206,"R. Liberato Bittencourt, 305 - Realengo, Rio de Janeiro - RJ, 21735-120, Brasil",Sudeste,Rio de Janeiro,Rio de Janeiro,REALENGO,,,-22.8680640000,-43.4201790000,"15/04/2018, 22:50:00",false,false,,Não identificado,,,false,0,0,0,0,0,0,0,0,0,0,0,0,0,0
13209,"Av. Ernani Cardoso, 94 - Cascadura, Rio de Janeiro - RJ, 21310-310, Brasil",Sudeste,Rio de Janeiro,Rio de Janeiro,CASCADURA,,,-22.8817765000,-43.3318165000,"16/04/2018, 01:30:00",false,false,,Não identificado,,,false,0,0,0,0,0,0,0,0,0,0,0,0,0,0
13208,"Madureira, Rio de Janeiro - RJ, Brasil",Sudeste,Rio de Janeiro,Rio de Janeiro,MADUREIRA,,MORRO DA SERRINHA (COMPLEXO DA SERRINHA),-22.8725334000,-43.3363639000,"16/04/2018, 01:58:00",false,false,,Não identificado,,,false,0,0,0,0,0,0,0,0,0,0,0,0,0,0
13211,"Morro do Fubá - R. João Romeiro - Cascadura, Rio de Janeiro - RJ, Brasil",Sudeste,Rio de Janeiro,Rio de Janeiro,CASCADURA,,MORRO DO CAMPINHO (COMPLEXO DO FUBA),-22.8841490000,-43.3347257000,"16/04/2018, 02:54:00",false,false,,Disputa,,,false,2,0,0,0,0,0,0,0,0,0,0,0,0,0
13219,"R. Vinte e Quatro de Maio - Meier, Rio de Janeiro - RJ, Brasil",Sudeste,Rio de Janeiro,Rio de Janeiro,MEIER,,,-22.9038599000,-43.2761229000,"16/04/2018, 03:00:00",false,true,,Tentativa/Roubo,,,false,1,0,0,1,0,0,0,0,0,0,0,0,0,0
13245,"Morro da Babilônia - Leme, Rio de Janeiro - RJ, 22010-011, Brasil",Sudeste,Rio de Janeiro,Rio de Janeiro,LEME,,BABILONIA,-22.9574170000,-43.1690850000,"16/04/2018, 03:22:00",true,true,UPP (Babil�nia/Chap�u Mangueira),Ação policial,,,false,0,0,0,0,0,0,0,0,0,0,0,0,0,0
13213,"Vila Aliança - Bangu, Rio de Janeiro - RJ, 21842-360, Brasil",Sudeste,Rio de Janeiro,Rio de Janeiro,BANGU,,VILA ALIANCA,-22.8703855000,-43.4798073000,"16/04/2018, 03:51:00",false,false,,Não identificado,,,false,0,0,0,0,0,0,0,0,0,0,0,0,0,0
13226,"14 - Vidigal, Rio de Janeiro - RJ, Brasil",Sudeste,Rio de Janeiro,Rio de Janeiro,VIDIGAL,,VIDIGAL,-22.9939022000,-43.2358343000,"16/04/2018, 13:26:00",false,false,,Não identificado,,,false,0,0,0,0,0,0,0,0,0,0,0,0,0,0
13265,"Av. Mariana - Campo Grande, Rio de Janeiro - RJ, Brasil",Sudeste,Rio de Janeiro,Rio de Janeiro,CAMPO GRANDE,,VILA SANTA RITA,-22.9112299000,-43.5409251000,"16/04/2018, 17:00:00",false,false,,Tentativa/Roubo,,,false,0,1,0,0,0,0,0,0,0,0,0,0,0,0
13231,"R. Gen. Azeredo, 20-32 - Realengo, Rio de Janeiro - RJ, Brasil",Sudeste,Rio de Janeiro,Rio de Janeiro,REALENGO,,,-22.8840764000,-43.4317234000,"16/04/2018, 19:13:00",false,false,,Não identificado,,,false,0,0,0,0,0,0,0,0,0,0,0,0,0,0
13234,"Morro do Barbante - Ilha do Governador - Galeão, Rio de Janeiro - RJ, 21941-642, Brasil",Sudeste,Rio de Janeiro,Rio de Janeiro,GALEAO,,MORRO DO BARBANTE (OU VILA JOANIZA),-22.8134407000,-43.2297496000,"16/04/2018, 20:25:00",false,false,,Não identificado,,,false,0,0,0,0,0,0,0,0,0,0,0,0,0,0
13235,"Turiaçu, Rio de Janeiro - RJ, Brasil",Sudeste,Rio de Janeiro,Rio de Janeiro,TURIACU,,,-22.8613816000,-43.3437682000,"16/04/2018, 20:49:00",false,false,,Não identificado,,,false,0,0,0,0,0,0,0,0,0,0,0,0,0,0
13242,"R. Saçu - Quintino Bocaiuva, Rio de Janeiro - RJ, 20740-480, Brasil",Sudeste,Rio de Janeiro,Rio de Janeiro,QUINTINO BOCAIUVA,,MORRO DO SACU (COMPLEXO DO 18),-22.8960059000,-43.3212701000,"17/04/2018, 04:25:00",false,false,,Não identificado,,,false,0,0,0,0,0,0,0,0,0,0,0,0,0,0
13266,"Igrejinha - Morro São João, Engenho Novo, Rio de Janeiro",Sudeste,Rio de Janeiro,Rio de Janeiro,SAMPAIO,,MORRO SAO JOAO,-22.9077778000,-43.2616667000,"17/04/2018, 04:41:00",true,true,N�o identificado,Ação policial,,,false,0,0,0,0,0,0,0,0,0,0,0,0,0,0
13263,"R. Cap. Félix, 110 - Benfica, Rio de Janeiro - RJ, 20920-310, Brasil",Sudeste,Rio de Janeiro,Rio de Janeiro,BENFICA,,,-22.8947480000,-43.2366140000,"17/04/2018, 06:00:00",true,true,N�o identificado,Tentativa/Roubo,,,false,0,0,0,0,0,0,0,0,0,0,0,0,0,0
13247,"R. um - Rocinha, Rio de Janeiro - RJ, Brasil",Sudeste,Rio de Janeiro,Rio de Janeiro,ROCINHA,,ROCINHA,-22.9899417000,-43.2451481000,"17/04/2018, 07:20:00",true,true,N�o identificado,Operação policial,,,false,0,0,0,0,0,0,0,0,0,0,0,0,0,0
13264,"R. São Joaquim - Cachambi, Rio de Janeiro - RJ, 20785-030, Brasil",Sudeste,Rio de Janeiro,Rio de Janeiro,CACHAMBI,,,-22.8878439000,-43.2712413000,"17/04/2018, 07:35:00",false,true,,Arrastão,,,false,1,0,0,0,0,0,0,0,0,0,0,0,0,0
13253,"R. 2 - Rocinha, Rio de Janeiro - RJ, Brasil",Sudeste,Rio de Janeiro,Rio de Janeiro,ROCINHA,,ROCINHA,-22.9895932000,-43.2464165000,"17/04/2018, 08:46:00",true,true,N�o identificado,Ação policial,,,false,0,0,0,0,0,0,0,0,0,0,0,0,0,0
13254,"Cachambi, Rio de Janeiro - RJ, Brasil",Sudeste,Rio de Janeiro,Rio de Janeiro,CACHAMBI,,,-22.8899874000,-43.2736259000,"17/04/2018, 09:42:00",false,false,,Não identificado,,,false,0,0,0,0,0,0,0,0,0,0,0,0,0,0
13256,"R. Carlos da Silva Costa, 141 - Campo Grande, Rio de Janeiro - RJ, 23050-230, Brasil",Sudeste,Rio de Janeiro,Rio de Janeiro,CAMPO GRANDE,,,-22.9045269000,-43.5647350000,"17/04/2018, 13:14:00",false,true,,Tentativa/Roubo,,,false,0,0,0,1,0,0,0,0,0,0,0,0,0,0
13261,"R. Cisplatina - Irajá, Rio de Janeiro - RJ, 21235-070, Brasil",Sudeste,Rio de Janeiro,Rio de Janeiro,IRAJA,,VILA SANTA CECILIA,-22.8461974000,-43.3249234000,"17/04/2018, 16:48:00",false,true,,Tentativa/Roubo,,,false,1,1,0,1,0,0,0,0,0,0,0,0,0,0
13262,"Av. Marrocos - Vila Kennedy - Rio de Janeiro - RJ, 21852-590, Brasil",Sudeste,Rio de Janeiro,Rio de Janeiro,VILA KENNEDY,,VILA KENNEDY,-22.8620990000,-43.4911520000,"17/04/2018, 17:04:00",false,false,,Não identificado,,,false,0,0,0,0,0,0,0,0,0,0,0,0,0,0
13268,"Obrigado Meu Deus, Costa Barros, Rio de Janeiro - RJ, Brasil",Sudeste,Rio de Janeiro,Rio de Janeiro,PAVUNA,,FAVELINHA OBRIGADO MEU DEUS,-22.8129041000,-43.3685338000,"17/04/2018, 17:22:00",true,true,N�o identificado,Ação policial,,,false,0,0,0,0,0,0,0,0,0,0,0,0,0,0
13271,"Estrela Dalva, Santa Cruz, Rio de Janeiro-RJ",Sudeste,Rio de Janeiro,Rio de Janeiro,SANTA CRUZ,,JARDIM ESTRELA DALVA,-22.9095501000,-43.6701636000,"17/04/2018, 19:06:00",false,false,,Não identificado,,,false,0,0,0,0,0,0,0,0,0,0,0,0,0,0
13277,"Vila Vintém, Realengo, Rio de Janeiro-RJ",Sudeste,Rio de Janeiro,Rio de Janeiro,PADRE MIGUEL,,VILA VINTEM,-22.8709633000,-43.4426703000,"17/04/2018, 20:37:00",false,false,,Não identificado,,,false,0,0,0,0,0,0,0,0,0,0,0,0,0,0
13280,"Morro do Adeus, Complexo do Alemão, Rio de Janeiro-RJ",Sudeste,Rio de Janeiro,Rio de Janeiro,COMPLEXO DO ALEMAO,,MORRO DO ADEUS (COMPLEXO DO ALEMAO),-22.8654866000,-43.2619815000,"17/04/2018, 21:16:00",false,false,,Não identificado,,,false,0,0,0,0,0,0,0,0,0,0,0,0,0,0
13292,"Favela Kelsons, Maré, Rio de Janeiro - RJ, 21011-804, Brasil",Sudeste,Rio de Janeiro,Rio de Janeiro,PENHA CIRCULAR,,FAVELA DA KELSONS,-22.8198140000,-43.2717699000,"18/04/2018, 05:20:00",false,false,,Não identificado,,,false,0,0,0,0,0,0,0,0,0,0,0,0,0,0
13285,"Metral, Vila Kennedy - Bangu, Rio de Janeiro - RJ, 21852-310, Brasil",Sudeste,Rio de Janeiro,Rio de Janeiro,VILA KENNEDY,,VILA KENNEDY,-22.8552005000,-43.4940944000,"18/04/2018, 06:08:00",false,false,,Não identificado,,,false,0,0,0,0,0,0,0,0,0,0,0,0,0,0
13288,"Grota - Complexo do Alemão, Rio de Janeiro - RJ, Brasil",Sudeste,Rio de Janeiro,Rio de Janeiro,COMPLEXO DO ALEMAO,,GROTA (COMPLEXO DO ALEMAO),-22.8608162000,-43.2741950000,"18/04/2018, 06:59:00",false,false,,Não identificado,,,false,0,0,0,0,0,0,0,0,0,0,0,0,0,0
13287,"Cohab - Realengo, Rio de Janeiro - RJ, 21775-000, Brasil",Sudeste,Rio de Janeiro,Rio de Janeiro,REALENGO,,COHAB DE REALENGO,-22.8833990000,-43.4263468000,"18/04/2018, 07:00:00",false,false,,Não identificado,,,false,0,0,0,0,0,0,0,0,0,0,0,0,0,0
13289,"Loteamento - Complexo do Alemão, Rio de Janeiro - RJ, Brasil",Sudeste,Rio de Janeiro,Rio de Janeiro,COMPLEXO DO ALEMAO,,GROTA (COMPLEXO DO ALEMAO),-22.8593331000,-43.2754759000,"18/04/2018, 07:56:00",false,false,,Não identificado,,,false,0,0,0,0,0,0,0,0,0,0,0,0,0,0
13290,"Nova Brasília - Complexo do Alemão, Rio de Janeiro - RJ, Brasil",Sudeste,Rio de Janeiro,Rio de Janeiro,COMPLEXO DO ALEMAO,,NOVA BRASILIA (COMPLEXO DO ALEMAO),-22.8593331000,-43.2754759000,"18/04/2018, 07:59:00",true,true,UPP (Complexo do Alem�o),Ação policial,,,false,0,0,0,0,0,0,0,0,0,0,0,0,0,0
13291,"Rocinha, Rio de Janeiro - RJ, 22451-264, Brasil",Sudeste,Rio de Janeiro,Rio de Janeiro,ROCINHA,,ROCINHA,-22.9888345000,-43.2536134000,"18/04/2018, 08:37:00",false,false,,Não identificado,,,false,0,0,0,0,0,0,0,0,0,0,0,0,0,0
13298,"R. Taquaruçu - Ricardo de Albuquerque, Rio de Janeiro - RJ, 21620-580, Brasil",Sudeste,Rio de Janeiro,Rio de Janeiro,RICARDO DE ALBUQUERQUE,,,-22.8418759000,-43.4052971000,"18/04/2018, 10:26:00",false,false,,Não identificado,,,false,0,0,0,0,0,0,0,0,0,0,0,0,0,0
13299,"Morro do Urubu - Abolição, Rio de Janeiro - RJ, 20751-340, Brasil",Sudeste,Rio de Janeiro,Rio de Janeiro,ABOLICAO,,MORRO DO URUBU (COMPLEXO DO URUBU),-22.8796259000,-43.3033969000,"18/04/2018, 10:54:00",false,false,,Não identificado,,,false,0,0,0,0,0,0,0,0,0,0,0,0,0,0
13306,"Rua Conde de Bonfim, 604 - Tijuca, Rio de Janeiro - RJ, 20520-053, Brasil",Sudeste,Rio de Janeiro,Rio de Janeiro,TIJUCA,,,-22.9304912000,-43.2383859000,"18/04/2018, 13:30:00",false,false,,Tentativa/Roubo,,,false,1,1,0,0,0,0,0,0,0,0,0,0,1,0
13305,"Morro dos Macacos - Sampaio, Rio de Janeiro - RJ, Brasil",Sudeste,Rio de Janeiro,Rio de Janeiro,SAMPAIO,,MORRO DOS MACACOS,-22.9100000000,-43.2575000000,"18/04/2018, 13:42:00",false,false,,Não identificado,,,false,0,0,0,0,0,0,0,0,0,0,0,0,0,0
13310,"VIla Verde, Rocinha, Rio de Janeiro - RJ, 22451-264, Brasil",Sudeste,Rio de Janeiro,Rio de Janeiro,ROCINHA,,ROCINHA,-22.9888345000,-43.2536134000,"18/04/2018, 15:33:00",false,false,,Não identificado,,,false,0,0,0,0,0,0,0,0,0,0,0,0,0,0
13314,"Av. Brasil, Vila Kennedy - Bangu, Rio de Janeiro - RJ, 21852-002, Brasil",Sudeste,Rio de Janeiro,Rio de Janeiro,VILA KENNEDY,,VILA KENNEDY,-22.8554710000,-43.4888150000,"18/04/2018, 17:52:00",true,true,N�o identificado,Ação policial,,Perseguição,false,0,0,0,1,0,0,0,0,0,0,0,0,0,0
13318,"Capitão Menezes - Praça Seca, Rio de Janeiro - RJ, Brasil",Sudeste,Rio de Janeiro,Rio de Janeiro,PRACA SECA,,MORRO DO MENEZES (COMPLEXO DO FUBA),-22.8922993000,-43.3483030000,"18/04/2018, 19:01:00",false,false,,Não identificado,,,false,0,0,0,0,0,0,0,0,0,0,0,0,0,0
13323,"Morro do Campinho, Cascadura",Sudeste,Rio de Janeiro,Rio de Janeiro,CASCADURA,,MORRO DO CAMPINHO (COMPLEXO DO FUBA),-22.8888889000,-43.3394444000,"18/04/2018, 19:55:00",false,false,,Não identificado,,,false,0,0,0,0,0,0,0,0,0,0,0,0,0,0
13324,"R. Viêira de Araújo - Realengo, Rio de Janeiro - RJ, Brasil",Sudeste,Rio de Janeiro,Rio de Janeiro,REALENGO,,FAVELA DO ALMIRANTE,-22.8921253000,-43.4277953000,"19/04/2018, 02:47:00",false,false,,Não identificado,,,false,0,0,0,0,0,0,0,0,0,0,0,0,0,0
13326,"R. Nossa Sra. das Graças, 40 - Pitangueiras, Rio de Janeiro - RJ, 21932-160, Brasil",Sudeste,Rio de Janeiro,Rio de Janeiro,PITANGUEIRAS,,MORRO DO BOOGIE WOOGIE,-22.8172484000,-43.1834131000,"19/04/2018, 03:24:00",false,false,,Não identificado,,,false,0,0,0,0,0,0,0,0,0,0,0,0,0,0
13334,"Morro dos Macacos - Vila Isabel, Rio de Janeiro - RJ, Brasil",Sudeste,Rio de Janeiro,Rio de Janeiro,SAMPAIO,,MORRO DOS MACACOS,-22.9100000000,-43.2575000000,"19/04/2018, 05:03:00",true,true,N�o identificado,Ação policial,,,false,0,0,0,0,0,0,0,0,0,0,0,0,0,0
13335,"R. Itapiru, 687 - Rio Comprido, Rio de Janeiro - RJ, 20251-031, Brasil",Sudeste,Rio de Janeiro,Rio de Janeiro,CATUMBI,,,-22.9232717000,-43.1975558000,"19/04/2018, 05:20:00",true,true,N�o identificado,Ação policial,,,false,0,0,0,0,0,0,0,0,0,0,0,0,0,0
13353,"Fallet, Santa Teresa",Sudeste,Rio de Janeiro,Rio de Janeiro,SANTA TERESA,,FALLET/FOGUETEIRO,-22.9266315000,-43.1963660000,"19/04/2018, 05:30:00",false,false,,Não identificado,,,false,0,1,0,0,0,0,0,0,0,0,0,0,0,0
13337,"Complexo do Alemão, Rio de Janeiro - RJ, Brasil",Sudeste,Rio de Janeiro,Rio de Janeiro,COMPLEXO DO ALEMAO,,COMPLEXO DO ALEMAO,-22.8654866000,-43.2619815000,"19/04/2018, 05:39:00",false,false,,Não identificado,,,false,0,0,0,0,0,0,0,0,0,0,0,0,0,0
13339,"Cesário - Rocinha, Rio de Janeiro - RJ, Brasil",Sudeste,Rio de Janeiro,Rio de Janeiro,ROCINHA,,ROCINHA,-22.9874491000,-43.2430246000,"19/04/2018, 06:04:00",true,true,N�o identificado,Ação policial,,,false,0,0,0,0,0,0,0,0,0,0,0,0,0,0
13350,"Estrada da Covanca, Tanque",Sudeste,Rio de Janeiro,Rio de Janeiro,TANQUE,,MORRO DA COVANCA,-22.9148657000,-43.3481755000,"19/04/2018, 09:34:00",false,false,,Não identificado,,,false,0,0,0,0,0,0,0,0,0,0,0,0,0,0
13355,"Morro do Divino, Campinho, Rio de Janeiro - RJ, Brasil",Sudeste,Rio de Janeiro,Rio de Janeiro,CAMPINHO,,FAVELA MORRO DO DIVINO,-22.8856237000,-43.3481044000,"19/04/2018, 11:15:00",false,false,,Não identificado,,,false,0,0,0,0,0,0,0,0,0,0,0,0,0,0
13356,"R. Conselheiro Barros, 2-28 - Rio Comprido, Rio de Janeiro - RJ, 20261-070, Brasil",Sudeste,Rio de Janeiro,Rio de Janeiro,RIO COMPRIDO,,,-22.9221707000,-43.2128253000,"19/04/2018, 11:42:00",true,true,N�o identificado,Ação policial,,,false,0,0,0,0,0,0,0,0,0,0,0,0,0,0
13357,"R. Dias Viêira - Praça Seca, Rio de Janeiro - RJ, 21320-110, Brasil",Sudeste,Rio de Janeiro,Rio de Janeiro,PRACA SECA,,,-22.8923752000,-43.3458739000,"19/04/2018, 13:26:00",false,false,,Não identificado,,,false,0,0,0,0,0,0,0,0,0,0,0,0,0,0
13358,"Sapo - Vila kennedy, Rio de Janeiro - RJ, 21850-000, Brasil",Sudeste,Rio de Janeiro,Rio de Janeiro,VILA KENNEDY,,VILA KENNEDY,-22.8581095000,-43.4875308000,"19/04/2018, 15:41:00",true,true,N�o identificado,Ação policial,,,false,0,0,0,0,0,0,0,0,0,0,0,0,0,0
13361,"Mal. Hermes, Rio de Janeiro - RJ, 21331-260, Brasil",Sudeste,Rio de Janeiro,Rio de Janeiro,MARECHAL HERMES,,,-22.8607222000,-43.3709490000,"19/04/2018, 16:54:00",false,false,,Não identificado,,,false,0,0,0,0,0,0,0,0,0,0,0,0,0,0
13363,"Chacrinha, Praça Seca, Rio de Janeiro - RJ, 22733-040, Brasil",Sudeste,Rio de Janeiro,Rio de Janeiro,PRACA SECA,,FAVELA DA CHACRINHA,-22.9017281000,-43.3612149000,"19/04/2018, 18:24:00",false,false,,Não identificado,,,false,0,0,0,0,0,0,0,0,0,0,0,0,0,0
13364,"Leme, Rio de Janeiro - RJ, 22010-010, Brasil",Sudeste,Rio de Janeiro,Rio de Janeiro,LEME,,,-22.9628938000,-43.1703578000,"19/04/2018, 19:22:00",false,false,,Não identificado,,,false,0,0,0,0,0,0,0,0,0,0,0,0,0,0
13365,"Estr. de Urucânia, Rio de Janeiro - RJ, Brasil",Sudeste,Rio de Janeiro,Rio de Janeiro,PACIENCIA,,,-22.9184258000,-43.6446916000,"19/04/2018, 19:50:00",false,false,,Não identificado,,,false,0,0,0,0,0,0,0,0,0,0,0,0,0,0
13368,"Malvinas, Vila Kennedy, Rio de Janeiro - RJ, 21850-240, Brasil",Sudeste,Rio de Janeiro,Rio de Janeiro,VILA KENNEDY,,VILA KENNEDY,-22.8610928000,-43.4854820000,"19/04/2018, 20:29:00",false,false,,Não identificado,,,false,0,0,0,0,0,0,0,0,0,0,0,0,0,0
13369,"R. Taquaruçu - Ricardo de Albuquerque, Rio de Janeiro - RJ, 21620-580, Brasil",Sudeste,Rio de Janeiro,Rio de Janeiro,RICARDO DE ALBUQUERQUE,,,-22.8418759000,-43.4052971000,"19/04/2018, 20:35:00",false,false,,Não identificado,,,false,0,0,0,0,0,0,0,0,0,0,0,0,0,0
13370,"R. Dr. Bernardino - Praça Seca, Rio de Janeiro - RJ, Brasil",Sudeste,Rio de Janeiro,Rio de Janeiro,PRACA SECA,,MORRO SAO JOSE OPERARIO (OU MORRO DA BARAO),-22.8976790000,-43.3464154000,"19/04/2018, 20:48:00",false,false,,Não identificado,,,false,0,0,0,0,0,0,0,0,0,0,0,0,0,0
13371,"R. Gomes Serpa - Piedade, Rio de Janeiro - RJ, Brasil",Sudeste,Rio de Janeiro,Rio de Janeiro,PIEDADE,,,-22.8902896000,-43.3131394000,"19/04/2018, 21:02:00",false,false,,Não identificado,,,false,0,0,0,0,0,0,0,0,0,0,0,0,0,0
13374,"Jardim Novo, Realengo, Rio de Janeiro-RJ, Brasil",Sudeste,Rio de Janeiro,Rio de Janeiro,REALENGO,,,-22.8848915000,-43.4069996000,"19/04/2018, 21:18:00",false,false,,Não identificado,,,false,0,0,0,0,0,0,0,0,0,0,0,0,0,0
13375,"Av. Pirpirituba, 228 - Realengo, Rio de Janeiro - RJ, 21760-240, Brasil",Sudeste,Rio de Janeiro,Rio de Janeiro,REALENGO,,COMUNIDADE COSME E DAMIAO,-22.8924322000,-43.4176858000,"19/04/2018, 21:27:00",false,false,,Não identificado,,,false,0,0,0,0,0,0,0,0,0,0,0,0,0,0
13379,vila alianca rua progresso,Sudeste,Rio de Janeiro,Rio de Janeiro,BANGU,,VILA ALIANCA,-22.8703855000,-43.4798073000,"19/04/2018, 22:40:00",false,false,,Não identificado,,,false,0,0,0,0,0,0,0,0,0,0,0,0,0,0
13395,"AutoEstrada Grajaú - Jacarepaguá, 2161-2213 - Engenho Novo, Rio de Janeiro - RJ, 20715-191, Brasil",Sudeste,Rio de Janeiro,Rio de Janeiro,ENGENHO NOVO,,MORRO DA CACHOEIRINHA (COMPLEXO DO LINS),-22.9168066000,-43.2815172000,"20/04/2018, 03:00:00",false,false,,Tentativa/Roubo,,,false,0,0,0,0,0,0,0,0,0,0,0,0,0,0
13388,"Chácara - Morro do Fogueterio - Rio Comprido, Rio de Janeiro - RJ, 20241-263, Brasil",Sudeste,Rio de Janeiro,Rio de Janeiro,RIO COMPRIDO,,FALLET/FOGUETEIRO,-22.9277778000,-43.1991667000,"20/04/2018, 05:35:00",false,false,,Não identificado,,,false,0,0,0,0,0,0,0,0,0,0,0,0,0,0
13390,"Jardim do Amanhã - Cidade de Deus, Rio de Janeiro - RJ, Brasil",Sudeste,Rio de Janeiro,Rio de Janeiro,CIDADE DE DEUS,,CIDADE DE DEUS,-22.9481688000,-43.3626721000,"20/04/2018, 06:47:00",false,false,,Não identificado,,,false,0,0,0,0,0,0,0,0,0,0,0,0,0,0
13394,"Estr. do Gabinal, Rio de Janeiro - RJ, Brasil",Sudeste,Rio de Janeiro,Rio de Janeiro,FREGUESIA (JACAREPAGUA),,,-22.9475947000,-43.3478453000,"20/04/2018, 07:22:00",false,false,,Não identificado,,,false,0,0,0,0,0,0,0,0,0,0,0,0,0,0
13399,"R. Cap. Menezes - Praça Seca, Rio de Janeiro - RJ, Brasil",Sudeste,Rio de Janeiro,Rio de Janeiro,PRACA SECA,,MORRO DO MENEZES (COMPLEXO DO FUBA),-22.8922993000,-43.3483030000,"20/04/2018, 08:11:00",false,false,,Não identificado,,,false,0,0,0,0,0,0,0,0,0,0,0,0,0,0
13401,"Complexo do Alemão, Rio de Janeiro - RJ, Brasil",Sudeste,Rio de Janeiro,Rio de Janeiro,COMPLEXO DO ALEMAO,,COMPLEXO DO ALEMAO,-22.8654866000,-43.2619815000,"20/04/2018, 11:58:00",false,false,,Não identificado,,,false,0,0,0,0,0,0,0,0,0,0,0,0,0,0
13402,"Clínica da Família, Vila Kennedy, Rio de Janeiro - RJ, 21850-007",Sudeste,Rio de Janeiro,Rio de Janeiro,VILA KENNEDY,,VILA KENNEDY,-22.8588961000,-43.4870104000,"20/04/2018, 12:26:00",false,false,,Não identificado,,,false,0,0,0,0,0,0,0,0,0,0,0,0,0,0
13403,"R. Voluntários da Pátria, Rio de Janeiro - RJ, Brasil",Sudeste,Rio de Janeiro,Rio de Janeiro,BOTAFOGO,,,-22.9533247000,-43.1897981000,"20/04/2018, 13:00:00",false,false,,Tentativa/Roubo,,,false,0,2,0,0,0,0,0,0,0,0,0,0,0,0
13406,"Rua Almirante Cóchrane, 146 - Tijuca, Rio de Janeiro - RJ, 20550-040, Brasil",Sudeste,Rio de Janeiro,Rio de Janeiro,TIJUCA,,,-22.9205090000,-43.2281165000,"20/04/2018, 14:44:00",false,false,,Não identificado,,,false,0,0,0,0,0,0,0,0,0,0,0,0,0,0
13409,"Tangará e 69 - Cidade de Deus, Rio de Janeiro - RJ, 22775-710, Brasil",Sudeste,Rio de Janeiro,Rio de Janeiro,CIDADE DE DEUS,,CIDADE DE DEUS,-22.9433510000,-43.3700870000,"20/04/2018, 15:43:00",false,false,,Não identificado,,,false,0,0,0,0,0,0,0,0,0,0,0,0,0,0
13410,"R. Arco Verde, 194 - Costa Barros, Rio de Janeiro - RJ, 23055-290, Brasil",Sudeste,Rio de Janeiro,Rio de Janeiro,COSTA BARROS,,MORRO DO CHAPADAO (COMPLEXO DO CHAPADAO),-22.8196045000,-43.3725823000,"20/04/2018, 16:41:00",false,false,,Não identificado,,,false,0,0,0,0,0,0,0,0,0,0,0,0,0,0
13416,"R. Barão do Bananal - Cascadura, Rio de Janeiro - RJ, 21380-330, Brasil",Sudeste,Rio de Janeiro,Rio de Janeiro,CASCADURA,,,-22.8787531000,-43.3195308000,"20/04/2018, 18:15:00",false,false,,Não identificado,,,false,0,0,0,0,0,0,0,0,0,0,0,0,0,0
13419,"Morro da Lagartixa - Costa Barros, Rio de Janeiro - RJ, 21515-280, Brasil",Sudeste,Rio de Janeiro,Rio de Janeiro,COSTA BARROS,,MORRO DA LAGARTIXA (COMPLEXO DA PEDREIRA),-22.8241667000,-43.3644444000,"20/04/2018, 18:29:00",true,true,PM,Operação policial,,,false,0,0,0,0,0,0,0,0,0,0,0,0,0,0
13420,"R. Arnaldo Quintela - Botafogo, Rio de Janeiro - RJ, Brasil",Sudeste,Rio de Janeiro,Rio de Janeiro,BOTAFOGO,,,-22.9551644000,-43.1829076000,"20/04/2018, 18:59:00",true,true,PM,Ação policial,,Perseguição,false,1,0,0,0,0,0,0,0,0,0,0,0,0,0
13424,"Morro do Sereno - Penha Circular, Rio de Janeiro - RJ, 21210-004, Brasil",Sudeste,Rio de Janeiro,Rio de Janeiro,PENHA CIRCULAR,,MORRO DO SERENO (COMPLEXO DA PENHA),-22.8436111000,-43.2936111000,"21/04/2018, 01:02:00",false,false,,Não identificado,,,false,0,0,0,0,0,0,0,0,0,0,0,0,0,0
13425,"Estr. Manuel Nogueira de Sá - Realengo, Rio de Janeiro - RJ, Brasil",Sudeste,Rio de Janeiro,Rio de Janeiro,REALENGO,,MORRO MINHA DEUSA (OU PARQUE DAS NOGUEIRAS),-22.8885564000,-43.4140127000,"21/04/2018, 01:34:00",false,false,,Não identificado,,,false,0,0,0,0,0,0,0,0,0,0,0,0,0,0
13494,"R. Des. Izidro - Tijuca, Rio de Janeiro - RJ, Brasil",Sudeste,Rio de Janeiro,Rio de Janeiro,TIJUCA,,,-22.9283107000,-43.2337096000,"21/04/2018, 02:30:00",false,false,,Não identificado,,,false,0,0,0,0,0,0,0,0,0,0,0,0,0,0
13426,"R. Tejó, 511 - Vila Valqueire, Rio de Janeiro - RJ, Brasil",Sudeste,Rio de Janeiro,Rio de Janeiro,VILA VALQUEIRE,,VALE DAS ACACIAS IMPERIAL,-22.8922845000,-43.3684484000,"21/04/2018, 03:49:00",false,false,,Não identificado,,,false,0,0,0,0,0,0,0,0,0,0,0,0,0,0
13428,"Complexo do Chapadão - Pavuna, Rio de Janeiro - RJ, Brasil",Sudeste,Rio de Janeiro,Rio de Janeiro,PAVUNA,,COMPLEXO DO CHAPADAO,-22.8189018000,-43.3759968000,"21/04/2018, 05:05:00",false,false,,Não identificado,,,false,0,0,0,0,0,0,0,0,0,0,0,0,0,0
13429,"Turano - Rio Comprido, Rio de Janeiro - RJ, 20261-004, Brasil",Sudeste,Rio de Janeiro,Rio de Janeiro,RIO COMPRIDO,,MORRO DO TURANO,-22.9252096000,-43.2143387000,"21/04/2018, 05:54:00",false,false,,Não identificado,,,false,0,0,0,0,0,0,0,0,0,0,0,0,0,0
13432,"R. Cinco, 7 - Cosmos, Rio de Janeiro - RJ, 23065-060, Brasil",Sudeste,Rio de Janeiro,Rio de Janeiro,COSMOS,,LOTEAMENTO MORADA DO COSMO,-22.9008830000,-43.6073450000,"21/04/2018, 09:31:00",false,false,,Não identificado,,,false,0,0,0,0,0,0,0,0,0,0,0,0,0,0
13433,"R. Luís Onófre Alves - Catete, Rio de Janeiro - RJ, Brasil",Sudeste,Rio de Janeiro,Rio de Janeiro,CATETE,,SANTO AMARO,-22.9238319000,-43.1809914000,"21/04/2018, 10:46:00",false,false,,Não identificado,,,false,0,0,0,0,0,0,0,0,0,0,0,0,0,0
13492,"Morro Santo Amaro - Catete, Rio de Janeiro - RJ, Brasil",Sudeste,Rio de Janeiro,Rio de Janeiro,CATETE,,SANTO AMARO,-22.9236111000,-43.1805556000,"21/04/2018, 12:00:00",true,true,N�o identificado,Operação policial,,,false,1,0,0,0,0,0,0,0,0,0,0,0,0,0
13440,"Morro da Babilonia - Botafogo, Rio de Janeiro - RJ, 22010-011, Brasil",Sudeste,Rio de Janeiro,Rio de Janeiro,LEME,,BABILONIA,-22.9569444000,-43.1700000000,"21/04/2018, 13:41:00",false,false,,Não identificado,,,false,0,0,0,0,0,0,0,0,0,0,0,0,0,0
13449,"Chapéu Mangueira - R. Dom Hélder de Barros Câmara - Leme, Rio de Janeiro - RJ, 22010-020, Brasil",Sudeste,Rio de Janeiro,Rio de Janeiro,LEME,,CHAPEU-MANGUEIRA,-22.9602998000,-43.1678134000,"21/04/2018, 14:50:00",false,false,,Não identificado,,,false,0,0,0,0,0,0,0,0,0,0,0,0,0,0
13447,"R. Lemos Brito - Quintino Bocaiuva, Rio de Janeiro - RJ, 21311-380, Brasil",Sudeste,Rio de Janeiro,Rio de Janeiro,QUINTINO BOCAIUVA,,FAVELA LEMOS DE BRITO (COMPLEXO DO 18),-22.8959671000,-43.3253079000,"21/04/2018, 14:55:00",false,false,,Não identificado,,,false,0,0,0,0,0,0,0,0,0,0,0,0,0,0
13450,"Morro da Babilonia - Botafogo, Rio de Janeiro - RJ, 22010-011, Brasil",Sudeste,Rio de Janeiro,Rio de Janeiro,LEME,,BABILONIA,-22.9569444000,-43.1700000000,"21/04/2018, 15:02:00",true,true,N�o identificado,Ação policial,,,false,0,0,0,0,0,0,0,0,0,0,0,0,0,0
13451,"R. Lemos Brito - Quintino Bocaiuva, Rio de Janeiro - RJ, 21311-380, Brasil",Sudeste,Rio de Janeiro,Rio de Janeiro,QUINTINO BOCAIUVA,,FAVELA LEMOS DE BRITO (COMPLEXO DO 18),-22.8959671000,-43.3253079000,"21/04/2018, 15:14:00",false,false,,Não identificado,,,false,0,0,0,0,0,0,0,0,0,0,0,0,0,0
13454,"Antares - Santa Cruz, Rio de Janeiro - RJ, 23590-680, Brasil",Sudeste,Rio de Janeiro,Rio de Janeiro,SANTA CRUZ,,FAVELA DE ANTARES,-22.9197125000,-43.6583939000,"21/04/2018, 20:07:00",false,false,,Não identificado,,,false,0,0,0,0,0,0,0,0,0,0,0,0,0,0
13456,"Morro do Sao Jose - Praça Seca, Rio de Janeiro - RJ, Brasil",Sudeste,Rio de Janeiro,Rio de Janeiro,PRACA SECA,,MORRO SAO JOSE OPERARIO (OU MORRO DA BARAO),-22.9069444000,-43.3408333000,"21/04/2018, 23:08:00",false,false,,Não identificado,,,false,0,0,0,0,0,0,0,0,0,0,0,0,0,0
13458,"Praça Seca, Rio de Janeiro - RJ, Brasil",Sudeste,Rio de Janeiro,Rio de Janeiro,PRACA SECA,,,-22.8969198000,-43.3516802000,"22/04/2018, 01:24:00",false,false,,Não identificado,,,false,0,0,0,0,0,0,0,0,0,0,0,0,0,0
13459,"Av. Pirpirituba, 228 - Realengo, Rio de Janeiro - RJ, 21760-240, Brasil",Sudeste,Rio de Janeiro,Rio de Janeiro,REALENGO,,COMUNIDADE COSME E DAMIAO,-22.8924322000,-43.4176858000,"22/04/2018, 04:46:00",false,false,,Não identificado,,,false,0,0,0,0,0,0,0,0,0,0,0,0,0,0
13491,"Morro da Babilonia - Botafogo, Rio de Janeiro - RJ, 22010-011, Brasil",Sudeste,Rio de Janeiro,Rio de Janeiro,LEME,,BABILONIA,-22.9569444000,-43.1700000000,"22/04/2018, 05:00:00",true,true,N�o identificado,Disputa,,,false,0,0,0,0,0,0,0,0,0,0,0,0,0,0
13460,"Morro dos Macacos - Sampaio, Rio de Janeiro - RJ, Brasil",Sudeste,Rio de Janeiro,Rio de Janeiro,SAMPAIO,,MORRO DOS MACACOS,-22.9100000000,-43.2575000000,"22/04/2018, 05:08:00",false,false,,Não identificado,,,false,0,0,0,0,0,0,0,0,0,0,0,0,0,0
13462,"R. Massenet - Mal. Hermes, Rio de Janeiro - RJ, Brasil",Sudeste,Rio de Janeiro,Rio de Janeiro,MARECHAL HERMES,,FAVELA DO MUQUICO,-22.8533695000,-43.3751543000,"22/04/2018, 05:11:00",false,false,,Não identificado,,,false,0,0,0,0,0,0,0,0,0,0,0,0,0,0
13466,"Av. Ten-Cel. Muniz de Aragão, Rio de Janeiro - RJ, Brasil",Sudeste,Rio de Janeiro,Rio de Janeiro,ANIL,,,-22.9535043000,-43.3470493000,"22/04/2018, 10:52:00",false,false,,Não identificado,,,false,0,0,0,0,0,0,0,0,0,0,0,0,0,0
13465,"Estrada Marechal Miguel Salazar Mendes de Moraes, Rio de Janeiro - RJ, Brasil",Sudeste,Rio de Janeiro,Rio de Janeiro,TAQUARA,,,-22.9400706000,-43.3684235000,"22/04/2018, 10:54:00",false,false,,Não identificado,,,false,0,0,0,0,0,0,0,0,0,0,0,0,0,0
13493,"Ficap - Jardim America, Rio de Janeiro - RJ, Brasil",Sudeste,Rio de Janeiro,Rio de Janeiro,JARDIM AMERICA,,FAVELA DA FICAP,-22.8114870000,-43.3207177000,"22/04/2018, 12:00:00",true,true,N�o identificado,Ação policial,,Perseguição,false,0,0,0,0,0,0,0,0,0,0,0,0,0,0
13467,"13, Cidade de Deus",Sudeste,Rio de Janeiro,Rio de Janeiro,CIDADE DE DEUS,,CIDADE DE DEUS,-22.9442116000,-43.3678663000,"22/04/2018, 12:14:00",false,false,,Não identificado,,,false,0,0,0,0,0,0,0,0,0,0,0,0,0,0
13477,"Morro do Adeus - Complexo do Alemão, Rio de Janeiro - RJ, 21050-144, Brasil",Sudeste,Rio de Janeiro,Rio de Janeiro,COMPLEXO DO ALEMAO,,MORRO DO ADEUS (COMPLEXO DO ALEMAO),-22.8650563000,-43.2608932000,"22/04/2018, 21:08:00",false,false,,Não identificado,,,false,0,0,0,0,0,0,0,0,0,0,0,0,0,0
13479,"Morro da Muzema - Itanhangá, Rio de Janeiro - RJ, 22753-000, Brasil",Sudeste,Rio de Janeiro,Rio de Janeiro,ITANHANGA,,MORRO DA MUZEMA,-22.9819444000,-43.3225000000,"22/04/2018, 21:31:00",false,false,,Não identificado,,,false,0,0,0,0,0,0,0,0,0,0,0,0,0,0
13478,"R. A, 25 - Freguesia (Jacarepaguá), Rio de Janeiro - RJ, Brasil",Sudeste,Rio de Janeiro,Rio de Janeiro,FREGUESIA (JACAREPAGUA),,,-22.9483069000,-43.3515669000,"22/04/2018, 21:35:00",false,false,,Não identificado,,,false,0,0,0,0,0,0,0,0,0,0,0,0,0,0
13482,"Rua Padre Mário Versé, 106 - Anchieta, Rio de Janeiro - RJ, 21645-480, Brasil",Sudeste,Rio de Janeiro,Rio de Janeiro,ANCHIETA,,MORRO DO PLANALTO (COMPLEXO DO CHAPADAO),-22.8244713000,-43.3976344000,"22/04/2018, 22:43:00",false,false,,Não identificado,,,false,0,0,0,0,0,0,0,0,0,0,0,0,0,0
13485,"São Conrado, Rio de Janeiro - State of Rio de Janeiro, Brazil",Sudeste,Rio de Janeiro,Rio de Janeiro,SAO CONRADO,,,-22.9986548000,-43.2694141000,"23/04/2018, 02:28:00",false,false,,Não identificado,,,false,0,0,0,0,0,0,0,0,0,0,0,0,0,0
13489,"Jacarepagua, Rio de Janeiro - RJ, Brasil",Sudeste,Rio de Janeiro,Rio de Janeiro,BARRA OLIMPICA,,,-22.9681736000,-43.3907025000,"23/04/2018, 06:50:00",false,false,,Não identificado,,,false,0,0,0,0,0,0,0,0,0,0,0,0,0,0
13490,"R. Eugênio Paiva, 227 - Senador Camará, Rio de Janeiro - RJ, 21830-475, Brasil",Sudeste,Rio de Janeiro,Rio de Janeiro,SENADOR CAMARA,,,-22.8761319000,-43.4862180000,"23/04/2018, 06:58:00",false,false,,Não identificado,,,false,0,0,0,0,0,0,0,0,0,0,0,0,0,0
13519,"Túnel Santa Bárbara - Santa Teresa, Rio de Janeiro - RJ, Brasil",Sudeste,Rio de Janeiro,Rio de Janeiro,SANTA TERESA,,,-22.9255155000,-43.1900489000,"23/04/2018, 07:00:00",false,true,,Tentativa/Roubo,,,false,0,0,0,1,0,0,0,0,0,0,0,0,0,0
13501,"R. Conselheiro Zenha - Tijuca, Rio de Janeiro - RJ, 20550-090, Brasil",Sudeste,Rio de Janeiro,Rio de Janeiro,TIJUCA,,,-22.9228664000,-43.2280517000,"23/04/2018, 09:34:00",false,false,,Não identificado,,,false,0,0,0,0,0,0,0,0,0,0,0,0,0,0
13500,Morro da Babilônia Leme,Sudeste,Rio de Janeiro,Rio de Janeiro,LEME,,BABILONIA,-22.9626168000,-43.1698350000,"23/04/2018, 09:46:00",true,true,N�o identificado,Ação policial,,,false,0,0,0,0,0,0,0,0,0,0,0,0,0,0
13502,"R. um - Rocinha, Rio de Janeiro - RJ, Brasil",Sudeste,Rio de Janeiro,Rio de Janeiro,ROCINHA,,ROCINHA,-22.9899417000,-43.2451481000,"23/04/2018, 11:22:00",true,true,N�o identificado,Ação policial,,,false,0,0,0,0,0,0,0,0,0,0,0,0,0,0
13515,"Bonsucesso, Rio de Janeiro - RJ, Brasil",Sudeste,Rio de Janeiro,Rio de Janeiro,BONSUCESSO,,,-22.8626395000,-43.2539991000,"23/04/2018, 12:00:00",false,true,,Tentativa/Roubo,,,false,0,0,0,1,0,0,0,0,0,0,0,0,0,0
13505,"Rocinha, Rio de Janeiro - RJ, Brasil",Sudeste,Rio de Janeiro,Rio de Janeiro,ROCINHA,,ROCINHA,-22.9879841000,-43.2479825000,"23/04/2018, 14:59:00",false,false,,Não identificado,,,false,0,0,0,0,0,0,0,0,0,0,0,0,0,0
13506,"R. Congo - Bangu, Rio de Janeiro - RJ, Brasil",Sudeste,Rio de Janeiro,Rio de Janeiro,VILA KENNEDY,,VILA KENNEDY,-22.8621466000,-43.4907856000,"23/04/2018, 15:15:00",false,false,,Não identificado,,,false,0,0,0,0,0,0,0,0,0,0,0,0,0,0
13508,Rocinha,Sudeste,Rio de Janeiro,Rio de Janeiro,ROCINHA,,ROCINHA,-22.9879841000,-43.2479825000,"23/04/2018, 16:40:00",false,false,,Não identificado,,,false,0,0,0,0,0,0,0,0,0,0,0,0,0,0
13507,"Avenida Braz de Pina - Vista Alegre, Rio de Janeiro, Brasil",Sudeste,Rio de Janeiro,Rio de Janeiro,VISTA ALEGRE,,,-22.8309432000,-43.3190342000,"23/04/2018, 19:12:00",false,false,,Não identificado,,,false,0,0,0,0,0,0,0,0,0,0,0,0,0,0
13509,"R. Congo - Bangu, Rio de Janeiro - RJ, Brasil",Sudeste,Rio de Janeiro,Rio de Janeiro,VILA KENNEDY,,VILA KENNEDY,-22.8621466000,-43.4907856000,"23/04/2018, 23:48:00",false,false,,Não identificado,,,false,0,0,0,0,0,0,0,0,0,0,0,0,0,0
13516,"Engenho Novo, Rio de Janeiro - RJ, 20950-370, Brasil",Sudeste,Rio de Janeiro,Rio de Janeiro,ENGENHO NOVO,,MORRO SAO JOAO,-22.9078627000,-43.2659281000,"24/04/2018, 05:57:00",false,false,,Não identificado,,,false,0,0,0,0,0,0,0,0,0,0,0,0,0,0
13522,"Av. das Américas, Rio de Janeiro - RJ, Brasil",Sudeste,Rio de Janeiro,Rio de Janeiro,BARRA DA TIJUCA,,,-23.0005167000,-43.3977395000,"24/04/2018, 06:00:00",false,true,,Tentativa/Roubo,,,false,1,0,0,0,0,0,0,0,0,0,0,0,0,0
13518,"Morro do Adeus, Complexo do Alemão, Rio de Janeiro - RJ, Brasil",Sudeste,Rio de Janeiro,Rio de Janeiro,COMPLEXO DO ALEMAO,,MORRO DO ADEUS (COMPLEXO DO ALEMAO),-22.8654866000,-43.2619815000,"24/04/2018, 06:23:00",false,false,,Não identificado,,,false,0,0,0,0,0,0,0,0,0,0,0,0,0,0
13524,"Av. Brasil, - Barros Filho - Rio de Janeiro - RJ, Brasil",Sudeste,Rio de Janeiro,Rio de Janeiro,BARROS FILHO,,COMPLEXO DA PEDREIRA,-22.8359432000,-43.3620871000,"24/04/2018, 07:59:00",true,true,N�o identificado,Tentativa/Roubo de cargas,,,false,0,0,0,0,0,0,0,0,0,0,0,0,0,0
13530,"Vila Vintém - Padre Miguel, Rio de Janeiro - RJ, 21721-021, Brasil",Sudeste,Rio de Janeiro,Rio de Janeiro,PADRE MIGUEL,,VILA VINTEM,-22.8709633000,-43.4426703000,"24/04/2018, 14:00:00",true,true,N�o identificado,Ação policial,,,false,1,1,0,0,0,0,0,0,0,0,0,0,0,0
13528,"Conjuntão, Padre Miguel, Rio de Janeiro - RJ, 21860-150, Brasil",Sudeste,Rio de Janeiro,Rio de Janeiro,BANGU,,CONJUNTO HABITACIONAL DOM JAIME CAMARA (CONJUNTAO),-22.8666950000,-43.4574070000,"24/04/2018, 14:11:00",false,false,,Não identificado,,,false,0,0,0,0,0,0,0,0,0,0,0,0,0,0
13529,"Bateau Mouche, Praça Seca, Rio de Janeiro - RJ, 22733-120, Brasil",Sudeste,Rio de Janeiro,Rio de Janeiro,PRACA SECA,,FAVELA BATEAU MOUCHE,-22.9048084000,-43.3550791000,"24/04/2018, 17:03:00",false,false,,Não identificado,,,false,0,0,0,0,0,0,0,0,0,0,0,0,0,0
13532,"Estr. dos Teixeiras, Rio de Janeiro - RJ, Brasil",Sudeste,Rio de Janeiro,Rio de Janeiro,TAQUARA,,TEIXEIRAS,-22.9102923000,-43.4180603000,"24/04/2018, 19:16:00",false,false,,Não identificado,,,false,0,0,0,0,0,0,0,0,0,0,0,0,0,0
13626,"Morro do Urubu - Pilares, Rio de Janeiro - RJ, Brasil",Sudeste,Rio de Janeiro,Rio de Janeiro,PILARES,,MORRO DO URUBU (COMPLEXO DO URUBU),-22.8814021000,-43.2934758000,"24/04/2018, 21:00:00",false,false,,Tiros a esmo,,,false,0,0,0,0,0,0,0,0,0,0,0,0,0,0
13539,"Rodo - Santa Cruz, Rio de Janeiro - RJ, Brasil",Sudeste,Rio de Janeiro,Rio de Janeiro,SANTA CRUZ,,COMPLEXO DO RODO,-22.9196515000,-43.6843877000,"25/04/2018, 03:45:00",true,true,N�o identificado,Ação policial,,,false,0,0,0,0,0,0,0,0,0,0,0,0,0,0
13550,"Laranjeiras, Rio de Janeiro - RJ, Brasil",Sudeste,Rio de Janeiro,Rio de Janeiro,LARANJEIRAS,,,-22.9332067000,-43.1847300000,"25/04/2018, 05:00:00",true,true,N�o identificado,Tentativa/Roubo,,Perseguição,false,0,0,0,0,0,0,0,0,0,0,0,0,0,0
13541,"R. Frei Caneca, Rio de Janeiro - RJ, Brasil",Sudeste,Rio de Janeiro,Rio de Janeiro,ESTACIO,,,-22.9142951000,-43.1995500000,"25/04/2018, 05:00:00",false,false,,Não identificado,,,false,0,0,0,0,0,0,0,0,0,0,0,0,0,0
13523,"Bariri - Cidade de Deus, Rio de Janeiro - RJ, Brasil",Sudeste,Rio de Janeiro,Rio de Janeiro,CIDADE DE DEUS,,CIDADE DE DEUS,-22.9481688000,-43.3626721000,"25/04/2018, 07:25:00",true,true,N�o identificado,Ação policial,,,false,0,0,0,0,0,0,0,0,0,0,0,0,0,0
13554,"Morro do Juramento - Vicente de Carvalho, Rio de Janeiro - RJ, Brasil",Sudeste,Rio de Janeiro,Rio de Janeiro,VICENTE DE CARVALHO,,MORRO DO JURAMENTO (COMPLEXO DO JURAMENTO),-22.8627778000,-43.3152778000,"25/04/2018, 11:50:00",false,false,,Não identificado,,,false,0,0,0,0,0,0,0,0,0,0,0,0,0,0
13594,"R. Herculano Pena - Cavalcanti, Rio de Janeiro - RJ, 21370-200, Brasil",Sudeste,Rio de Janeiro,Rio de Janeiro,CAVALCANTI,,,-22.8741242000,-43.3146037000,"25/04/2018, 12:00:00",false,false,,Não identificado,,,false,0,1,0,0,0,0,0,0,0,1,0,0,0,0
13557,"Morro do Juramento - Vicente de Carvalho, Rio de Janeiro - RJ, Brasil",Sudeste,Rio de Janeiro,Rio de Janeiro,VICENTE DE CARVALHO,,MORRO DO JURAMENTO (COMPLEXO DO JURAMENTO),-22.8627778000,-43.3152778000,"25/04/2018, 12:41:00",false,false,,Não identificado,,,false,0,0,0,0,0,0,0,0,0,0,0,0,0,0
13558,"Estr. dos Teixeiras, Rio de Janeiro - RJ, Brasil",Sudeste,Rio de Janeiro,Rio de Janeiro,TAQUARA,,TEIXEIRAS,-22.9102923000,-43.4180603000,"25/04/2018, 13:20:00",false,false,,Não identificado,,,false,0,0,0,0,0,0,0,0,0,0,0,0,0,0
13560,"Morro do Juramento - Vicente de Carvalho, Rio de Janeiro - RJ, Brasil",Sudeste,Rio de Janeiro,Rio de Janeiro,VICENTE DE CARVALHO,,MORRO DO JURAMENTO (COMPLEXO DO JURAMENTO),-22.8627778000,-43.3152778000,"25/04/2018, 13:35:00",false,false,,Não identificado,,,false,0,0,0,0,0,0,0,0,0,0,0,0,0,0
13565,"Batô (Bateau Mouche), Praça Seca, Rio de Janeiro - RJ, 22733-120, Brasil",Sudeste,Rio de Janeiro,Rio de Janeiro,PRACA SECA,,FAVELA BATEAU MOUCHE,-22.9048084000,-43.3550791000,"25/04/2018, 16:09:00",false,false,,Não identificado,,,false,0,0,0,0,0,0,0,0,0,0,0,0,0,0
13568,"Estr. Mal. Alencastro, Rio de Janeiro - RJ, Brasil",Sudeste,Rio de Janeiro,Rio de Janeiro,RICARDO DE ALBUQUERQUE,,,-22.8382524000,-43.3979740000,"25/04/2018, 17:04:00",true,true,N�o identificado,Ação policial,,,false,0,0,0,0,0,0,0,0,0,0,0,0,0,0
13569,"R. Paulo Silva Araújo, 188 - Méier, Rio de Janeiro - RJ, 20735-230, Brasil",Sudeste,Rio de Janeiro,Rio de Janeiro,TODOS OS SANTOS,,,-22.8980380000,-43.2891120000,"25/04/2018, 18:33:00",true,true,N�o identificado,Ação policial,,,false,0,0,0,0,0,0,0,0,0,0,0,0,0,0
13570,"Estr. dos Teixeiras, Rio de Janeiro - RJ, Brasil",Sudeste,Rio de Janeiro,Rio de Janeiro,TAQUARA,,TEIXEIRAS,-22.9102923000,-43.4180603000,"25/04/2018, 18:36:00",false,false,,Não identificado,,,false,0,0,0,0,0,0,0,0,0,0,0,0,0,0
13575,"Morro do Juramento - Vicente de Carvalho, Rio de Janeiro - RJ, Brasil",Sudeste,Rio de Janeiro,Rio de Janeiro,VICENTE DE CARVALHO,,MORRO DO JURAMENTO (COMPLEXO DO JURAMENTO),-22.8627778000,-43.3152778000,"25/04/2018, 19:37:00",false,false,,Não identificado,,,false,0,0,0,0,0,0,0,0,0,0,0,0,0,0
13576,"Av. João Ribeiro, Rio de Janeiro - RJ, Brasil",Sudeste,Rio de Janeiro,Rio de Janeiro,TOMAS COELHO,,,-22.8692246000,-43.3029390000,"25/04/2018, 19:46:00",false,false,,Não identificado,,,false,0,0,0,0,0,0,0,0,0,0,0,0,0,0
13585,"Fazendinha - Complexo do Alemão, Rio de Janeiro - RJ, Brasil",Sudeste,Rio de Janeiro,Rio de Janeiro,COMPLEXO DO ALEMAO,,FAZENDINHA (COMPLEXO DO ALEMAO),-22.8593331000,-43.2754759000,"26/04/2018, 03:30:00",true,true,UPP (Complexo do Alem�o),Ação policial,,,false,0,0,0,0,0,0,0,0,0,0,0,0,0,0
13583,"Morro do Dende - Jardim Carioca, Rio de Janeiro - RJ, 21921-290, Brasil",Sudeste,Rio de Janeiro,Rio de Janeiro,JARDIM CARIOCA,,MORRO DO DENDE,-22.8016667000,-43.1902778000,"26/04/2018, 03:50:00",false,false,,Não identificado,,,false,0,0,0,0,0,0,0,0,0,0,0,0,0,0
13580,"Alvorada e Fazendinha - Complexo do Alemão, Rio de Janeiro - RJ, 21061-180, Brasil",Sudeste,Rio de Janeiro,Rio de Janeiro,COMPLEXO DO ALEMAO,,ALVORADA (COMPLEXO DO ALEMAO),-22.8621273000,-43.2751246000,"26/04/2018, 04:02:00",false,false,,Não identificado,,,false,0,0,0,0,0,0,0,0,0,0,0,0,0,0
13588,"Av. Brasil, Maré  - Rio de Janeiro - RJ, Brasil",Sudeste,Rio de Janeiro,Rio de Janeiro,MARE,,COMPLEXO DA MARE,-22.8555214000,-43.2476113000,"26/04/2018, 05:56:00",true,true,N�o identificado,Tentativa/Roubo,,,false,0,1,0,0,0,0,0,0,0,0,0,0,0,0
13592,"Praça Seca, Rio de Janeiro - RJ, Brasil",Sudeste,Rio de Janeiro,Rio de Janeiro,PRACA SECA,,,-22.8969198000,-43.3516802000,"26/04/2018, 06:44:00",false,false,,Não identificado,,,false,0,0,0,0,0,0,0,0,0,0,0,0,0,0
13596,"R. Barão de Itapagipe, Rio de Janeiro - RJ, Brasil",Sudeste,Rio de Janeiro,Rio de Janeiro,RIO COMPRIDO,,MORRO DO TURANO,-22.9222076000,-43.2156585000,"26/04/2018, 09:58:00",false,false,,Não identificado,,,false,0,0,0,0,0,0,0,0,0,0,0,0,0,0
13597,"R. Lobo Carneiro, 6289 - Cidade Universitária, Rio de Janeiro - RJ, Brasil",Sudeste,Rio de Janeiro,Rio de Janeiro,CIDADE UNIVERSITARIA,,,-22.8588662000,-43.2333227000,"26/04/2018, 11:13:00",true,true,N�o identificado,Ação policial,,,false,0,0,0,0,0,0,0,0,0,0,0,0,0,0
13603,"Linha Amarela - Cidade Universitária, Rio de Janeiro - RJ, Brasil",Sudeste,Rio de Janeiro,Rio de Janeiro,CIDADE UNIVERSITARIA,,,-22.8605181000,-43.2346285000,"26/04/2018, 12:00:00",false,true,,Tentativa/Roubo,,,false,0,0,0,2,0,0,0,0,0,0,0,0,0,0
13598,"Rua Sabaúna, Bonsucesso, Rio de Janeiro - RJ, 21041-020, Brasil",Sudeste,Rio de Janeiro,Rio de Janeiro,COMPLEXO DO ALEMAO,,MORRO DO ADEUS (COMPLEXO DO ALEMAO),-22.8634150000,-43.2592020000,"26/04/2018, 12:53:00",true,true,N�o identificado,Ação policial,,,false,0,1,0,0,0,0,0,0,0,0,0,0,0,0
13600,"R. Zélia de Souza, 1 - Anchieta, Rio de Janeiro - RJ, 21655-740, Brasil",Sudeste,Rio de Janeiro,Rio de Janeiro,PAVUNA,,CONJUNTO RESIDENCIAL VILLAGE PAVUNA,-22.8169183000,-43.3801085000,"26/04/2018, 16:20:00",false,false,,Não identificado,,,false,0,0,0,0,0,0,0,0,0,0,0,0,0,0
13606,"Rua Rêgo Lopes - Tijuca, Rio de Janeiro - RJ, Brasil",Sudeste,Rio de Janeiro,Rio de Janeiro,TIJUCA,,,-22.9254650000,-43.2233312000,"26/04/2018, 18:23:00",false,false,,Não identificado,,,false,0,0,0,0,0,0,0,0,0,0,0,0,0,0
13627,"Cinco Bocas - Brás de Pina, Rio de Janeiro - RJ, 21070-000, Brasil",Sudeste,Rio de Janeiro,Rio de Janeiro,BRAS DE PINA,,FAVELA 5 BOCAS (COMPLEXO DE ISRAEL),-22.8332830000,-43.3020799000,"26/04/2018, 19:00:00",false,false,,Não identificado,,,false,0,1,0,0,0,0,0,0,0,0,0,0,0,0
13625,"Rua 21 de Abril - Quintino Bocaiuva, Rio de Janeiro - RJ, Brasil",Sudeste,Rio de Janeiro,Rio de Janeiro,QUINTINO BOCAIUVA,,,-22.8902730000,-43.3194757000,"26/04/2018, 19:02:00",false,false,,Tentativa/Roubo,,Bar,false,1,0,0,0,0,0,0,0,0,0,0,0,0,0
13610,"Morro do Juramento - Vicente de Carvalho, Rio de Janeiro - RJ, Brasil",Sudeste,Rio de Janeiro,Rio de Janeiro,VICENTE DE CARVALHO,,MORRO DO JURAMENTO (COMPLEXO DO JURAMENTO),-22.8627778000,-43.3152778000,"26/04/2018, 19:45:00",false,false,,Não identificado,,,false,0,0,0,0,0,0,0,0,0,0,0,0,0,0
13611,"R. Barão do Bom Retiro - Engenho Novo, Rio de Janeiro - RJ, Brasil",Sudeste,Rio de Janeiro,Rio de Janeiro,ENGENHO NOVO,,,-22.9111724000,-43.2686344000,"26/04/2018, 19:55:00",false,false,,Não identificado,,,false,0,0,0,0,0,0,0,0,0,0,0,0,0,0
13613,"R. Assis Vasconcelos - Pilares, Rio de Janeiro - RJ, 20755-010, Brasil",Sudeste,Rio de Janeiro,Rio de Janeiro,PILARES,,FAVELA DA COROA (OU TRAJANO),-22.8840943000,-43.2940076000,"26/04/2018, 23:26:00",false,false,,Não identificado,,,false,0,0,0,0,0,0,0,0,0,0,0,0,0,0
13614,"R. Paulo VI - Flamengo, Rio de Janeiro - RJ, Brasil",Sudeste,Rio de Janeiro,Rio de Janeiro,FLAMENGO,,MORRO AZUL,-22.9374620000,-43.1785435000,"27/04/2018, 03:50:00",false,false,,Não identificado,,,false,0,0,0,0,0,0,0,0,0,0,0,0,0,0
13618,"15 (Quinze), Cidade de Deus, Rio de Janeiro - RJ, Brasil",Sudeste,Rio de Janeiro,Rio de Janeiro,CIDADE DE DEUS,,CIDADE DE DEUS,-22.9481688000,-43.3626721000,"27/04/2018, 04:59:00",false,false,,Não identificado,,,false,0,0,0,0,0,0,0,0,0,0,0,0,0,0
13631,"Av. do Pepê - Barra da Tijuca, Rio de Janeiro - RJ, 22620-170, Brasil",Sudeste,Rio de Janeiro,Rio de Janeiro,BARRA DA TIJUCA,,,-23.0160325000,-43.2976619000,"27/04/2018, 06:00:00",false,true,,Tentativa/Roubo,,,false,0,1,0,2,0,0,0,0,0,0,0,0,0,0
13621,"R. Leopoldo, 610 - Andarai, Rio de Janeiro - RJ, 20541-170, Brasil",Sudeste,Rio de Janeiro,Rio de Janeiro,ANDARAI,,MORRO DO ANDARAI,-22.9298252000,-43.2535360000,"27/04/2018, 06:19:00",false,false,,Não identificado,,,false,0,0,0,0,0,0,0,0,0,0,0,0,0,0
13622,"Av. Cmte. Guaranys - Jacarepagua, Rio de Janeiro - RJ, Brasil",Sudeste,Rio de Janeiro,Rio de Janeiro,JACAREPAGUA,,FAVELA DO OUTEIRO (OU GUARANYS),-22.9537584000,-43.3709180000,"27/04/2018, 06:32:00",false,false,,Não identificado,,,false,0,0,0,0,0,0,0,0,0,0,0,0,0,0
13623,"Morro do Cantagalo - Copacabana, Rio de Janeiro - RJ, Brasil",Sudeste,Rio de Janeiro,Rio de Janeiro,COPACABANA,,MORRO DO CANTAGALO,-22.9783333000,-43.1952778000,"27/04/2018, 06:50:00",true,true,PM,Ação policial,,,false,0,0,0,0,0,0,0,0,0,0,0,0,0,0
13630,"R. Araújo Leitão - Engenho Novo, Rio de Janeiro - RJ, Brasil",Sudeste,Rio de Janeiro,Rio de Janeiro,ENGENHO NOVO,,,-22.9137398000,-43.2718519000,"27/04/2018, 10:14:00",false,false,,Não identificado,,,false,0,0,0,0,0,0,0,0,0,0,0,0,0,0
13635,"Costa Barros, Rio de Janeiro - RJ, Brasil",Sudeste,Rio de Janeiro,Rio de Janeiro,COSTA BARROS,,,-22.8246493000,-43.3727275000,"27/04/2018, 13:30:00",false,false,,Não identificado,,,false,0,0,0,0,0,0,0,0,0,0,0,0,0,0
13633,"Morro do 77 - Realengo/Padre Miguel, Rio de Janeiro - RJ, 21775-760, Brasil",Sudeste,Rio de Janeiro,Rio de Janeiro,REALENGO,,MORRO DO SETE SETE,-22.8892261000,-43.4533363000,"27/04/2018, 13:36:00",false,false,,Não identificado,,,false,0,0,0,0,0,0,0,0,0,0,0,0,0,0
13636,"R. Cel. Moreira César, 1074-1218 - Pavuna, Rio de Janeiro - RJ, 21655-180, Brasil",Sudeste,Rio de Janeiro,Rio de Janeiro,PAVUNA,,CONJUNTO RESIDENCIAL VILLAGE PAVUNA,-22.8159105000,-43.3801743000,"27/04/2018, 15:00:00",true,true,PM,Ação policial,,,false,0,0,0,0,0,0,0,0,0,0,0,0,0,0
13637,"Morro do Quieto (Sampaio), Engenho Novo, Rio de Janeiro - RJ, 20950-250, Brasil",Sudeste,Rio de Janeiro,Rio de Janeiro,ENGENHO NOVO,,MORRO DO QUETO,-22.9051780000,-43.2610720000,"27/04/2018, 15:45:00",true,true,N�o identificado,Ação policial,,,false,0,2,0,0,0,0,0,0,0,2,0,0,0,0
13640,"R. Dr. Bernardino - Praça Seca, Rio de Janeiro - RJ, Brasil",Sudeste,Rio de Janeiro,Rio de Janeiro,PRACA SECA,,MORRO SAO JOSE OPERARIO (OU MORRO DA BARAO),-22.8976790000,-43.3464154000,"27/04/2018, 17:31:00",false,false,,Não identificado,,,false,0,0,0,0,0,0,0,0,0,0,0,0,0,0
13644,"R. Campos Sales, 70 - Tijuca, Rio de Janeiro - RJ, 20270-214, Brasil",Sudeste,Rio de Janeiro,Rio de Janeiro,TIJUCA,,,-22.9180558000,-43.2173142000,"27/04/2018, 19:40:00",false,false,,Não identificado,,,false,0,0,0,0,0,0,0,0,0,0,0,0,0,0
13672,"Av. Braz de Pina, Rio de Janeiro - RJ, Brasil",Sudeste,Rio de Janeiro,Rio de Janeiro,PENHA CIRCULAR,,,-22.8405111000,-43.3017458000,"27/04/2018, 20:00:00",false,true,,Tentativa/Roubo,,,false,0,0,0,1,0,0,0,0,0,0,0,0,0,0
13654,"Bateau Mouche - Praça Seca, Rio de Janeiro - RJ, 22733-480, Brasil",Sudeste,Rio de Janeiro,Rio de Janeiro,PRACA SECA,,FAVELA BATEAU MOUCHE,-22.9065070000,-43.3514010000,"28/04/2018, 03:48:00",true,true,PM,Operação policial,,,false,0,0,1,1,0,0,0,0,0,0,0,0,0,0
13658,"Estr. da Covanca - Tanque, Rio de Janeiro - RJ, Brasil",Sudeste,Rio de Janeiro,Rio de Janeiro,TANQUE,,MORRO DA COVANCA,-22.9148888000,-43.3480613000,"28/04/2018, 04:25:00",false,false,,Não identificado,,,false,0,0,0,0,0,0,0,0,0,0,0,0,0,0
13660,"Bráz De Pina, Rio de Janeiro - RJ, Brasil",Sudeste,Rio de Janeiro,Rio de Janeiro,BRAS DE PINA,,,-22.8331178000,-43.3022257000,"28/04/2018, 05:25:00",false,false,,Não identificado,,,false,0,0,0,0,0,0,0,0,0,0,0,0,0,0
13661,"R. Taborari - Bráz De Pina, Rio de Janeiro - RJ, Brasil",Sudeste,Rio de Janeiro,Rio de Janeiro,BRAS DE PINA,,VILLA GUANABARA,-22.8261993000,-43.2862685000,"28/04/2018, 05:25:00",false,false,,Não identificado,,,false,0,0,0,0,0,0,0,0,0,0,0,0,0,0
13664,"22733-120 - R. Alm. Melquíades de Souza, 1043-1245 - Tanque, Rio de Janeiro - RJ, 22733-120, Brasil",Sudeste,Rio de Janeiro,Rio de Janeiro,PRACA SECA,,FAVELA BATEAU MOUCHE,-22.9048084000,-43.3550791000,"28/04/2018, 06:18:00",false,false,,Não identificado,,,false,0,0,0,0,0,0,0,0,0,0,0,0,0,0
13665,"R. Maria Antônia, Rio de Janeiro - RJ, Brasil",Sudeste,Rio de Janeiro,Rio de Janeiro,ENGENHO NOVO,,,-22.9079915000,-43.2731650000,"28/04/2018, 09:30:00",true,true,N�o identificado,Ação policial,,,false,0,0,0,0,0,0,0,0,0,0,0,0,0,0
13666,"Morro do Juramento - Vicente de Carvalho, Rio de Janeiro - RJ, Brasil",Sudeste,Rio de Janeiro,Rio de Janeiro,VICENTE DE CARVALHO,,MORRO DO JURAMENTO (COMPLEXO DO JURAMENTO),-22.8627778000,-43.3152778000,"28/04/2018, 09:34:00",false,false,,Não identificado,,,false,0,0,0,0,0,0,0,0,0,0,0,0,0,0
13667,"Rua Conde de Bonfim, Rio de Janeiro - RJ, Brasil",Sudeste,Rio de Janeiro,Rio de Janeiro,TIJUCA,,,-22.9321013000,-43.2401530000,"28/04/2018, 10:25:00",true,true,PM,Ação policial,,,false,0,1,0,0,0,0,0,0,0,0,0,0,0,0
13671,"Morro do Adeus - Complexo do Alemão, Rio de Janeiro - RJ, 21050-144, Brasil",Sudeste,Rio de Janeiro,Rio de Janeiro,COMPLEXO DO ALEMAO,,MORRO DO ADEUS (COMPLEXO DO ALEMAO),-22.8652982000,-43.2611965000,"28/04/2018, 13:08:00",false,false,,Não identificado,,,false,0,0,0,0,0,0,0,0,0,0,0,0,0,0
13684,"Favela da Barreirinha - Honório Gurgel, Rio de Janeiro - RJ, 21511-250, Brasil",Sudeste,Rio de Janeiro,Rio de Janeiro,HONORIO GURGEL,,FAVELA DA BARREIRINHA,-22.8422464000,-43.3529076000,"28/04/2018, 17:00:00",false,false,,Homicidio/Tentativa,,,false,1,2,0,0,0,0,0,0,0,0,0,0,0,0
13683,"Rua Clarimundo de Melo, Rio de Janeiro - RJ, Brasil",Sudeste,Rio de Janeiro,Rio de Janeiro,QUINTINO BOCAIUVA,,,-22.8921129000,-43.3238259000,"28/04/2018, 20:00:00",false,false,,Não identificado,,,false,0,0,0,0,0,0,0,0,0,0,0,0,0,0
13688,"Morro do Juramento - Vicente de Carvalho, Rio de Janeiro - RJ, Brasil",Sudeste,Rio de Janeiro,Rio de Janeiro,VICENTE DE CARVALHO,,MORRO DO JURAMENTO (COMPLEXO DO JURAMENTO),-22.8627778000,-43.3152778000,"28/04/2018, 22:52:00",false,false,,Não identificado,,,false,0,0,0,0,0,0,0,0,0,0,0,0,0,0
13687,"Rua Dona Mariana - Botafogo, Rio de Janeiro - RJ, Brasil",Sudeste,Rio de Janeiro,Rio de Janeiro,BOTAFOGO,,,-22.9531950000,-43.1885094000,"29/04/2018, 01:33:00",false,false,,Não identificado,,,false,0,0,0,0,0,0,0,0,0,0,0,0,0,0
13686,"R. Barão do Bom Retiro - Engenho Novo, Rio de Janeiro - RJ, Brasil",Sudeste,Rio de Janeiro,Rio de Janeiro,ENGENHO NOVO,,,-22.9111724000,-43.2686344000,"29/04/2018, 03:40:00",false,false,,Não identificado,,,false,0,0,0,0,0,0,0,0,0,0,0,0,0,0
13690,"Karatê - Cidade de Deus, Rio de Janeiro - RJ, Brasil",Sudeste,Rio de Janeiro,Rio de Janeiro,CIDADE DE DEUS,,CIDADE DE DEUS,-22.9481688000,-43.3626721000,"29/04/2018, 05:22:00",false,false,,Não identificado,,,false,0,0,0,0,0,0,0,0,0,0,0,0,0,0
13692,"Favela do Pica-Pau - Cordovil, Rio de Janeiro - RJ, Brasil",Sudeste,Rio de Janeiro,Rio de Janeiro,CORDOVIL,,FAVELA DO PICA PAU (COMPLEXO DE ISRAEL),-22.8234412000,-43.2959357000,"29/04/2018, 06:00:00",true,true,PM,Ação policial,,,false,0,0,0,0,0,0,0,0,0,0,0,0,0,0
13691,"Largo do Campinho - Campinho, Rio de Janeiro - RJ, Brasil",Sudeste,Rio de Janeiro,Rio de Janeiro,CAMPINHO,,,-22.8856237000,-43.3481044000,"29/04/2018, 07:25:00",false,false,,Não identificado,,,false,0,0,0,0,0,0,0,0,0,0,0,0,0,0
13701,"Vila Ferrea, 8 - Pavuna, Rio de Janeiro - RJ, 21520-251, Brasil",Sudeste,Rio de Janeiro,Rio de Janeiro,PAVUNA,,FAVELA CORO COME,-22.8126970000,-43.3701930000,"29/04/2018, 12:31:00",false,false,,Não identificado,,,false,0,0,0,0,0,0,0,0,0,0,0,0,0,0
13709,"Roupa Suja - Rocinha, Rio de Janeiro - RJ, 22451-264, Brasil",Sudeste,Rio de Janeiro,Rio de Janeiro,ROCINHA,,ROCINHA,-22.9918352000,-43.2472354000,"29/04/2018, 13:00:00",true,true,BPChq,Ação policial,,,false,0,0,0,0,0,0,0,0,0,0,0,0,0,0
13702,"R. Paracatu - Piedade, Rio de Janeiro - RJ, 20751-110, Brasil",Sudeste,Rio de Janeiro,Rio de Janeiro,PIEDADE,,,-22.8847335000,-43.3053775000,"29/04/2018, 14:26:00",false,false,,Não identificado,,,false,0,0,0,0,0,0,0,0,0,0,0,0,0,0
13704,"Rocinha, Rio de Janeiro - RJ, Brasil",Sudeste,Rio de Janeiro,Rio de Janeiro,ROCINHA,,ROCINHA,-22.9879841000,-43.2479825000,"29/04/2018, 15:56:00",false,false,,Não identificado,,,false,0,0,0,0,0,0,0,0,0,0,0,0,0,0
13706,"Estr. da Boiúna, Rio de Janeiro - RJ, Brasil",Sudeste,Rio de Janeiro,Rio de Janeiro,TAQUARA,,,-22.9116201000,-43.4055995000,"29/04/2018, 16:25:00",false,false,,Não identificado,,,false,0,0,0,0,0,0,0,0,0,0,0,0,0,0
13717,"Av. Brasil, 1746 - Penha, Rio de Janeiro - RJ, Brasil",Sudeste,Rio de Janeiro,Rio de Janeiro,PENHA,,,-22.8352911000,-43.2607632000,"29/04/2018, 17:00:00",true,true,PM,Ação policial,,Perseguição,false,1,0,0,0,0,0,0,0,0,0,0,0,0,0
13710,"Morro da Formiga - Tijuca, Rio de Janeiro - RJ, 20530-003, Brasil",Sudeste,Rio de Janeiro,Rio de Janeiro,TIJUCA,,MORRO DA FORMIGA,-22.9441667000,-43.2408333000,"29/04/2018, 19:00:00",false,false,,Não identificado,,,false,0,0,0,0,0,0,0,0,0,0,0,0,0,0
13721,"R. Arquias Cordeiro, 370 - Meier, Rio de Janeiro - RJ, 20770-000, Brasil",Sudeste,Rio de Janeiro,Rio de Janeiro,MEIER,,,-22.9015891000,-43.2778412000,"29/04/2018, 19:04:00",true,true,N�o identificado,Tentativa/Roubo,,Perseguição,false,0,1,0,0,0,0,0,0,0,0,0,0,0,0
13714,"R. José Higino, 285 - Tijuca, Rio de Janeiro - RJ, 20520-202, Brasil",Sudeste,Rio de Janeiro,Rio de Janeiro,TIJUCA,,,-22.9296232000,-43.2375653000,"29/04/2018, 20:22:00",false,false,,Não identificado,,,false,0,0,0,0,0,0,0,0,0,0,0,0,0,0
13720,"Rola - Santa Cruz, Rio de Janeiro - RJ, Brasil",Sudeste,Rio de Janeiro,Rio de Janeiro,SANTA CRUZ,,FAVELA DO ROLA 2 (COMPLEXO DO RODO),-22.9297580000,-43.6554913000,"30/04/2018, 04:19:00",false,false,,Disputa,,,true,4,0,0,0,0,0,0,0,0,0,0,0,0,0
13719,"Pantanal - Cidade de Deus, Rio de Janeiro - RJ, Brasil",Sudeste,Rio de Janeiro,Rio de Janeiro,CIDADE DE DEUS,,CIDADE DE DEUS,-22.9481688000,-43.3626721000,"30/04/2018, 04:37:00",false,false,,Não identificado,,,false,0,0,0,0,0,0,0,0,0,0,0,0,0,0
13729,"AP - Cidade de Deus, Rio de Janeiro - RJ, Brasil",Sudeste,Rio de Janeiro,Rio de Janeiro,CIDADE DE DEUS,,CIDADE DE DEUS,-22.9481688000,-43.3626721000,"30/04/2018, 05:29:00",true,true,N�o identificado,Ação policial,,,false,0,0,0,0,0,0,0,0,0,0,0,0,0,0
13722,"Vila Verde - Rocinha, Rio de Janeiro - RJ, Brasil",Sudeste,Rio de Janeiro,Rio de Janeiro,ROCINHA,,ROCINHA,-22.9897699000,-43.2527011000,"30/04/2018, 06:18:00",true,true,PM,Ação policial,,,false,0,0,0,0,0,0,0,0,0,0,0,0,0,0
13726,"Vila Verde - Rocinha, Rio de Janeiro - RJ, Brasil",Sudeste,Rio de Janeiro,Rio de Janeiro,ROCINHA,,ROCINHA,-22.9897699000,-43.2527011000,"30/04/2018, 06:45:00",false,false,,Não identificado,,,false,0,0,0,0,0,0,0,0,0,0,0,0,0,0
13728,"R. Amaral Ornelas, 687-737 - Pavuna, Rio de Janeiro - RJ, Brasil",Sudeste,Rio de Janeiro,Rio de Janeiro,PAVUNA,,FAVELA CORO COME,-22.8121864000,-43.3697251000,"30/04/2018, 07:55:00",false,false,,Não identificado,,,false,0,0,0,0,0,0,0,0,0,0,0,0,0,0
13731,"Av. Brasil, Rio de Janeiro - RJ, Brasil",Sudeste,Rio de Janeiro,Rio de Janeiro,VILA KENNEDY,,VILA KENNEDY,-22.8557973000,-43.4915896000,"30/04/2018, 08:30:00",false,false,,Não identificado,,,false,0,0,0,0,0,0,0,0,0,0,0,0,0,0
13730,"Morro do Adeus - Complexo do Alemão, Rio de Janeiro - RJ, Brasil",Sudeste,Rio de Janeiro,Rio de Janeiro,COMPLEXO DO ALEMAO,,MORRO DO ADEUS (COMPLEXO DO ALEMAO),-22.8654866000,-43.2619815000,"30/04/2018, 08:30:00",false,false,,Não identificado,,,false,0,0,0,0,0,0,0,0,0,0,0,0,0,0
13734,"R. Prof. Hélio Viana - Padre Miguel, Rio de Janeiro - RJ, Brasil",Sudeste,Rio de Janeiro,Rio de Janeiro,PADRE MIGUEL,,MORRO DO SETE SETE,-22.8890867000,-43.4500962000,"30/04/2018, 13:31:00",false,false,,Não identificado,,,false,0,0,0,0,0,0,0,0,0,0,0,0,0,0
13738,"Morro do Juramento - Vicente de Carvalho, Rio de Janeiro - RJ, Brasil",Sudeste,Rio de Janeiro,Rio de Janeiro,VICENTE DE CARVALHO,,MORRO DO JURAMENTO (COMPLEXO DO JURAMENTO),-22.8627778000,-43.3152778000,"30/04/2018, 14:09:00",false,false,,Não identificado,,,false,0,0,0,0,0,0,0,0,0,0,0,0,0,0
13739,"Rocinha, Rio de Janeiro - RJ, Brasil",Sudeste,Rio de Janeiro,Rio de Janeiro,ROCINHA,,ROCINHA,-22.9879841000,-43.2479825000,"30/04/2018, 14:39:00",false,false,,Não identificado,,,false,0,0,0,0,0,0,0,0,0,0,0,0,0,0
13740,"Morro do Fallet/Fogueteiro - R. Falet - Santa Teresa, Rio de Janeiro - RJ, Brasil",Sudeste,Rio de Janeiro,Rio de Janeiro,SANTA TERESA,,FALLET/FOGUETEIRO,-22.9266315000,-43.1963660000,"30/04/2018, 15:18:00",false,false,,Não identificado,,,false,0,0,0,0,0,0,0,0,0,0,0,0,0,0
13741,"R. Barão de Petrópolis - Rio Comprido, Rio de Janeiro - RJ, Brasil",Sudeste,Rio de Janeiro,Rio de Janeiro,RIO COMPRIDO,,FALLET/FOGUETEIRO,-22.9292805000,-43.2027587000,"30/04/2018, 15:28:00",false,false,,Não identificado,,,false,0,0,0,0,0,0,0,0,0,0,0,0,0,0
13743,"Bateau Mouche, Praça Seca, Rio de Janeiro - RJ, Brasil",Sudeste,Rio de Janeiro,Rio de Janeiro,PRACA SECA,,FAVELA BATEAU MOUCHE,-22.9042269000,-43.3580867000,"30/04/2018, 16:35:00",false,false,,Não identificado,,,false,0,0,0,0,0,0,0,0,0,0,0,0,0,0
13744,"Rocinha, Rio de Janeiro - RJ, Brasil",Sudeste,Rio de Janeiro,Rio de Janeiro,ROCINHA,,ROCINHA,-22.9879841000,-43.2479825000,"30/04/2018, 17:54:00",false,false,,Não identificado,,,false,0,0,0,0,0,0,0,0,0,0,0,0,0,0
13745,"Santa Cruz, Rio de Janeiro - RJ, 23590-060, Brasil",Sudeste,Rio de Janeiro,Rio de Janeiro,SANTA CRUZ,,,-22.9345710000,-43.6653492000,"30/04/2018, 18:00:00",true,true,N�o identificado,Ação policial,,,false,0,0,0,0,0,0,0,0,0,0,0,0,0,0
13747,"R. Barão do Bananal, 121-147 - Cavalcanti, Rio de Janeiro - RJ, 21380-330, Brasil",Sudeste,Rio de Janeiro,Rio de Janeiro,CAVALCANTI,,,-22.8771465000,-43.3172570000,"30/04/2018, 18:26:00",false,false,,Não identificado,,,false,0,0,0,0,0,0,0,0,0,0,0,0,0,0
13751,"Estr. Rio-São Paulo, 3743 - Campo Grande, Rio de Janeiro - RJ, 23075-247",Sudeste,Rio de Janeiro,Rio de Janeiro,CAMPO GRANDE,,JARDIM CAMPO BELO E CONJUNTO SANTA MARIA,-22.8735799000,-43.5791645000,"30/04/2018, 19:55:00",false,false,,Não identificado,,,false,0,0,0,0,0,0,0,0,0,0,0,0,0,0
13750,"Estr. dos Teixeiras, Rio de Janeiro - RJ, Brasil",Sudeste,Rio de Janeiro,Rio de Janeiro,REALENGO,,TEIXEIRAS,-22.9054591000,-43.4242899000,"30/04/2018, 20:12:00",false,false,,Não identificado,,,false,0,0,0,0,0,0,0,0,0,0,0,0,0,0
13752,"R. Castelnuovo, 413 - Tijuca, Rio de Janeiro - RJ, 20530-120, Brasil",Sudeste,Rio de Janeiro,Rio de Janeiro,TIJUCA,,MORRO DA FORMIGA,-22.9435434000,-43.2412996000,"30/04/2018, 21:00:00",false,false,,Não identificado,,,false,0,0,0,0,0,0,0,0,0,0,0,0,0,0
13753,"R. Netuno - Pavuna, Rio de Janeiro - RJ, Brasil",Sudeste,Rio de Janeiro,Rio de Janeiro,PAVUNA,,LOTEAMENTO VILA DOM PEDRO II,-22.8066463000,-43.3588482000,"30/04/2018, 21:01:00",false,false,,Não identificado,,,false,0,0,0,0,0,0,0,0,0,0,0,0,0,0
13755,"Estr. Mal. Alencastro, Rio de Janeiro - RJ, Brasil",Sudeste,Rio de Janeiro,Rio de Janeiro,PARQUE ANCHIETA,,MORRO DO PLANALTO (COMPLEXO DO CHAPADAO),-22.8289493000,-43.3997151000,"30/04/2018, 21:15:00",false,false,,Não identificado,,,false,0,0,0,0,0,0,0,0,0,0,0,0,0,0
13759,"R. Dr. Pedro Ernesto, 46 - São Cristóvão, Rio de Janeiro - RJ, 20921-320, Brasil",Sudeste,Rio de Janeiro,Rio de Janeiro,SAO CRISTOVAO,,BARREIRA DO VASCO,-22.8878390000,-43.2283840000,"30/04/2018, 22:47:00",false,false,,Não identificado,,,false,0,0,0,0,0,0,0,0,0,0,0,0,0,0
13761,"Condomínio do Ed Avenida Edison Passos - Av. Édison Passos, 541 - Usina, Rio de Janeiro - RJ, 20531-070, Brasil",Sudeste,Rio de Janeiro,Rio de Janeiro,ALTO DA BOA VISTA,,MORRO DO CATRAMBI,-22.9488004000,-43.2596811000,"30/04/2018, 23:54:00",false,false,,Não identificado,,,false,0,0,0,0,0,0,0,0,0,0,0,0,0,0
13762,"R. Urucuia, 677 - Vila Valqueire, Rio de Janeiro - RJ, 21321-310, Brasil",Sudeste,Rio de Janeiro,Rio de Janeiro,VILA VALQUEIRE,,FAVELA URUCUIA,-22.8952900000,-43.3635499000,"01/05/2018, 00:27:00",false,false,,Não identificado,,,false,0,0,0,0,0,0,0,0,0,0,0,0,0,0
13764,"Vila do João e Pinheiro - Maré, Rio de Janeiro - RJ, Brasil",Sudeste,Rio de Janeiro,Rio de Janeiro,MARE,,VILA DO JOAO (COMPLEXO DA MARE),-22.8574971000,-43.2430137000,"01/05/2018, 03:50:00",false,false,,Não identificado,,,false,0,0,0,0,0,0,0,0,0,0,0,0,0,0
13777,"Beira Rio - Cidade de Deus, Rio de Janeiro - RJ, Brasil",Sudeste,Rio de Janeiro,Rio de Janeiro,CIDADE DE DEUS,,CIDADE DE DEUS,-22.9481688000,-43.3626721000,"01/05/2018, 04:50:00",false,false,,Não identificado,,,false,0,0,0,0,0,0,0,0,0,0,0,0,0,0
13776,"Rocinha, Rio de Janeiro - RJ, Brasil",Sudeste,Rio de Janeiro,Rio de Janeiro,ROCINHA,,ROCINHA,-22.9879841000,-43.2479825000,"01/05/2018, 06:00:00",true,true,N�o identificado,Operação policial,,,false,0,0,0,0,0,0,0,0,0,0,0,0,0,0
13780,"Macega e Vila Verde - Rocinha, Rio de Janeiro - RJ, Brasil",Sudeste,Rio de Janeiro,Rio de Janeiro,ROCINHA,,ROCINHA,-22.9879841000,-43.2479825000,"01/05/2018, 06:57:00",false,false,,Não identificado,,,false,0,0,0,0,0,0,0,0,0,0,0,0,0,0
13782,"Morro do Borel - Andarai, Rio de Janeiro - RJ, 20530-003, Brasil",Sudeste,Rio de Janeiro,Rio de Janeiro,TIJUCA,,MORRO DO BOREL,-22.9383333000,-43.2594444000,"01/05/2018, 10:07:00",false,false,,Não identificado,,,false,0,0,0,0,0,0,0,0,0,0,0,0,0,0
13783,"R. Baronesa - Praça Seca, Rio de Janeiro - RJ, Brasil",Sudeste,Rio de Janeiro,Rio de Janeiro,PRACA SECA,,MORRO SAO JOSE OPERARIO (OU MORRO DA BARAO),-22.8985478000,-43.3495636000,"01/05/2018, 10:42:00",false,false,,Não identificado,,,false,0,0,0,0,0,0,0,0,0,0,0,0,0,0
13808,"AutoEstrada Grajaú - Jacarepaguá, 4582-4756 - Engenho Novo, Rio de Janeiro - RJ, Brasil",Sudeste,Rio de Janeiro,Rio de Janeiro,JACAREPAGUA,,,-22.9243521000,-43.2911655000,"01/05/2018, 12:00:00",true,true,N�o identificado,Ação policial,,,false,0,1,0,0,0,0,0,0,0,0,0,0,0,0
13796,"R. Min. Gabriel de Piza - Cidade de Deus, Rio de Janeiro - RJ, 22770-360, Brasil",Sudeste,Rio de Janeiro,Rio de Janeiro,CIDADE DE DEUS,,CIDADE DE DEUS,-22.9415484000,-43.3616316000,"01/05/2018, 13:00:00",false,false,,Não identificado,,,false,1,0,0,0,0,0,0,0,0,0,0,0,0,0
13789,"Morro Sao Joao - Sampaio, Rio de Janeiro - RJ, Brasil",Sudeste,Rio de Janeiro,Rio de Janeiro,SAMPAIO,,MORRO SAO JOAO,-22.9077778000,-43.2616667000,"01/05/2018, 13:24:00",false,false,,Não identificado,,,false,0,0,0,0,0,0,0,0,0,0,0,0,0,0
13792,"R. Congo - Bangu, Rio de Janeiro - RJ, Brasil",Sudeste,Rio de Janeiro,Rio de Janeiro,VILA KENNEDY,,VILA KENNEDY,-22.8621466000,-43.4907856000,"01/05/2018, 14:49:00",false,false,,Não identificado,,,false,0,0,0,0,0,0,0,0,0,0,0,0,0,0
13915,"Av. Bacaxá - Cosmos, Rio de Janeiro - RJ, Brasil",Sudeste,Rio de Janeiro,Rio de Janeiro,COSMOS,,,-22.8913545000,-43.6086877000,"01/05/2018, 17:00:00",false,false,,Briga,,Bar,false,1,0,0,0,0,0,0,0,0,0,0,0,0,0
13797,"Estr. dos Teixeiras, Rio de Janeiro - RJ, Brasil",Sudeste,Rio de Janeiro,Rio de Janeiro,REALENGO,,TEIXEIRAS,-22.9054591000,-43.4242899000,"01/05/2018, 17:29:00",false,false,,Não identificado,,,false,0,0,0,0,0,0,0,0,0,0,0,0,0,0
13799,"R. Barão do Bananal, 199 - Cavalcanti, Rio de Janeiro - RJ, 21380-330, Brasil",Sudeste,Rio de Janeiro,Rio de Janeiro,CAVALCANTI,,,-22.8778896000,-43.3183110000,"01/05/2018, 18:15:00",false,false,,Não identificado,,,false,0,0,0,0,0,0,0,0,0,0,0,0,0,0
13804,"Av. João Ribeiro, Rio de Janeiro - RJ, Brasil",Sudeste,Rio de Janeiro,Rio de Janeiro,TOMAS COELHO,,FAVELA BRACO DE JUDAS,-22.8692246000,-43.3029390000,"01/05/2018, 19:11:00",false,false,,Não identificado,,,false,0,0,0,0,0,0,0,0,0,0,0,0,0,0
13806,"R. Ten. Lassance, 31-33 - Anchieta, Rio de Janeiro - RJ, 21635-440, Brasil",Sudeste,Rio de Janeiro,Rio de Janeiro,ANCHIETA,,FAVELA DO TATAO,-22.8273843000,-43.4097318000,"01/05/2018, 20:03:00",false,false,,Não identificado,,,false,0,0,0,0,0,0,0,0,0,0,0,0,0,0
13812,"R. Lins de Vasconcelos - Lins de Vasconcelos, Rio de Janeiro - RJ, 20710-130, Brazil",Sudeste,Rio de Janeiro,Rio de Janeiro,LINS DE VASCONCELOS,,MORRO DO GAMBA (COMPLEXO DO LINS),-22.9116366000,-43.2862981000,"01/05/2018, 21:52:00",false,false,,Não identificado,,,false,0,0,0,0,0,0,0,0,0,0,0,0,0,0
13809,"Bateau Mouche - Praça Seca, Rio de Janeiro - RJ, Brasil",Sudeste,Rio de Janeiro,Rio de Janeiro,PRACA SECA,,FAVELA BATEAU MOUCHE,-22.9060956000,-43.3534928000,"01/05/2018, 21:53:00",false,false,,Não identificado,,,false,0,0,0,0,0,0,0,0,0,0,0,0,0,0
13811,"Barreira do Vasco - São Cristóvão, Rio de Janeiro - RJ, 20921-110, Brasil",Sudeste,Rio de Janeiro,Rio de Janeiro,SAO CRISTOVAO,,BARREIRA DO VASCO,-22.8894905000,-43.2302379000,"01/05/2018, 21:55:00",false,false,,Não identificado,,,false,0,0,0,0,0,0,0,0,0,0,0,0,0,0
13813,"Gogó da Ema - Guadalupe, Rio de Janeiro - RJ, Brasil",Sudeste,Rio de Janeiro,Rio de Janeiro,GUADALUPE,,GOGO DA EMA (COMPLEXO DO CHAPADAO),-22.8309794000,-43.3794565000,"01/05/2018, 22:10:00",false,false,,Não identificado,,,false,0,0,0,0,0,0,0,0,0,0,0,0,0,0
13815,"Fallet, Catumbi, Rio de Janeiro - RJ, 20251-210, Brasil",Sudeste,Rio de Janeiro,Rio de Janeiro,CATUMBI,,FALLET/FOGUETEIRO,-22.9247878000,-43.1929693000,"01/05/2018, 23:23:00",false,false,,Não identificado,,,false,0,0,0,0,0,0,0,0,0,0,0,0,0,0
13816,"Av. Princesa Isabel - Santa Cruz, Rio de Janeiro - RJ, Brasil",Sudeste,Rio de Janeiro,Rio de Janeiro,SANTA CRUZ,,,-22.9227913000,-43.6852465000,"01/05/2018, 23:29:00",false,false,,Não identificado,,,false,0,0,0,0,0,0,0,0,0,0,0,0,0,0
13818,"Quafá- Vila Kennedy - Bangu, Rio de Janeiro - RJ, 21850-007, Brasil",Sudeste,Rio de Janeiro,Rio de Janeiro,VILA KENNEDY,,VILA KENNEDY,-22.8604006000,-43.4884116000,"01/05/2018, 23:44:00",false,false,,Não identificado,,,false,0,0,0,0,0,0,0,0,0,0,0,0,0,0
13824,"Quinze - Cidade de Deus, Rio de Janeiro - RJ, Brasil",Sudeste,Rio de Janeiro,Rio de Janeiro,CIDADE DE DEUS,,CIDADE DE DEUS,-22.9481688000,-43.3626721000,"02/05/2018, 05:52:00",false,false,,Não identificado,,,false,0,0,0,0,0,0,0,0,0,0,0,0,0,0
13826,"R. Piracambú - Acari, Rio de Janeiro - RJ, Brasil",Sudeste,Rio de Janeiro,Rio de Janeiro,ACARI,,FAVELA DE ACARI,-22.8245118000,-43.3456976000,"02/05/2018, 06:11:00",false,false,,Não identificado,,,false,0,0,0,0,0,0,0,0,0,0,0,0,0,0
13828,"Cidade de Deus, Rio de Janeiro - RJ, Brasil",Sudeste,Rio de Janeiro,Rio de Janeiro,CIDADE DE DEUS,,CIDADE DE DEUS,-22.9481688000,-43.3626721000,"02/05/2018, 06:26:00",false,false,,Não identificado,,,false,0,0,0,0,0,0,0,0,0,0,0,0,0,0
13834,"Roupa Suja - Rocinha, Rio de Janeiro - RJ, 22451-264, Brasil",Sudeste,Rio de Janeiro,Rio de Janeiro,ROCINHA,,ROCINHA,-22.9918352000,-43.2472354000,"02/05/2018, 09:22:00",false,false,,Não identificado,,,false,0,0,0,0,0,0,0,0,0,0,0,0,0,0
13835,"R. Dr. Noguchi - Ramos, Rio de Janeiro - RJ, Brasil",Sudeste,Rio de Janeiro,Rio de Janeiro,COMPLEXO DO ALEMAO,,MORRO DO ADEUS (COMPLEXO DO ALEMAO),-22.8606488000,-43.2629966000,"02/05/2018, 10:43:00",false,false,,Não identificado,,,false,0,0,0,0,0,0,0,0,0,0,0,0,0,0
13836,"R. dos Rubis, 199 - Rocha Miranda, Rio de Janeiro - RJ, 21510-012, Brasil",Sudeste,Rio de Janeiro,Rio de Janeiro,ROCHA MIRANDA,,,-22.8527242000,-43.3507612000,"02/05/2018, 10:50:00",false,false,,Não identificado,,,false,0,0,0,0,0,0,0,0,0,0,0,0,0,0
13838,"Morro do Final Feliz - R. Padre Antônio Esperando - Anchieta, Rio de Janeiro - RJ, 21655-590, Brasil",Sudeste,Rio de Janeiro,Rio de Janeiro,ANCHIETA,,MORRO DO FINAL FELIZ (COMPLEXO DO CHAPADAO),-22.8244350000,-43.3867830000,"02/05/2018, 12:00:00",false,false,,Não identificado,,,false,0,0,0,0,0,0,0,0,0,0,0,0,0,0
13856,"Morro do Adeus - Complexo do Alemão, Rio de Janeiro - RJ, Brasil",Sudeste,Rio de Janeiro,Rio de Janeiro,COMPLEXO DO ALEMAO,,MORRO DO ADEUS (COMPLEXO DO ALEMAO),-22.8654866000,-43.2619815000,"02/05/2018, 12:00:00",true,true,PM,Ação policial,,,false,0,0,0,0,0,0,0,0,0,0,0,0,0,0
13844,"Morro do Amor, R. Doná Francisca, Rio de Janeiro - RJ, 20715-370, Brasil",Sudeste,Rio de Janeiro,Rio de Janeiro,LINS DE VASCONCELOS,,MORRO DO AMOR (COMPLEXO DO LINS),-22.9141926000,-43.2777957000,"02/05/2018, 12:00:00",true,true,N�o identificado,Ação policial,,,false,0,0,0,0,0,0,0,0,0,0,0,0,0,0
13854,"Santa Cruz, Rio de Janeiro - RJ, Brasil",Sudeste,Rio de Janeiro,Rio de Janeiro,SANTA CRUZ,,,-22.9196515000,-43.6843877000,"02/05/2018, 17:00:00",false,true,,Homicidio/Tentativa,,,false,0,0,0,0,0,0,0,0,0,0,0,0,0,0
13846,"Cidade de Deus, Rio de Janeiro - RJ, Brasil",Sudeste,Rio de Janeiro,Rio de Janeiro,CIDADE DE DEUS,,CIDADE DE DEUS,-22.9481688000,-43.3626721000,"02/05/2018, 17:46:00",false,false,,Não identificado,,,false,0,0,0,0,0,0,0,0,0,0,0,0,0,0
13847,"Favela Barreira do Vasco - São Cristóvão, Rio de Janeiro - RJ, Brasil",Sudeste,Rio de Janeiro,Rio de Janeiro,SAO CRISTOVAO,,BARREIRA DO VASCO,-22.8875685000,-43.2281451000,"02/05/2018, 18:11:00",false,false,,Não identificado,,,false,0,0,0,0,0,0,0,0,0,0,0,0,0,0
13848,"Morro do Juramento - Vicente de Carvalho, Rio de Janeiro - RJ, Brasil",Sudeste,Rio de Janeiro,Rio de Janeiro,VICENTE DE CARVALHO,,MORRO DO JURAMENTO (COMPLEXO DO JURAMENTO),-22.8627778000,-43.3152778000,"02/05/2018, 18:29:00",false,false,,Não identificado,,,false,0,0,0,0,0,0,0,0,0,0,0,0,0,0
13852,"Morro da Formiga - Tijuca, Rio de Janeiro - RJ, 20530-120, Brasil",Sudeste,Rio de Janeiro,Rio de Janeiro,TIJUCA,,MORRO DA FORMIGA,-22.9435390000,-43.2414240000,"02/05/2018, 19:47:00",false,false,,Não identificado,,,false,0,0,0,0,0,0,0,0,0,0,0,0,0,0
13874,"Morro Jorge Turco - Colégio, Rio de Janeiro - RJ, 20765-630, Brasil",Sudeste,Rio de Janeiro,Rio de Janeiro,COLEGIO,,MORRO JORGE TURCO,-22.8386111000,-43.3447222000,"02/05/2018, 22:00:00",false,false,,Não identificado,,,false,0,0,0,0,0,0,0,0,0,0,0,0,0,0
13859,"R. Parque União - Maré, Rio de Janeiro - RJ, Brasil",Sudeste,Rio de Janeiro,Rio de Janeiro,MARE,,PARQUE UNIAO (COMPLEXO DA MARE),-22.8505373000,-43.2429237000,"02/05/2018, 22:59:00",false,false,,Não identificado,,,false,0,0,0,0,0,0,0,0,0,0,0,0,0,0
13860,"R. Marquês de Jacarepaguá, 707-731 - Taquara, Rio de Janeiro - RJ, 22730-290, Brasil",Sudeste,Rio de Janeiro,Rio de Janeiro,TANQUE,,,-22.9261531000,-43.3626062000,"02/05/2018, 23:45:00",true,true,N�o identificado,Ação policial,,,false,0,0,0,0,0,0,0,0,0,0,0,0,0,0
13861,"Estr. do Capenha, 1586 - Freguesia Jacarepagua, Rio de Janeiro - RJ, 22743-040, Brasil",Sudeste,Rio de Janeiro,Rio de Janeiro,FREGUESIA (JACAREPAGUA),,,-22.9357650000,-43.3517579000,"03/05/2018, 03:45:00",false,true,,Tentativa/Roubo,,,false,0,0,1,0,0,0,0,0,0,0,0,0,0,0
13862,"Cachoeirinha e Cachoeira Grande - Complexo do Lins - Lins de Vasconcelos, Rio de Janeiro - RJ, 20725-100, Brasil",Sudeste,Rio de Janeiro,Rio de Janeiro,LINS DE VASCONCELOS,,MORRO DA CACHOEIRINHA (COMPLEXO DO LINS),-22.9131610000,-43.2848063000,"03/05/2018, 03:57:00",true,true,PM,Operação policial,,,false,0,0,0,0,0,0,0,0,0,0,0,0,0,0
13871,"R. Grajaú - Grajau, Rio de Janeiro - RJ, Brasil",Sudeste,Rio de Janeiro,Rio de Janeiro,GRAJAU,,,-22.9239936000,-43.2628908000,"03/05/2018, 04:00:00",false,false,,Não identificado,,,false,0,0,0,0,0,0,0,0,0,0,0,0,0,0
13866,"R. Quintanilha, Cidade de Deus - Freguesia (Jacarepaguá), Rio de Janeiro - RJ, Brasil",Sudeste,Rio de Janeiro,Rio de Janeiro,CIDADE DE DEUS,,CIDADE DE DEUS,-22.9441764000,-43.3509827000,"03/05/2018, 05:46:00",true,true,"BOPE, BPChq, BAC, COE",Operação policial,,,true,6,2,0,1,0,0,0,0,0,0,0,0,0,0
13869,"AP2 e 15 - Cidade de Deus, Rio de Janeiro - RJ, Brasil",Sudeste,Rio de Janeiro,Rio de Janeiro,CIDADE DE DEUS,,CIDADE DE DEUS,-22.9481688000,-43.3626721000,"03/05/2018, 06:45:00",false,false,,Não identificado,,,false,0,0,0,0,0,0,0,0,0,0,0,0,0,0
13868,"Av. Cmte. Guaranys - Jacarepagua, Rio de Janeiro - RJ, Brasil",Sudeste,Rio de Janeiro,Rio de Janeiro,CIDADE DE DEUS,,CIDADE DE DEUS,-22.9537584000,-43.3709180000,"03/05/2018, 07:18:00",true,true,N�o identificado,Ação policial,,,false,0,0,0,0,0,0,0,0,0,0,0,0,0,0
13870,"15 - Cidade de Deus, Rio de Janeiro - RJ, Brasil",Sudeste,Rio de Janeiro,Rio de Janeiro,CIDADE DE DEUS,,CIDADE DE DEUS,-22.9481688000,-43.3626721000,"03/05/2018, 07:40:00",false,false,,Não identificado,,,false,0,0,0,0,0,0,0,0,0,0,0,0,0,0
13875,complexo do lins,Sudeste,Rio de Janeiro,Rio de Janeiro,LINS DE VASCONCELOS,,COMPLEXO DO LINS,-22.9196001000,-43.2855347000,"03/05/2018, 09:00:00",true,true,PM,Ação policial,,,false,0,1,0,0,0,0,0,0,0,0,0,0,0,0
13876,"R. Apolônia Pinto - Tanque, Rio de Janeiro - RJ, 22735-290, Brasil",Sudeste,Rio de Janeiro,Rio de Janeiro,TANQUE,,,-22.9244079000,-43.3637542000,"03/05/2018, 12:53:00",false,false,,Não identificado,,,false,0,0,0,0,0,0,0,0,0,0,0,0,0,0
13877,"Morro do Salgueiro - Tijuca, Rio de Janeiro - RJ, 20521-120, Brasil",Sudeste,Rio de Janeiro,Rio de Janeiro,TIJUCA,,MORRO DO SALGUEIRO,-22.9300912000,-43.2271241000,"03/05/2018, 13:16:00",false,false,,Não identificado,,,false,0,0,0,0,0,0,0,0,0,0,0,0,0,0
13879,"R. Congo - Vila Kennedy, Rio de Janeiro - RJ, Brasil",Sudeste,Rio de Janeiro,Rio de Janeiro,VILA KENNEDY,,VILA KENNEDY,-22.8621466000,-43.4907856000,"03/05/2018, 15:33:00",false,false,,Não identificado,,,false,0,0,0,0,0,0,0,0,0,0,0,0,0,0
13881,"Bateau Mouche, IPASE, Praça Seca, Rio de Janeiro - RJ, 21321-802, Brasil",Sudeste,Rio de Janeiro,Rio de Janeiro,PRACA SECA,,IPASE DA PRACA SECA,-22.9046925000,-43.3570580000,"03/05/2018, 16:01:00",false,false,,Não identificado,,,false,0,0,0,0,0,0,0,0,0,0,0,0,0,0
13883,"Jacaré, Rio de Janeiro - RJ, Brasil",Sudeste,Rio de Janeiro,Rio de Janeiro,JACARE,,,-22.8923272000,-43.2581953000,"03/05/2018, 16:31:00",false,false,,Não identificado,,,false,0,0,0,0,0,0,0,0,0,0,0,0,0,0
21242,"Paciência, Rio de Janeiro - RJ, 23065-140, Brasil",Sudeste,Rio de Janeiro,Rio de Janeiro,PACIENCIA,,,-22.8736282000,-43.6298442000,"03/05/2018, 17:00:00",false,true,,Homicidio/Tentativa,,,false,0,0,1,0,0,0,0,0,0,0,0,0,0,0
13888,"Rua Glauco Velasquez - Encantado, Rio de Janeiro - RJ, 20745-070, Brasil",Sudeste,Rio de Janeiro,Rio de Janeiro,ENCANTADO,,,-22.8994908000,-43.3052439000,"03/05/2018, 17:14:00",false,false,,Não identificado,,,false,0,0,0,0,0,0,0,0,0,0,0,0,0,0
13906,"Vila Joaniza, Ilha do Governador  - Rio de Janeiro - RJ, 21941-480",Sudeste,Rio de Janeiro,Rio de Janeiro,GALEAO,,MORRO DO BARBANTE (OU VILA JOANIZA),-22.8148203000,-43.2302931000,"03/05/2018, 17:30:00",true,true,PM,Ação policial,,,false,1,0,0,0,0,0,0,0,0,0,0,0,0,0
13886,"R. Brício de Abreu, 2 - Praça Seca, Rio de Janeiro - RJ, Brasil",Sudeste,Rio de Janeiro,Rio de Janeiro,PRACA SECA,,MORRO SAO JOSE OPERARIO (OU MORRO DA BARAO),-22.9059077000,-43.3438091000,"03/05/2018, 17:41:00",false,false,,Não identificado,,,false,0,0,0,0,0,0,0,0,0,0,0,0,0,0
13885,"R. Vila Nova Ac Comendador Guerra, 253 - Pavuna, Rio de Janeiro - RJ, 21520-211, Brasil",Sudeste,Rio de Janeiro,Rio de Janeiro,PAVUNA,,FAVELA VILA PRIVILEGIO,-22.8125350000,-43.3712290000,"03/05/2018, 17:43:00",false,false,,Não identificado,,,false,0,0,0,0,0,0,0,0,0,0,0,0,0,0
13887,"R. Maratuba, 688 - Ricardo de Albuquerque, Rio de Janeiro - RJ, 21620-430, Brasil",Sudeste,Rio de Janeiro,Rio de Janeiro,RICARDO DE ALBUQUERQUE,,,-22.8406020000,-43.4093159000,"03/05/2018, 17:52:00",false,false,,Não identificado,,,false,0,0,0,0,0,0,0,0,0,0,0,0,0,0
13889,"Estr. Alm. Santiago Dantas, 2-148 - Barros Filho, Rio de Janeiro - RJ",Sudeste,Rio de Janeiro,Rio de Janeiro,BARROS FILHO,,FAVELA DA TERRA NOSTRA (COMPLEXO DA PEDREIRA),-22.8290861000,-43.3679393000,"03/05/2018, 18:15:00",false,false,,Não identificado,,,false,0,0,0,0,0,0,0,0,0,0,0,0,0,0
13892,"Praça Paulo Setúbal, 108 - Vila da Penha, Rio de Janeiro - RJ, 21221-350, Brasil",Sudeste,Rio de Janeiro,Rio de Janeiro,VILA DA PENHA,,,-22.8413320000,-43.3114470000,"03/05/2018, 20:40:00",false,false,,Não identificado,,,false,0,0,0,0,0,0,0,0,0,0,0,0,0,0
13894,Karatê - cidade de deus,Sudeste,Rio de Janeiro,Rio de Janeiro,CIDADE DE DEUS,,CIDADE DE DEUS,-22.9481688000,-43.3626721000,"03/05/2018, 20:53:00",false,false,,Não identificado,,,false,0,0,0,0,0,0,0,0,0,0,0,0,0,0
13941,"Morro do Barbante, Ilha do Governador, Rio de Janeiro - RJ, Brasil",Sudeste,Rio de Janeiro,Rio de Janeiro,GALEAO,,MORRO DO BARBANTE (OU VILA JOANIZA),-22.8133597000,-43.2315174000,"03/05/2018, 21:00:00",false,false,,Não identificado,,,false,0,0,0,0,0,0,0,0,0,0,0,0,0,0
13897,"R. Piauí, Rio de Janeiro - RJ, Brasil",Sudeste,Rio de Janeiro,Rio de Janeiro,TODOS OS SANTOS,,,-22.8919283000,-43.2877133000,"04/05/2018, 02:10:00",true,true,N�o identificado,Ação policial,,,false,0,0,0,0,0,0,0,0,0,0,0,0,0,0
13900,"Pantanal - Cidade de Deus, Rio de Janeiro - RJ, Brasil",Sudeste,Rio de Janeiro,Rio de Janeiro,CIDADE DE DEUS,,CIDADE DE DEUS,-22.9481688000,-43.3626721000,"04/05/2018, 02:49:00",true,true,PM,Operação policial,,,false,0,0,0,0,0,0,0,0,0,0,0,0,0,0
13898,"Estr. dos Teixeiras, Rio de Janeiro - RJ, Brasil",Sudeste,Rio de Janeiro,Rio de Janeiro,REALENGO,,TEIXEIRAS,-22.9071259000,-43.4219404000,"04/05/2018, 03:18:00",false,false,,Não identificado,,,false,0,0,0,0,0,0,0,0,0,0,0,0,0,0
13899,"Morro do Juramento - Vicente de Carvalho, Rio de Janeiro - RJ, Brasil",Sudeste,Rio de Janeiro,Rio de Janeiro,VICENTE DE CARVALHO,,MORRO DO JURAMENTO (COMPLEXO DO JURAMENTO),-22.8627778000,-43.3152778000,"04/05/2018, 03:37:00",false,false,,Não identificado,,,false,0,0,0,0,0,0,0,0,0,0,0,0,0,0
13902,"Morro da Babilônia - Urca, Rio de Janeiro - RJ, 22010-011, Brasil",Sudeste,Rio de Janeiro,Rio de Janeiro,LEME,,BABILONIA,-22.9574170000,-43.1690850000,"04/05/2018, 04:37:00",true,true,N�o identificado,Ação policial,,,false,0,0,0,0,0,0,0,0,0,0,0,0,0,0
13926,"R. Gen. Almério de Moura, 131 - Vasco da Gama, Rio de Janeiro - RJ, 20921-060, Brasil",Sudeste,Rio de Janeiro,Rio de Janeiro,VASCO DA GAMA,,,-22.8907770000,-43.2289720000,"04/05/2018, 07:00:00",false,false,,Briga,,,false,0,0,0,0,0,0,0,0,0,0,0,0,0,0
13911,"R. Cmte. Gracindo de Sá, 156-252 - Jacaré, Rio de Janeiro - RJ, Brasil",Sudeste,Rio de Janeiro,Rio de Janeiro,JACAREZINHO,,JACAREZINHO,-22.8837334000,-43.2563261000,"04/05/2018, 07:10:00",true,true,N�o identificado,Ação policial,,,false,0,0,0,0,0,0,0,0,0,0,0,0,0,0
13916,"R. Cmte. Gracindo de Sá - Jacaré, Rio de Janeiro - RJ, Brasil",Sudeste,Rio de Janeiro,Rio de Janeiro,JACAREZINHO,,JACAREZINHO,-22.8844776000,-43.2564252000,"04/05/2018, 08:00:00",false,false,,Não identificado,,,false,0,0,0,0,0,0,0,0,0,0,0,0,0,0
13919,"Turano - Rio Comprido, Rio de Janeiro - RJ, 20261-004, Brasil",Sudeste,Rio de Janeiro,Rio de Janeiro,RIO COMPRIDO,,MORRO DO TURANO,-22.9256516000,-43.2154698000,"04/05/2018, 08:20:00",false,false,,Não identificado,,,false,0,0,0,0,0,0,0,0,0,0,0,0,0,0
13920,"Estr. da Água Branca, Rio de Janeiro - RJ, Brasil",Sudeste,Rio de Janeiro,Rio de Janeiro,PADRE MIGUEL,,,-22.8623093000,-43.4541385000,"04/05/2018, 10:05:00",false,false,,Não identificado,,,false,0,0,0,0,0,0,0,0,0,0,0,0,0,0
13921,"R. Dr. Augusto Figueiredo - Bangu, Rio de Janeiro - RJ, Brasil",Sudeste,Rio de Janeiro,Rio de Janeiro,BANGU,,VILA ALIANCA,-22.8740989000,-43.4785922000,"04/05/2018, 10:31:00",false,false,,Não identificado,,,false,0,0,0,0,0,0,0,0,0,0,0,0,0,0
13922,"R. Uranos, Rio de Janeiro - RJ, Brasil",Sudeste,Rio de Janeiro,Rio de Janeiro,BONSUCESSO,,,-22.8678729000,-43.2554003000,"04/05/2018, 11:45:00",true,true,N�o identificado,Ação policial,,,false,0,0,0,0,0,0,0,0,0,0,0,0,0,0
13949,"Av. Brasil, 7026 - Ramos, Rio de Janeiro - RJ, Brasil",Sudeste,Rio de Janeiro,Rio de Janeiro,MANGUINHOS,,MORRO DO CHAPARRAL,-22.8475653000,-43.2471078000,"04/05/2018, 12:00:00",true,true,N�o identificado,Ação policial,,Perseguição,false,0,0,0,0,0,0,0,0,0,0,0,0,0,0
13925,"Maré, Rio de Janeiro - RJ, Brasil",Sudeste,Rio de Janeiro,Rio de Janeiro,MARE,,COMPLEXO DA MARE,-22.8574971000,-43.2430137000,"04/05/2018, 13:33:00",false,false,,Não identificado,,,false,0,0,0,0,0,0,0,0,0,0,0,0,0,0
13951,"Av. Alm. Aimara Xavier de Souza, 480 - Bangu, Rio de Janeiro - RJ, 21864-221, Brasil",Sudeste,Rio de Janeiro,Rio de Janeiro,BANGU,,PARQUE RESIDENCIAL SEIS DE NOVEMBRO (CONJUNTO DA MARINHA),-22.8549150000,-43.4592124000,"04/05/2018, 17:00:00",false,false,,Homicidio/Tentativa,,,false,1,0,0,0,0,0,0,0,0,0,0,0,0,0
13934,"Favela do 13 - Cidade de Deus, Rio de Janeiro - RJ, 22773-330, Brasil",Sudeste,Rio de Janeiro,Rio de Janeiro,CIDADE DE DEUS,,CIDADE DE DEUS,-22.9506000000,-43.3615410000,"04/05/2018, 17:11:00",false,false,,Não identificado,,,false,0,0,0,0,0,0,0,0,0,0,0,0,0,0
13937,"Estr. dos Teixeiras, 241-321 - Jacarepagua, Rio de Janeiro - RJ, Brasil",Sudeste,Rio de Janeiro,Rio de Janeiro,JACAREPAGUA,,BOIUNA,-22.9126181000,-43.4156835000,"04/05/2018, 18:00:00",true,true,N�o identificado,Ação policial,,,false,0,0,0,0,0,0,0,0,0,0,0,0,0,0
13939,"Av. Cesário de Melo, 13655 - Santa Cruz, Rio de Janeiro - RJ, 23590-060, Brasil",Sudeste,Rio de Janeiro,Rio de Janeiro,SANTA CRUZ,,CESARAO,-22.9335960000,-43.6611405000,"04/05/2018, 18:30:00",false,false,,Não identificado,,,false,0,0,0,0,0,0,0,0,0,0,0,0,0,0
13942,"AP, Cidade de Deus, Rio de Janeiro - RJ, Brasil",Sudeste,Rio de Janeiro,Rio de Janeiro,CIDADE DE DEUS,,CIDADE DE DEUS,-22.9480762000,-43.3524943000,"04/05/2018, 20:07:00",true,true,N�o identificado,Ação policial,,,false,0,0,0,0,0,0,0,0,0,0,0,0,0,0
13943,"Beco do Brizola, 78-428 - Santa Cruz, Rio de Janeiro - RJ, 23575-390, Brasil",Sudeste,Rio de Janeiro,Rio de Janeiro,SANTA CRUZ,,BECO DO BRIZOLA,-22.9128260000,-43.6672131000,"04/05/2018, 20:30:00",false,false,,Não identificado,,,false,0,0,0,0,0,0,0,0,0,0,0,0,0,0
13945,"Favela Jardim Novo - Realengo, Rio de Janeiro - RJ, 21760-000, Brasil",Sudeste,Rio de Janeiro,Rio de Janeiro,REALENGO,,,-22.8910933000,-43.4185835000,"04/05/2018, 20:32:00",false,false,,Não identificado,,,false,0,0,0,0,0,0,0,0,0,0,0,0,0,0
13948,"Estr. dos Teixeiras, Rio de Janeiro - RJ, Brasil",Sudeste,Rio de Janeiro,Rio de Janeiro,REALENGO,,TEIXEIRAS,-22.9054591000,-43.4242899000,"04/05/2018, 21:21:00",true,true,N�o identificado,Ação policial,,,false,0,0,0,0,0,0,0,0,0,0,0,0,0,0
13950,"Jardim Novo - Av. Pirpirituba, 228 - Realengo, Rio de Janeiro - RJ, 21760-240, Brasil",Sudeste,Rio de Janeiro,Rio de Janeiro,REALENGO,,,-22.8924322000,-43.4176858000,"04/05/2018, 21:41:00",false,false,,Não identificado,,,false,0,0,0,0,0,0,0,0,0,0,0,0,0,0
13953,"R. Bartolomeu de Gusmão, 404 - Mangueira, Rio de Janeiro - RJ, 20941-160, Brasil",Sudeste,Rio de Janeiro,Rio de Janeiro,MANGUEIRA,,MANGUEIRA,-22.9048464000,-43.2329298000,"04/05/2018, 22:05:00",false,false,,Não identificado,,,false,0,0,0,0,0,0,0,0,0,0,0,0,0,0
13957,"Penha, Rio de Janeiro - RJ, 21020-190, Brasil",Sudeste,Rio de Janeiro,Rio de Janeiro,PENHA,,,-22.8335830000,-43.2773240000,"05/05/2018, 01:00:00",true,true,N�o identificado,Ação policial,,Perseguição,false,1,2,0,0,0,0,0,0,0,0,0,0,0,0
13958,"Cachopa - Rocinha, Rio de Janeiro - RJ, Brasil",Sudeste,Rio de Janeiro,Rio de Janeiro,ROCINHA,,ROCINHA,-22.9881913000,-43.2499892000,"05/05/2018, 06:33:00",false,false,,Não identificado,,,false,0,0,0,0,0,0,0,0,0,0,0,0,0,0
13962,"Cajueiro - Madureira, Rio de Janeiro - RJ, 21360-100, Brasil",Sudeste,Rio de Janeiro,Rio de Janeiro,MADUREIRA,,MORRO DO CAJUEIRO (COMPLEXO DO CAJUEIRO),-22.8642640000,-43.3370160000,"05/05/2018, 07:27:00",false,false,,Não identificado,,,false,0,0,0,0,0,0,0,0,0,0,0,0,0,0
13963,"Cachopa,  Rua 2, Macega, Valão, Cesário e Vila Verde - Rocinha, Rio de Janeiro - RJ, Brasil",Sudeste,Rio de Janeiro,Rio de Janeiro,ROCINHA,,ROCINHA,-22.9879841000,-43.2479825000,"05/05/2018, 07:33:00",true,true,N�o identificado,Ação policial,,,false,0,0,0,0,0,0,0,0,0,0,0,0,0,0
13964,"Jardim Novo - Realengo, Rio de Janeiro - RJ, 21760-000, Brasil",Sudeste,Rio de Janeiro,Rio de Janeiro,REALENGO,,,-22.8924682000,-43.4188850000,"05/05/2018, 08:01:00",false,false,,Não identificado,,,false,0,0,0,0,0,0,0,0,0,0,0,0,0,0
13967,"Chelsea, Morro dos Macacos - Vila Isabel, Rio de Janeiro - RJ, 20551-190, Brasil",Sudeste,Rio de Janeiro,Rio de Janeiro,VILA ISABEL,,MORRO DOS MACACOS,-22.9121179000,-43.2485523000,"05/05/2018, 08:06:00",true,true,PM,Ação policial,,,false,0,1,0,1,0,0,0,0,0,0,0,0,0,0
13968,"Salgiueiro, Tijuca, Rio de Janeiro - RJ, Brasil",Sudeste,Rio de Janeiro,Rio de Janeiro,TIJUCA,,MORRO DO SALGUEIRO,-22.9278559000,-43.2386250000,"05/05/2018, 08:25:00",false,false,,Não identificado,,,false,0,0,0,0,0,0,0,0,0,0,0,0,0,0
13969,"Karatê - Cidade de Deus, Rio de Janeiro - RJ, Brasil",Sudeste,Rio de Janeiro,Rio de Janeiro,CIDADE DE DEUS,,CIDADE DE DEUS,-22.9481688000,-43.3626721000,"05/05/2018, 09:25:00",false,false,,Não identificado,,,false,0,0,0,0,0,0,0,0,0,0,0,0,0,0
13970,"Roupa Suja - Rocinha, Rio de Janeiro - RJ, 22451-264, Brasil",Sudeste,Rio de Janeiro,Rio de Janeiro,ROCINHA,,ROCINHA,-22.9918352000,-43.2472354000,"05/05/2018, 09:31:00",false,false,,Não identificado,,,false,0,0,0,0,0,0,0,0,0,0,0,0,0,0
13985,"Rua Belfort Roxo, 246C - Copacabana, Rio de Janeiro - RJ, 22020-010, Brasil",Sudeste,Rio de Janeiro,Rio de Janeiro,COPACABANA,,,-22.9635500000,-43.1762846000,"05/05/2018, 10:00:00",true,true,N�o identificado,Ação policial,,Perseguição,false,0,2,0,0,0,0,0,0,0,0,0,0,0,0
13972,"Jacarezinho, Rio de Janeiro - RJ, Brasil",Sudeste,Rio de Janeiro,Rio de Janeiro,JACAREZINHO,,JACAREZINHO,-22.8875573000,-43.2581953000,"05/05/2018, 13:36:00",false,false,,Não identificado,,,false,0,0,0,0,0,0,0,0,0,0,0,0,0,0
13977,"Tangará - Cidade de Deus, Rio de Janeiro - RJ, Brasil",Sudeste,Rio de Janeiro,Rio de Janeiro,CIDADE DE DEUS,,CIDADE DE DEUS,-22.9435138000,-43.3696981000,"05/05/2018, 14:01:00",false,false,,Não identificado,,,false,0,0,0,0,0,0,0,0,0,0,0,0,0,0
13974,"Av. Leopoldo Bulhões - Benfica, Rio de Janeiro - RJ, Brasil",Sudeste,Rio de Janeiro,Rio de Janeiro,BENFICA,,PARQUE ARARA,-22.8901142000,-43.2431129000,"05/05/2018, 16:25:00",false,false,,Não identificado,,,false,0,0,0,0,0,0,0,0,0,0,0,0,0,0
13976,"R. Congo - Bangu, Rio de Janeiro - RJ, Brasil",Sudeste,Rio de Janeiro,Rio de Janeiro,VILA KENNEDY,,VILA KENNEDY,-22.8621466000,-43.4907856000,"05/05/2018, 16:43:00",true,true,N�o identificado,Ação policial,,,false,0,0,0,0,0,0,0,0,0,0,0,0,0,0
13978,"R. Congo - Bangu, Rio de Janeiro - RJ, Brasil",Sudeste,Rio de Janeiro,Rio de Janeiro,VILA KENNEDY,,VILA KENNEDY,-22.8621466000,-43.4907856000,"05/05/2018, 17:41:00",false,false,,Não identificado,,,false,0,0,0,0,0,0,0,0,0,0,0,0,0,0
13979,"R. 2 - Rocinha, Rio de Janeiro - RJ, Brasil",Sudeste,Rio de Janeiro,Rio de Janeiro,ROCINHA,,ROCINHA,-22.9895932000,-43.2464165000,"05/05/2018, 19:17:00",true,true,N�o identificado,Ação policial,,,false,0,0,0,0,0,0,0,0,0,0,0,0,0,0
13983,"Rua 2 - Terreirão, Rocinha, Rio de Janeiro - RJ, Brasil",Sudeste,Rio de Janeiro,Rio de Janeiro,ROCINHA,,ROCINHA,-22.9896753000,-43.2470377000,"05/05/2018, 20:36:00",true,true,N�o identificado,Ação policial,,,false,0,0,0,0,0,0,0,0,0,0,0,0,0,0
13992,"R. Gen. Glicério - Laranjeiras, Rio de Janeiro - RJ, Brasil",Sudeste,Rio de Janeiro,Rio de Janeiro,LARANJEIRAS,,,-22.9408960000,-43.1916784000,"05/05/2018, 23:45:00",false,false,,Tentativa/Roubo a banco,,,false,0,0,0,0,0,0,0,0,0,0,0,0,0,0
13987,"Estrada da Canoa, 610 - São Conrado, Rio de Janeiro - RJ, 22610-210, Brasil",Sudeste,Rio de Janeiro,Rio de Janeiro,SAO CONRADO,,FAVELA VILA CANOA,-22.9955116000,-43.2697913000,"06/05/2018, 00:20:00",false,false,,Não identificado,,,false,0,0,0,0,0,0,0,0,0,0,0,0,0,0
13988,"Cosme Velho, Rio de Janeiro - RJ, 20241-263, Brasil",Sudeste,Rio de Janeiro,Rio de Janeiro,COSME VELHO,,,-22.9383439000,-43.1947055000,"06/05/2018, 00:54:00",false,false,,Não identificado,,,false,0,0,0,0,0,0,0,0,0,0,0,0,0,0
13994,"R. Gen. Azeredo - Realengo, Rio de Janeiro - RJ, Brasil",Sudeste,Rio de Janeiro,Rio de Janeiro,REALENGO,,,-22.8873526000,-43.4285677000,"06/05/2018, 05:00:00",true,true,PM,Ação policial,,,false,1,0,0,0,0,0,0,0,0,0,0,0,0,0
13989,"R. Jericó - Cidade de Deus, Rio de Janeiro - RJ, Brasil",Sudeste,Rio de Janeiro,Rio de Janeiro,CIDADE DE DEUS,,CIDADE DE DEUS,-22.9488848000,-43.3678446000,"06/05/2018, 05:37:00",false,false,,Não identificado,,,false,0,0,0,0,0,0,0,0,0,0,0,0,0,0
13990,"Estr. do Camboatá, Rio de Janeiro - RJ, Brasil",Sudeste,Rio de Janeiro,Rio de Janeiro,GUADALUPE,,FAVELA FAZ QUEM QUER,-22.8340410000,-43.3795537000,"06/05/2018, 07:04:00",false,false,,Não identificado,,,false,0,0,0,0,0,0,0,0,0,0,0,0,0,0
14000,"Av. Jambeiro - Vila Valqueire, Rio de Janeiro - RJ, Brasil",Sudeste,Rio de Janeiro,Rio de Janeiro,VILA VALQUEIRE,,,-22.8820390000,-43.3714760000,"06/05/2018, 18:00:00",false,false,,Não identificado,,,false,0,0,0,0,0,0,0,0,0,0,0,0,0,0
14003,"R. Joaquim Martins, 142 - Encantado, Rio de Janeiro - RJ, 20745-230, Brasil",Sudeste,Rio de Janeiro,Rio de Janeiro,ENCANTADO,,FAVELA BECO DO VITORINO,-22.9007497000,-43.3058632000,"06/05/2018, 19:03:00",false,false,,Não identificado,,,false,0,0,0,0,0,0,0,0,0,0,0,0,0,0
14006,"R. Vila Nova Ac Comendador Guerra, 253 - Pavuna, Rio de Janeiro - RJ, 21520-211, Brasil",Sudeste,Rio de Janeiro,Rio de Janeiro,PAVUNA,,FAVELA VILA PRIVILEGIO,-22.8125350000,-43.3712290000,"06/05/2018, 19:53:00",false,false,,Não identificado,,,false,0,0,0,0,0,0,0,0,0,0,0,0,0,0
14056,"Rua Lauro Müller, 116 - Botafogo, Rio de Janeiro - RJ, 22290-160, Brasil",Sudeste,Rio de Janeiro,Rio de Janeiro,BOTAFOGO,,,-22.9569798000,-43.1768217000,"06/05/2018, 21:00:00",false,false,,Não identificado,,Shopping,false,0,0,0,0,0,0,0,0,0,0,0,0,0,0
14009,"Morro da Lagartixa - Costa Barros, Rio de Janeiro - RJ, 21515-280, Brasil",Sudeste,Rio de Janeiro,Rio de Janeiro,COSTA BARROS,,MORRO DA LAGARTIXA (COMPLEXO DA PEDREIRA),-22.8241667000,-43.3644444000,"06/05/2018, 23:52:00",false,false,,Não identificado,,,false,0,0,0,0,0,0,0,0,0,0,0,0,0,0
14010,"luiz coutinho cavalcante, Muquiço - Mal. Hermes, Rio de Janeiro - RJ, 21670-520, Brasil",Sudeste,Rio de Janeiro,Rio de Janeiro,MARECHAL HERMES,,FAVELA DO MUQUICO,-22.8508600000,-43.3717290000,"07/05/2018, 02:45:00",false,false,,Não identificado,,,false,0,0,0,0,0,0,0,0,0,0,0,0,0,0
14021,"Av. de Santa Cruz - Realengo, Rio de Janeiro - RJ, Brasil",Sudeste,Rio de Janeiro,Rio de Janeiro,PADRE MIGUEL,,,-22.8769802000,-43.4456679000,"07/05/2018, 03:00:00",false,false,,Homicidio/Tentativa,,,false,1,1,0,0,0,0,0,0,0,0,0,0,0,0
14018,"R. Henrique Midosi, 2-134 - São Conrado, Rio de Janeiro - RJ, 22610-120, Brasil",Sudeste,Rio de Janeiro,Rio de Janeiro,SAO CONRADO,,,-22.9992355000,-43.2669935000,"07/05/2018, 03:02:00",false,false,,Não identificado,,,false,0,0,0,0,0,0,0,0,0,0,0,0,0,0
14012,"Morro do Pavao - Copacabana, Rio de Janeiro - RJ, 22071-060, Brasil",Sudeste,Rio de Janeiro,Rio de Janeiro,COPACABANA,,MORRO DO PAVAO-PAVAOZINHO,-22.9811111000,-43.1975000000,"07/05/2018, 04:15:00",true,true,N�o identificado,Ação policial,,,false,0,0,0,0,0,0,0,0,0,0,0,0,0,0
14024,"Linha Vermelha - Maré, Rio de Janeiro - RJ, Brasil",Sudeste,Rio de Janeiro,Rio de Janeiro,MARE,,COMPLEXO DA MARE,-22.8582480000,-43.2378209000,"07/05/2018, 06:00:00",false,false,,Não identificado,,,false,0,0,0,0,0,0,0,0,0,0,0,0,0,0
14022,"Cidade de Deus, Rio de Janeiro - RJ, Brasil",Sudeste,Rio de Janeiro,Rio de Janeiro,CIDADE DE DEUS,,CIDADE DE DEUS,-22.9481688000,-43.3626721000,"07/05/2018, 06:41:00",false,false,,Não identificado,,,false,0,0,0,0,0,0,0,0,0,0,0,0,0,0
14058,"Favela Faz Quem Quer -Rocha Miranda, Rio de Janeiro - RJ, Brasil",Sudeste,Rio de Janeiro,Rio de Janeiro,ROCHA MIRANDA,,MORRO DO FAZ QUEM QUER (COMPLEXO DO CAJUEIRO),-22.8520103000,-43.3468065000,"07/05/2018, 10:00:00",true,true,N�o identificado,Operação policial,,,false,0,2,0,0,0,0,0,0,0,0,0,0,0,0
14028,"Tv. Chipre, 5 - Cidade de Deus, Rio de Janeiro - RJ, 22772-400, Brasil",Sudeste,Rio de Janeiro,Rio de Janeiro,CIDADE DE DEUS,,CIDADE DE DEUS,-22.9482140000,-43.3626570000,"07/05/2018, 13:51:00",false,false,,Não identificado,,,false,0,0,0,0,0,0,0,0,0,0,0,0,0,0
14029,"Cesário - Rocinha, Rio de Janeiro - RJ, Brasil",Sudeste,Rio de Janeiro,Rio de Janeiro,ROCINHA,,ROCINHA,-22.9879841000,-43.2479825000,"07/05/2018, 14:16:00",false,false,,Não identificado,,,false,0,0,0,0,0,0,0,0,0,0,0,0,0,0
14034,"Vila Kennedy - R. Congo - Bangu, Rio de Janeiro - RJ, Brasil",Sudeste,Rio de Janeiro,Rio de Janeiro,VILA KENNEDY,,VILA KENNEDY,-22.8621466000,-43.4907856000,"07/05/2018, 17:00:00",false,false,,Não identificado,,,false,0,0,0,0,0,0,0,0,0,0,0,0,0,0
14031,"Estr. da Covanca - Tanque, Rio de Janeiro - RJ, Brasil",Sudeste,Rio de Janeiro,Rio de Janeiro,TANQUE,,MORRO DA COVANCA,-22.9148888000,-43.3480613000,"07/05/2018, 17:06:00",false,false,,Não identificado,,,false,0,0,0,0,0,0,0,0,0,0,0,0,0,0
14032,"Favela Proença Rosa, Honório Gurgel, Rio de Janeiro - RJ, 21512-360, Brasil",Sudeste,Rio de Janeiro,Rio de Janeiro,HONORIO GURGEL,,PROENCA ROSA,-22.8388119000,-43.3611636000,"07/05/2018, 17:26:00",false,false,,Não identificado,,,false,0,0,0,0,0,0,0,0,0,0,0,0,0,0
14036,"Vila Kennedy - R. Congo - Bangu, Rio de Janeiro - RJ, Brasil",Sudeste,Rio de Janeiro,Rio de Janeiro,VILA KENNEDY,,VILA KENNEDY,-22.8621466000,-43.4907856000,"07/05/2018, 18:47:00",true,true,FFAA,Operação policial,,,false,0,0,0,0,0,0,0,0,0,0,0,0,0,0
14041,"Estr. da Covanca, 1245-1349 - Tanque, Rio de Janeiro - RJ, Brasil",Sudeste,Rio de Janeiro,Rio de Janeiro,TANQUE,,MORRO DA COVANCA,-22.9143029000,-43.3482878000,"07/05/2018, 19:17:00",false,false,,Não identificado,,,false,0,0,0,0,0,0,0,0,0,0,0,0,0,0
14042,"R. São Carlos - Estácio, Rio de Janeiro - RJ, Brasil",Sudeste,Rio de Janeiro,Rio de Janeiro,ESTACIO,,MORRO DO SAO CARLOS (COMPLEXO DO SAO CARLOS),-22.9170589000,-43.2047190000,"07/05/2018, 19:20:00",false,false,,Disputa,,,false,0,0,0,0,0,0,0,0,0,0,0,0,0,0
14039,"R. Falet - Santa Teresa, Rio de Janeiro - RJ, Brasil",Sudeste,Rio de Janeiro,Rio de Janeiro,SANTA TERESA,,FALLET/FOGUETEIRO,-22.9266315000,-43.1963660000,"07/05/2018, 19:36:00",false,false,,Não identificado,,,false,0,0,0,0,0,0,0,0,0,0,0,0,0,0
14040,"R. Itapiru, Rio de Janeiro - RJ, Brazil",Sudeste,Rio de Janeiro,Rio de Janeiro,CATUMBI,,,-22.9213528000,-43.1970040000,"07/05/2018, 19:36:00",false,false,,Não identificado,,,false,0,0,0,0,0,0,0,0,0,0,0,0,0,0
14048,"Av. Lobo Júnior, 1093-1133 - Penha, Rio de Janeiro - RJ, 21020-124, Brasil",Sudeste,Rio de Janeiro,Rio de Janeiro,PENHA,,,-22.8306873000,-43.2777881000,"07/05/2018, 20:48:00",false,false,,Não identificado,,,false,0,0,0,0,0,0,0,0,0,0,0,0,0,0
14055,"São Clemente - Botafogo, Rio de Janeiro - RJ, Brasil",Sudeste,Rio de Janeiro,Rio de Janeiro,BOTAFOGO,,,-22.9511149000,-43.1809269000,"07/05/2018, 22:20:00",false,false,,Não identificado,,,false,0,0,0,0,0,0,0,0,0,0,0,0,0,0
14051,"Praça Seca, Rio de Janeiro - RJ, 21320-000, Brasil",Sudeste,Rio de Janeiro,Rio de Janeiro,PRACA SECA,,,-22.8929111000,-43.3486234000,"08/05/2018, 03:54:00",false,false,,Não identificado,,,false,0,0,0,0,0,0,0,0,0,0,0,0,0,0
14052,"Karatê, Lâminha e Rocinha2 -Cidade de Deus, Rio de Janeiro - RJ, Brasil",Sudeste,Rio de Janeiro,Rio de Janeiro,CIDADE DE DEUS,,CIDADE DE DEUS,-22.9481688000,-43.3626721000,"08/05/2018, 04:07:00",false,false,,Não identificado,,,false,0,0,0,0,0,0,0,0,0,0,0,0,0,0
14054,"Rola - Santa Cruz, Rio de Janeiro - RJ, Brasil",Sudeste,Rio de Janeiro,Rio de Janeiro,SANTA CRUZ,,COMPLEXO DO RODO,-22.9196515000,-43.6843877000,"08/05/2018, 05:25:00",false,false,,Não identificado,,,false,0,0,0,0,0,0,0,0,0,0,0,0,0,0
14060,"R. Dr. Bernardino - Praça Seca, Rio de Janeiro - RJ, Brasil",Sudeste,Rio de Janeiro,Rio de Janeiro,PRACA SECA,,MORRO SAO JOSE OPERARIO (OU MORRO DA BARAO),-22.8976790000,-43.3464154000,"08/05/2018, 08:20:00",false,false,,Não identificado,,,false,0,0,0,0,0,0,0,0,0,0,0,0,0,0
14061,"Morro do Adeus, Complexo do Alemão, Rio de Janeiro - RJ, Brasil",Sudeste,Rio de Janeiro,Rio de Janeiro,COMPLEXO DO ALEMAO,,MORRO DO ADEUS (COMPLEXO DO ALEMAO),-22.8641710000,-43.2689219000,"08/05/2018, 09:32:00",false,false,,Não identificado,,,false,0,0,0,0,0,0,0,0,0,0,0,0,0,0
14064,"AP, Cidade de Deus, Jacarepaguá, Rio de Janeiro - RJ, 22763-050, Brasil",Sudeste,Rio de Janeiro,Rio de Janeiro,CIDADE DE DEUS,,CIDADE DE DEUS,-22.9487413000,-43.3543074000,"08/05/2018, 10:06:00",false,false,,Não identificado,,,false,0,0,0,0,0,0,0,0,0,0,0,0,0,0
14067,"Tangará - R. Jericó - Cidade de Deus, Rio de Janeiro - RJ, 22773-100, Brasil",Sudeste,Rio de Janeiro,Rio de Janeiro,CIDADE DE DEUS,,CIDADE DE DEUS,-22.9465380000,-43.3691760000,"08/05/2018, 11:49:00",true,true,N�o identificado,Operação policial,,,false,1,0,0,0,0,0,0,0,0,0,0,0,0,0
14066,"R. Amaral Ornelas, 267 - Pavuna, Rio de Janeiro - RJ, 21520-200, Brasil",Sudeste,Rio de Janeiro,Rio de Janeiro,PAVUNA,,FAVELA CORO COME,-22.8120480000,-43.3701480000,"08/05/2018, 12:04:00",false,false,,Não identificado,,,false,0,0,0,0,0,0,0,0,0,0,0,0,0,0
14070,"R. Dr. Bernardino - Praça Seca, Rio de Janeiro - RJ, Brasil",Sudeste,Rio de Janeiro,Rio de Janeiro,PRACA SECA,,MORRO SAO JOSE OPERARIO (OU MORRO DA BARAO),-22.8976790000,-43.3464154000,"08/05/2018, 14:45:00",false,false,,Não identificado,,,false,0,0,0,0,0,0,0,0,0,0,0,0,0,0
14069,"Morro do Adeus, Complexo do Alemão, Rio de Janeiro - RJ, Brasil",Sudeste,Rio de Janeiro,Rio de Janeiro,COMPLEXO DO ALEMAO,,MORRO DO ADEUS (COMPLEXO DO ALEMAO),-22.8654866000,-43.2619815000,"08/05/2018, 14:49:00",false,false,,Não identificado,,,false,0,0,0,0,0,0,0,0,0,0,0,0,0,0
14072,"Condomínio do Edifício Cidade Guadalajara - R. São Francisco Xavier, 214 - Tijuca, Rio de Janeiro - RJ, 20550-012, Brasil",Sudeste,Rio de Janeiro,Rio de Janeiro,TIJUCA,,CONDOMINIO DO EDIFICIO CIDADE GUADALAJARA,-22.9164818000,-43.2262945000,"08/05/2018, 16:20:00",true,true,N�o identificado,Ação policial,,,false,0,0,0,0,0,0,0,0,0,0,0,0,0,0
14075,"Rua Betônica - Parque Anchieta, Rio de Janeiro - RJ, Brasil",Sudeste,Rio de Janeiro,Rio de Janeiro,PARQUE ANCHIETA,,,-22.8363874000,-43.4079550000,"08/05/2018, 16:55:00",false,false,,Não identificado,,,false,0,0,0,0,0,0,0,0,0,0,0,0,0,0
14076,"Estr. do Quitungo, 802-922 - Bráz De Pina, Rio de Janeiro - RJ, Brasil",Sudeste,Rio de Janeiro,Rio de Janeiro,BRAS DE PINA,,QUITUNGO-GUAPORE,-22.8318479000,-43.3022298000,"08/05/2018, 17:40:00",false,true,,Homicidio/Tentativa,,,false,0,1,1,0,0,0,0,0,0,0,0,0,0,0
14078,"R. Cap. Menezes, 821 - Praça Seca, Rio de Janeiro - RJ, 21320-040, Brasil",Sudeste,Rio de Janeiro,Rio de Janeiro,PRACA SECA,,FAVELA MORRO DO CALANGO,-22.8921425000,-43.3488095000,"08/05/2018, 19:12:00",false,false,,Não identificado,,,false,0,0,0,0,0,0,0,0,0,0,0,0,0,0
14095,"R. Adolfo Lemos - Inhoaíba, Rio de Janeiro - RJ, Brasil",Sudeste,Rio de Janeiro,Rio de Janeiro,INHOAIBA,,VILA BOA ESPERANCA,-22.9110368000,-43.5971769000,"08/05/2018, 21:00:00",false,false,,Homicidio/Tentativa,,,false,1,0,0,0,0,0,0,0,0,0,0,0,0,0
14080,"Estrada do Porto Velho - Cordovil, Rio de Janeiro - RJ, Brasil",Sudeste,Rio de Janeiro,Rio de Janeiro,CORDOVIL,,CIDADE ALTA (COMPLEXO DE ISRAEL),-22.8207536000,-43.2918931000,"08/05/2018, 21:00:00",false,false,,Não identificado,,,false,0,0,0,0,0,0,0,0,0,0,0,0,0,0
14081,"Estr. Cmte. Luís Souto, s/n - Tanque, Rio de Janeiro - RJ, 22733-040, Brasil",Sudeste,Rio de Janeiro,Rio de Janeiro,PRACA SECA,,FAVELA DA CHACRINHA,-22.9008761000,-43.3623022000,"08/05/2018, 21:26:00",false,false,,Não identificado,,,false,0,0,0,0,0,0,0,0,0,0,0,0,0,0
14082,"R. Arinos, 111-121 - Jardim America, Rio de Janeiro - RJ, 21240-500, Brasil",Sudeste,Rio de Janeiro,Rio de Janeiro,JARDIM AMERICA,,,-22.8133903000,-43.3196783000,"09/05/2018, 04:10:00",true,true,N�o identificado,Ação policial,,,false,0,0,0,0,0,0,0,0,0,0,0,0,0,0
14083,"R. Furquim Mendes - Vigário Geral, Rio de Janeiro - RJ, 21241-340, Brasil",Sudeste,Rio de Janeiro,Rio de Janeiro,VIGARIO GERAL,,FURQUIM MENDES,-22.8060539000,-43.3149972000,"09/05/2018, 04:34:00",true,true,N�o identificado,Ação policial,,,false,0,0,0,0,0,0,0,0,0,0,0,0,0,0
14084,"Bateau Mouche - R. Alm. Melquíades de Souza, 1043-1245 - Tanque, Rio de Janeiro - RJ, 22733-120, Brasil",Sudeste,Rio de Janeiro,Rio de Janeiro,PRACA SECA,,FAVELA BATEAU MOUCHE,-22.9048084000,-43.3550791000,"09/05/2018, 06:24:00",false,false,,Não identificado,,,false,0,0,0,0,0,0,0,0,0,0,0,0,0,0
14085,"Estrada dos Teixeiras - Taquara, Rio de Janeiro, 22723-230, Brasil",Sudeste,Rio de Janeiro,Rio de Janeiro,TAQUARA,,TEIXEIRAS,-22.9124640000,-43.4190596000,"09/05/2018, 06:45:00",true,true,N�o identificado,Operação policial,,,false,0,0,0,0,0,0,0,0,0,0,0,0,0,0
14087,"Rua Doutor Sobral Pinto - Vidigal, Rio de Janeiro - RJ, Brasil",Sudeste,Rio de Janeiro,Rio de Janeiro,VIDIGAL,,VIDIGAL,-22.9957034000,-43.2378737000,"09/05/2018, 06:45:00",true,true,N�o identificado,Ação policial,,,false,0,0,0,0,0,0,0,0,0,0,0,0,0,0
14086,"Complexo do Alemão - Rua Viúva Mendonça - Ramos, Rio de Janeiro - RJ, Brasil",Sudeste,Rio de Janeiro,Rio de Janeiro,COMPLEXO DO ALEMAO,,MORRO DO ADEUS (COMPLEXO DO ALEMAO),-22.8611758000,-43.2651521000,"09/05/2018, 07:02:00",false,false,,Não identificado,,,false,0,0,0,0,0,0,0,0,0,0,0,0,0,0
14090,"R. um - Rocinha, Rio de Janeiro - RJ, Brasil",Sudeste,Rio de Janeiro,Rio de Janeiro,ROCINHA,,ROCINHA,-22.9899417000,-43.2451481000,"09/05/2018, 12:00:00",false,false,,Não identificado,,Tiroteio contínuo,false,0,0,0,0,0,0,0,0,0,0,0,0,0,0
14091,"R. 2 - Rocinha, Rio de Janeiro - RJ, Brasil",Sudeste,Rio de Janeiro,Rio de Janeiro,ROCINHA,,ROCINHA,-22.9895932000,-43.2464165000,"09/05/2018, 12:52:00",true,true,PM,Operação policial,,,false,0,2,1,1,0,0,0,0,0,0,0,0,0,0
14093,"Rocinha, Rio de Janeiro - RJ, Brasil",Sudeste,Rio de Janeiro,Rio de Janeiro,ROCINHA,,ROCINHA,-22.9879841000,-43.2479825000,"09/05/2018, 14:00:00",false,false,,Não identificado,,,false,0,0,0,0,0,0,0,0,0,0,0,0,0,0
14097,"Morro do Sao Jose - Praça Seca, Rio de Janeiro - RJ, Brasil",Sudeste,Rio de Janeiro,Rio de Janeiro,PRACA SECA,,MORRO SAO JOSE OPERARIO (OU MORRO DA BARAO),-22.9069444000,-43.3408333000,"09/05/2018, 16:07:00",false,false,,Não identificado,,,false,0,0,0,0,0,0,0,0,0,0,0,0,0,0
14100,"Beco do 99 - Rocinha, Rio de Janeiro - RJ, Brasil",Sudeste,Rio de Janeiro,Rio de Janeiro,ROCINHA,,ROCINHA,-22.9866506000,-43.2424145000,"09/05/2018, 18:47:00",false,false,,Não identificado,,,false,0,0,0,0,0,0,0,0,0,0,0,0,0,0
14101,"R. da Jangada - Vila Cosmos, Rio de Janeiro - RJ, Brasil",Sudeste,Rio de Janeiro,Rio de Janeiro,VILA KOSMOS,,MORRO DO CARMO  (MORRO DO TREM),-22.8542548000,-43.3020440000,"09/05/2018, 19:24:00",false,false,,Não identificado,,,false,0,0,0,0,0,0,0,0,0,0,0,0,0,0
14107,"Praça Madame Hermete - Engenho da Rainha, Rio de Janeiro - RJ, Brasil",Sudeste,Rio de Janeiro,Rio de Janeiro,ENGENHO DA RAINHA,,,-22.8667913000,-43.2956569000,"09/05/2018, 21:07:00",false,false,,Não identificado,,,false,0,0,0,0,0,0,0,0,0,0,0,0,0,0
14112,"R. Barão do Bom Retiro - Engenho Novo, Rio de Janeiro - RJ, Brasil",Sudeste,Rio de Janeiro,Rio de Janeiro,ENGENHO NOVO,,MORRO SAO JOAO,-22.9111724000,-43.2686344000,"10/05/2018, 01:08:00",false,false,,Não identificado,,,false,0,0,0,0,0,0,0,0,0,0,0,0,0,0
14115,"Morro do adeus - Complexo do Alemão, Rio de Janeiro - RJ, Brasil",Sudeste,Rio de Janeiro,Rio de Janeiro,COMPLEXO DO ALEMAO,,MORRO DO ADEUS (COMPLEXO DO ALEMAO),-22.8654866000,-43.2619815000,"10/05/2018, 04:23:00",false,false,,Não identificado,,,false,0,0,0,0,0,0,0,0,0,0,0,0,0,0
14123,"Rua Visconde de Inhauma - Centro, Rio de Janeiro - RJ, Brasil",Sudeste,Rio de Janeiro,Rio de Janeiro,CENTRO,,,-22.8995928000,-43.1787417000,"10/05/2018, 07:00:00",true,true,N�o identificado,Tentativa/Roubo,,,false,0,2,0,0,0,0,0,0,0,0,0,0,0,0
14119,"R. Padre Ítalo Coelho - Vidigal, Rio de Janeiro - RJ, 22452-160, Brasil",Sudeste,Rio de Janeiro,Rio de Janeiro,VIDIGAL,,VIDIGAL,-22.9949658000,-43.2373877000,"10/05/2018, 07:31:00",true,true,N�o identificado,Ação policial,,,false,0,0,0,0,0,0,0,0,0,0,0,0,0,0
14124,"Av. Pres. João Goulart, 380 - Vidigal, Rio de Janeiro - RJ, 22450-242, Brasil",Sudeste,Rio de Janeiro,Rio de Janeiro,VIDIGAL,,VIDIGAL,-22.9938906000,-43.2361445000,"10/05/2018, 08:30:00",false,false,,Não identificado,,,false,0,0,0,0,0,0,0,0,0,0,0,0,0,0
14125,"R. Alexandre Ramos - Tanque, Rio de Janeiro - RJ, Brasil",Sudeste,Rio de Janeiro,Rio de Janeiro,TANQUE,,,-22.9225753000,-43.3598011000,"10/05/2018, 10:30:00",false,false,,Não identificado,,,false,0,0,0,0,0,0,0,0,0,0,0,0,0,0
14126,"Morro dos Macacos - Vila Isabel, Rio de Janeiro - RJ, 20551-232, Brasil",Sudeste,Rio de Janeiro,Rio de Janeiro,VILA ISABEL,,MORRO DOS MACACOS,-22.9137630000,-43.2565720000,"10/05/2018, 11:27:00",true,true,PM,Ação policial,,,false,0,0,0,0,0,0,0,0,0,0,0,0,0,0
14128,"Estrada do Porto Velho - Cordovil, Rio de Janeiro - RJ, Brasil",Sudeste,Rio de Janeiro,Rio de Janeiro,CORDOVIL,,CIDADE ALTA (COMPLEXO DE ISRAEL),-22.8207536000,-43.2918931000,"10/05/2018, 13:57:00",true,true,N�o identificado,Ação policial,,,false,0,0,0,0,0,0,0,0,0,0,0,0,0,0
14138,"Morro do Juramento - Vicente de Carvalho, Rio de Janeiro - RJ, Brasil",Sudeste,Rio de Janeiro,Rio de Janeiro,VICENTE DE CARVALHO,,MORRO DO JURAMENTO (COMPLEXO DO JURAMENTO),-22.8627778000,-43.3152778000,"10/05/2018, 17:40:00",false,false,,Não identificado,,,false,0,0,0,0,0,0,0,0,0,0,0,0,0,0
14142,"Morro do Jordao - Tanque, Rio de Janeiro - RJ, 22725-000, Brasil",Sudeste,Rio de Janeiro,Rio de Janeiro,TANQUE,,MORRO DO JORDAO,-22.9086111000,-43.3750000000,"10/05/2018, 20:24:00",false,false,,Não identificado,,,false,0,0,0,0,0,0,0,0,0,0,0,0,0,0
14143,"R. 2, 369 - Rocinha, Rio de Janeiro - RJ, 22451-264, Brasil",Sudeste,Rio de Janeiro,Rio de Janeiro,ROCINHA,,ROCINHA,-22.9880647000,-43.2447993000,"10/05/2018, 20:33:00",false,false,,Não identificado,,,false,0,0,0,0,0,0,0,0,0,0,0,0,0,0
14145,"Rocinha, Rio de Janeiro - RJ, Brasil",Sudeste,Rio de Janeiro,Rio de Janeiro,ROCINHA,,ROCINHA,-22.9879841000,-43.2479825000,"10/05/2018, 21:04:00",false,false,,Não identificado,,,false,0,0,0,0,0,0,0,0,0,0,0,0,0,0
14148,"Estr. Cmte. Luís Souto, 1151-1195 - Tanque, Rio de Janeiro - RJ, 22733-040, Brasil",Sudeste,Rio de Janeiro,Rio de Janeiro,PRACA SECA,,FAVELA DA CHACRINHA,-22.9041481000,-43.3575038000,"10/05/2018, 21:06:00",false,false,,Não identificado,,,false,0,0,0,0,0,0,0,0,0,0,0,0,0,0
14150,"Jacaré, Rio de Janeiro - RJ, Brasil",Sudeste,Rio de Janeiro,Rio de Janeiro,JACARE,,,-22.8923272000,-43.2581953000,"11/05/2018, 02:30:00",false,false,,Não identificado,,,false,0,0,0,0,0,0,0,0,0,0,0,0,0,0
14149,"Av. Nazaré, 2402 - Anchieta, Rio de Janeiro - RJ, 21645-010, Brasil",Sudeste,Rio de Janeiro,Rio de Janeiro,ANCHIETA,,MORRO DO PLANALTO (COMPLEXO DO CHAPADAO),-22.8253019000,-43.4018053000,"11/05/2018, 03:15:00",false,false,,Não identificado,,,false,0,0,0,0,0,0,0,0,0,0,0,0,0,0
14154,"Morro do urubu - R. Cardoso Quintão, Rio de Janeiro - RJ, Brasil",Sudeste,Rio de Janeiro,Rio de Janeiro,TOMAS COELHO,,MORRO DO URUBU (COMPLEXO DO URUBU),-22.8738205000,-43.3084994000,"11/05/2018, 04:23:00",false,false,,Não identificado,,,false,0,0,0,0,0,0,0,0,0,0,0,0,0,0
14152,"Parque Arará - Av. Carlos Mattoso Corrêa - Benfica, Rio de Janeiro - RJ, Brasil",Sudeste,Rio de Janeiro,Rio de Janeiro,BENFICA,,PARQUE ARARA,-22.8891565000,-43.2397666000,"11/05/2018, 04:25:00",false,false,,Não identificado,,,false,0,0,0,0,0,0,0,0,0,0,0,0,0,0
14153,"Metral - Vila Kennedy - Bangu, Rio de Janeiro - RJ, 21850-007, Brasil",Sudeste,Rio de Janeiro,Rio de Janeiro,VILA KENNEDY,,VILA KENNEDY,-22.8604006000,-43.4884116000,"11/05/2018, 04:29:00",false,false,,Não identificado,,,false,0,0,0,0,0,0,0,0,0,0,0,0,0,0
14157,"Morro Sao Joao - Sampaio, Rio de Janeiro - RJ, Brasil",Sudeste,Rio de Janeiro,Rio de Janeiro,SAMPAIO,,MORRO SAO JOAO,-22.9077778000,-43.2616667000,"11/05/2018, 05:16:00",false,false,,Não identificado,,,false,0,0,0,0,0,0,0,0,0,0,0,0,0,0
14156,"R. Jessé - Cidade de Deus, Rio de Janeiro - RJ, 22773-350, Brasil",Sudeste,Rio de Janeiro,Rio de Janeiro,CIDADE DE DEUS,,CIDADE DE DEUS,-22.9486575000,-43.3645937000,"11/05/2018, 05:31:00",false,false,,Não identificado,,,false,0,0,0,0,0,0,0,0,0,0,0,0,0,0
14164,"Complexo do São Carlos - Estácio, Rio de Janeiro - RJ, Brasil",Sudeste,Rio de Janeiro,Rio de Janeiro,ESTACIO,,COMPLEXO DO SAO CARLOS,-22.9174634000,-43.2011491000,"11/05/2018, 07:00:00",true,true,PM,Operação policial,,,false,0,1,0,0,0,0,0,0,0,0,0,0,0,0
14160,"Praça Seca, Rio de Janeiro - RJ, 21320-000, Brasil",Sudeste,Rio de Janeiro,Rio de Janeiro,PRACA SECA,,,-22.8929111000,-43.3486234000,"11/05/2018, 07:04:00",false,false,,Não identificado,,,false,0,0,0,0,0,0,0,0,0,0,0,0,0,0
14163,"Av. Min. Edgard Romero, 491 - Madureira, Rio de Janeiro - RJ, 21350-301, Brasil",Sudeste,Rio de Janeiro,Rio de Janeiro,MADUREIRA,,MORRO DO CAJUEIRO (COMPLEXO DO CAJUEIRO),-22.8658162000,-43.3344976000,"11/05/2018, 09:00:00",false,false,,Não identificado,,,false,0,0,0,0,0,0,0,0,0,0,0,0,0,0
14169,"Conjunto Marcílio Dias (Kelson's) , Rio de Janeiro - RJ, 21020-124, Brasil",Sudeste,Rio de Janeiro,Rio de Janeiro,PENHA CIRCULAR,,FAVELA DA KELSONS,-22.8220151000,-43.2712566000,"11/05/2018, 13:56:00",false,false,,Não identificado,,,false,0,0,0,0,0,0,0,0,0,0,0,0,0,0
14177,"R. da Jangada - Penha Circular, Rio de Janeiro - RJ, Brasil",Sudeste,Rio de Janeiro,Rio de Janeiro,PENHA CIRCULAR,,MORRO DO CARMO  (MORRO DO TREM),-22.8542068000,-43.3020694000,"11/05/2018, 16:16:00",false,false,,Não identificado,,,false,0,0,0,0,0,0,0,0,0,0,0,0,0,0
14180,"Parada de Lucas, Rio de Janeiro - RJ, Brasil",Sudeste,Rio de Janeiro,Rio de Janeiro,PARADA DE LUCAS,,,-22.8184513000,-43.3030143000,"11/05/2018, 17:00:00",false,false,,Não identificado,,,false,0,0,0,0,0,0,0,0,0,0,0,0,0,0
14181,"R. João Vicente, Rio de Janeiro - RJ, Brasil",Sudeste,Rio de Janeiro,Rio de Janeiro,BENTO RIBEIRO,,,-22.8649204000,-43.3595895000,"11/05/2018, 18:00:00",false,false,,Não identificado,,,false,0,0,0,0,0,0,0,0,0,0,0,0,0,0
14182,"Cap. Menezes e Divino -Praça Seca, Rio de Janeiro - RJ, 21320-000, Brasil",Sudeste,Rio de Janeiro,Rio de Janeiro,PRACA SECA,,MORRO DO MENEZES (COMPLEXO DO FUBA),-22.8929111000,-43.3486234000,"11/05/2018, 18:27:00",false,false,,Não identificado,,,false,0,0,0,0,0,0,0,0,0,0,0,0,0,0
14183,"Covanca - Tanque, Rio de Janeiro - RJ, Brasil",Sudeste,Rio de Janeiro,Rio de Janeiro,TANQUE,,MORRO DA COVANCA,-22.9143710000,-43.3479428000,"11/05/2018, 18:40:00",false,false,,Não identificado,,,false,0,0,0,0,0,0,0,0,0,0,0,0,0,0
14184,"R. Dois de Maio - Largo do Jacaré, Rio de Janeiro - RJ, Brasil",Sudeste,Rio de Janeiro,Rio de Janeiro,ENGENHO NOVO,,FAVELA DO RATO MOLHADO (OU DOIS DE MAIO),-22.8976313000,-43.2633754000,"11/05/2018, 18:40:00",false,false,,Não identificado,,,false,0,0,0,0,0,0,0,0,0,0,0,0,0,0
14186,rua belford roxo,Sudeste,Rio de Janeiro,Rio de Janeiro,COPACABANA,,,-22.9638105000,-43.1762532000,"11/05/2018, 19:15:00",false,false,,Não identificado,,,false,0,0,0,0,0,0,0,0,0,0,0,0,0,0
14185,"Morro do Juramento - Vicente de Carvalho, Rio de Janeiro - RJ, Brasil",Sudeste,Rio de Janeiro,Rio de Janeiro,VICENTE DE CARVALHO,,MORRO DO JURAMENTO (COMPLEXO DO JURAMENTO),-22.8627778000,-43.3152778000,"11/05/2018, 19:27:00",false,false,,Não identificado,,,false,0,0,0,0,0,0,0,0,0,0,0,0,0,0
14190,"Complexo do Fubá - Cascadura, Rio de Janeiro - RJ, 21311-230, Brasil",Sudeste,Rio de Janeiro,Rio de Janeiro,CASCADURA,,COMPLEXO DO FUBA,-22.8889016000,-43.3337522000,"11/05/2018, 23:39:00",false,false,,Disputa,,,false,0,0,0,0,0,0,0,0,0,0,0,0,0,0
14208,"Linha Vermelha - Via Expressa Pres. João Goulart, 208 - Maré, Rio de Janeiro - RJ, Brasil",Sudeste,Rio de Janeiro,Rio de Janeiro,MARE,,COMPLEXO DA MARE,-22.8563154000,-43.2384066000,"12/05/2018, 00:00:00",true,true,N�o identificado,Ação policial,,,false,0,0,0,1,0,0,0,0,0,0,0,0,0,0
14192,"Mangueira, Rio de Janeiro - RJ, Brasil",Sudeste,Rio de Janeiro,Rio de Janeiro,MANGUEIRA,,MANGUEIRA,-22.9052507000,-43.2340127000,"12/05/2018, 04:03:00",false,false,,Não identificado,,,false,0,0,0,0,0,0,0,0,0,0,0,0,0,0
14231,"Linha Vermelha, Rio de Janeiro - RJ, Brasil",Sudeste,Rio de Janeiro,Rio de Janeiro,GALEAO,,,-22.8279117000,-43.2502786000,"12/05/2018, 04:20:00",false,false,,Não identificado,,,false,0,0,0,0,0,0,0,0,0,0,0,0,0,0
14195,"Realengo, Rio de Janeiro - RJ, Brasil",Sudeste,Rio de Janeiro,Rio de Janeiro,REALENGO,,,-22.8763107000,-43.4302937000,"12/05/2018, 04:35:00",false,false,,Não identificado,,,false,0,0,0,0,0,0,0,0,0,0,0,0,0,0
14198,"Estr. dos Teixeiras, Rio de Janeiro - RJ, Brasil",Sudeste,Rio de Janeiro,Rio de Janeiro,REALENGO,,,-22.9054591000,-43.4242899000,"12/05/2018, 05:36:00",true,true,N�o identificado,Ação policial,,,false,0,0,0,0,0,0,0,0,0,0,0,0,0,0
14199,"Estr. do Camboatá, Rio de Janeiro - RJ, Brasil",Sudeste,Rio de Janeiro,Rio de Janeiro,GUADALUPE,,GOGO DA EMA (COMPLEXO DO CHAPADAO),-22.8340410000,-43.3795537000,"12/05/2018, 06:01:00",false,false,,Não identificado,,,false,0,0,0,0,0,0,0,0,0,0,0,0,0,0
14209,"Morro dos Macacos - Vila Isabel, Rio de Janeiro - RJ, 20551-230, Brasil",Sudeste,Rio de Janeiro,Rio de Janeiro,VILA ISABEL,,MORRO DOS MACACOS,-22.9135675000,-43.2556792000,"12/05/2018, 09:04:00",true,true,N�o identificado,Tentativa/Roubo de cargas,,,false,0,0,0,0,0,0,0,0,0,0,0,0,0,0
14210,"Cidade Alta - Cordovil, Rio de Janeiro - RJ, 21010-640, Brasil",Sudeste,Rio de Janeiro,Rio de Janeiro,CORDOVIL,,CIDADE ALTA (COMPLEXO DE ISRAEL),-22.8200569000,-43.2930820000,"12/05/2018, 12:16:00",false,false,,Homicidio/Tentativa,,,false,1,0,0,0,0,0,0,0,0,0,0,0,0,0
14213,"R. E - Taquara, Rio de Janeiro - RJ, Brasil",Sudeste,Rio de Janeiro,Rio de Janeiro,TAQUARA,,CONDOMINIO VALE DO RIO GRANDE,-22.9157176000,-43.4058325000,"12/05/2018, 13:15:00",false,false,,Não identificado,,,false,0,0,0,0,0,0,0,0,0,0,0,0,0,0
14212,"Complexo São José Operário - Praça Seca, Rio de Janeiro - RJ, 21320-000, Brasil",Sudeste,Rio de Janeiro,Rio de Janeiro,PRACA SECA,,MORRO SAO JOSE OPERARIO (OU MORRO DA BARAO),-22.9002253000,-43.3486954000,"12/05/2018, 13:26:00",false,false,,Não identificado,,,false,0,0,0,0,0,0,0,0,0,0,0,0,0,0
14220,"Realengo, Rio de Janeiro - RJ, 21730-000, Brasil",Sudeste,Rio de Janeiro,Rio de Janeiro,REALENGO,,TEIXEIRAS,-22.8680715000,-43.4256455000,"12/05/2018, 13:58:00",false,false,,Não identificado,,,false,0,0,0,0,0,0,0,0,0,0,0,0,0,0
14214,"15 - Cidade de Deus, Rio de Janeiro - RJ, Brasil",Sudeste,Rio de Janeiro,Rio de Janeiro,CIDADE DE DEUS,,CIDADE DE DEUS,-22.9443223000,-43.3679807000,"12/05/2018, 14:51:00",false,false,,Não identificado,,,false,0,0,0,0,0,0,0,0,0,0,0,0,0,0
14215,"Barreira do Vasco - São Cristóvão, Rio de Janeiro - RJ, Brasil",Sudeste,Rio de Janeiro,Rio de Janeiro,SAO CRISTOVAO,,BARREIRA DO VASCO,-22.8881441000,-43.2289718000,"12/05/2018, 15:23:00",false,false,,Não identificado,,,false,0,0,0,0,0,0,0,0,0,0,0,0,0,0
14218,"São José Operário - Praça Seca, Rio de Janeiro - RJ, Brasil",Sudeste,Rio de Janeiro,Rio de Janeiro,PRACA SECA,,MORRO SAO JOSE OPERARIO (OU MORRO DA BARAO),-22.8976790000,-43.3464154000,"12/05/2018, 15:55:00",false,false,,Não identificado,,,false,0,0,0,0,0,0,0,0,0,0,0,0,0,0
14219,"Morro do Divino - Praça Seca, Rio de Janeiro - RJ, Brasil",Sudeste,Rio de Janeiro,Rio de Janeiro,PRACA SECA,,FAVELA MORRO DO DIVINO,-22.8917511000,-43.3431327000,"12/05/2018, 16:08:00",false,false,,Não identificado,,,false,0,0,0,0,0,0,0,0,0,0,0,0,0,0
14222,"Rua Barão - Praça Seca, Rio de Janeiro - RJ, Brasil",Sudeste,Rio de Janeiro,Rio de Janeiro,PRACA SECA,,MORRO SAO JOSE OPERARIO (OU MORRO DA BARAO),-22.8988185000,-43.3521535000,"12/05/2018, 17:08:00",false,false,,Não identificado,,,false,0,0,0,0,0,0,0,0,0,0,0,0,0,0
14228,"R. Salustiano Silva - Magalhaes Bastos, Rio de Janeiro - RJ, Brasil",Sudeste,Rio de Janeiro,Rio de Janeiro,MAGALHAES BASTOS,,,-22.8726079000,-43.4087588000,"12/05/2018, 17:30:00",true,true,FFAA,Ação policial,,,false,1,0,0,0,0,0,0,0,0,0,0,0,0,0
14223,"Rua Barão - Praça Seca, Rio de Janeiro - RJ, Brasil",Sudeste,Rio de Janeiro,Rio de Janeiro,PRACA SECA,,MORRO SAO JOSE OPERARIO (OU MORRO DA BARAO),-22.8988185000,-43.3521535000,"12/05/2018, 19:41:00",false,false,,Não identificado,,,false,0,0,0,0,0,0,0,0,0,0,0,0,0,0
14224,"Vila da Penha, Rio de Janeiro - RJ, Brasil",Sudeste,Rio de Janeiro,Rio de Janeiro,VILA DA PENHA,,,-22.8440802000,-43.3094623000,"12/05/2018, 19:50:00",false,false,,Não identificado,,,false,0,0,0,0,0,0,0,0,0,0,0,0,0,0
14230,"Av. Pirpirituba - Realengo, Rio de Janeiro - RJ, Brasil",Sudeste,Rio de Janeiro,Rio de Janeiro,REALENGO,,,-22.8903631000,-43.4216164000,"12/05/2018, 22:17:00",false,false,,Não identificado,,,false,0,0,0,0,0,0,0,0,0,0,0,0,0,0
14234,"R. Santana do Livramento - Manguinhos, Rio de Janeiro - RJ, Brasil",Sudeste,Rio de Janeiro,Rio de Janeiro,MANGUINHOS,,VILA TURISMO (COMPLEXO DE MANGUINHOS),-22.8782184000,-43.2529793000,"13/05/2018, 05:52:00",false,false,,Não identificado,,,false,0,0,0,0,0,0,0,0,0,0,0,0,0,0
14235,"R. Leopoldo Bulhões, Rio de Janeiro - RJ, Brasil",Sudeste,Rio de Janeiro,Rio de Janeiro,MANGUINHOS,,FAVELA DA VARGINHA (COMPLEXO DE MANGUINHOS),-22.8810858000,-43.2500320000,"13/05/2018, 07:28:00",true,true,PM,Operação policial,,,false,0,0,0,0,0,0,0,0,0,0,0,0,0,0
14237,"Favela do Rola - R. Dr. Continentino - Santa Cruz, Rio de Janeiro - RJ, Brasil",Sudeste,Rio de Janeiro,Rio de Janeiro,SANTA CRUZ,,FAVELA DO ROLA 1 (COMPLEXO DO RODO),-22.9248578000,-43.6757516000,"13/05/2018, 07:40:00",false,false,,Não identificado,,,false,0,0,0,0,0,0,0,0,0,0,0,0,0,0
14241,"R. São Leonardo, 51 - Irajá, Rio de Janeiro - RJ, 21070-031, Brasil",Sudeste,Rio de Janeiro,Rio de Janeiro,IRAJA,,,-22.8337940000,-43.3193793000,"13/05/2018, 13:59:00",false,false,,Não identificado,,,false,0,0,0,0,0,0,0,0,0,0,0,0,0,0
14248,"Av. Chrisóstomo Pimentel de Oliveira, Rio de Janeiro - RJ, Brasil",Sudeste,Rio de Janeiro,Rio de Janeiro,ANCHIETA,,FAVELA DA VIA LIGHT,-22.8171290000,-43.3893677000,"13/05/2018, 15:00:00",true,true,PM,Ação policial,,,false,0,0,0,0,0,0,0,0,0,0,0,0,0,0
14242,"Bráz De Pina, Rio de Janeiro - RJ, Brasil",Sudeste,Rio de Janeiro,Rio de Janeiro,BRAS DE PINA,,,-22.8331178000,-43.3022257000,"13/05/2018, 16:09:00",false,false,,Não identificado,,,false,0,0,0,0,0,0,0,0,0,0,0,0,0,0
14244,"Estr. do Camboatá, 4249 - Costa Barros, Rio de Janeiro - RJ, 21650-100, Brasil",Sudeste,Rio de Janeiro,Rio de Janeiro,COSTA BARROS,,FAVELA DA MANHAMA (COMPLEXO DO CHAPADAO),-22.8271711000,-43.3721146000,"13/05/2018, 16:10:00",false,false,,Não identificado,,,false,0,0,0,0,0,0,0,0,0,0,0,0,0,0
14243,"Garganta, Vila Kennedy, Rio de Janeiro - RJ, Brasil",Sudeste,Rio de Janeiro,Rio de Janeiro,VILA KENNEDY,,VILA KENNEDY,-22.8590444000,-43.4991395000,"13/05/2018, 16:22:00",false,false,,Não identificado,,,false,0,0,0,0,0,0,0,0,0,0,0,0,0,0
14246,"R. Daniel, 127-229 - Cidade de Deus, Rio de Janeiro - RJ, 22763-530, Brasil",Sudeste,Rio de Janeiro,Rio de Janeiro,CIDADE DE DEUS,,CIDADE DE DEUS,-22.9520667000,-43.3549154000,"13/05/2018, 16:50:00",false,false,,Não identificado,,,false,0,0,0,0,0,0,0,0,0,0,0,0,0,0
14295,"R. Clarival Valadares - Campo Grande, Rio de Janeiro - RJ, 23087-510, Brasil",Sudeste,Rio de Janeiro,Rio de Janeiro,CAMPO GRANDE,,VILLAGE TIMBAUBA,-22.8875062000,-43.5545724000,"13/05/2018, 17:19:00",true,true,N�o identificado,Ação policial,,,false,0,0,0,0,0,0,0,0,0,0,0,0,0,0
14250,"Batô - Bateau Mouche - Praça Seca, Rio de Janeiro - RJ, Brasil",Sudeste,Rio de Janeiro,Rio de Janeiro,PRACA SECA,,FAVELA BATEAU MOUCHE,-22.9083174000,-43.3586465000,"13/05/2018, 18:44:00",false,false,,Não identificado,,,false,0,0,0,0,0,0,0,0,0,0,0,0,0,0
14342,"Praia de Botafogo, 148 - Botafogo, Rio de Janeiro - RJ, 22250-040",Sudeste,Rio de Janeiro,Rio de Janeiro,BOTAFOGO,,,-22.9409182000,-43.1785504000,"13/05/2018, 21:00:00",false,false,,Não identificado,,,false,0,0,0,0,0,0,0,0,0,0,0,0,0,0
14251,"R. Araújo Rozo - Anchieta, Rio de Janeiro - RJ, Brasil",Sudeste,Rio de Janeiro,Rio de Janeiro,ANCHIETA,,FAVELA DO TATAO,-22.8286518000,-43.4090248000,"13/05/2018, 21:30:00",false,false,,Não identificado,,,false,0,0,0,0,0,0,0,0,0,0,0,0,0,0
14253,"Av. Dom Hélder Câmara, 8296 - Piedade, Rio de Janeiro - RJ, 20751-003, Brasil",Sudeste,Rio de Janeiro,Rio de Janeiro,PIEDADE,,,-22.8863460000,-43.3073046000,"13/05/2018, 21:57:00",false,false,,Não identificado,,,false,0,0,0,0,0,0,0,0,0,0,0,0,0,0
14294,"R. Vinte e Quatro de Maio, Rocha, Rio de Janeiro - RJ, Brasil",Sudeste,Rio de Janeiro,Rio de Janeiro,ROCHA,,,-22.9013674000,-43.2486905000,"14/05/2018, 03:00:00",false,true,,Tentativa/Roubo,,,false,0,0,0,1,0,0,0,0,0,0,0,0,0,0
14255,"Morro do Fogueteiro - Rio Comprido, Rio de Janeiro - RJ, 20241-263, Brasil",Sudeste,Rio de Janeiro,Rio de Janeiro,RIO COMPRIDO,,FALLET/FOGUETEIRO,-22.9277778000,-43.1991667000,"14/05/2018, 03:20:00",false,false,,Não identificado,,,false,0,0,0,0,0,0,0,0,0,0,0,0,0,0
14256,"Rua Torres de Oliveira, Rio de Janeiro - RJ, Brasil",Sudeste,Rio de Janeiro,Rio de Janeiro,PIEDADE,,LOTEAMENTO BAIRRO DA LUZ,-22.9020305000,-43.3144764000,"14/05/2018, 03:55:00",true,true,N�o identificado,Ação policial,,Tiroteio contínuo,false,0,0,0,0,0,0,0,0,0,0,0,0,0,0
14260,"Morro do Fogueteiro - Rio Comprido, Rio de Janeiro - RJ, 20241-263, Brasil",Sudeste,Rio de Janeiro,Rio de Janeiro,RIO COMPRIDO,,FALLET/FOGUETEIRO,-22.9277778000,-43.1991667000,"14/05/2018, 04:13:00",true,true,N�o identificado,Operação policial,,,false,0,0,0,0,0,0,0,0,0,0,0,0,0,0
14266,"Morro do 18, Piedade, Rio de Janeiro - RJ, Brasil",Sudeste,Rio de Janeiro,Rio de Janeiro,PIEDADE,,MORRO DO 18 (COMPLEXO DO 18),-22.8916397000,-43.3107394000,"14/05/2018, 05:16:00",false,false,,Não identificado,,,false,0,0,0,0,0,0,0,0,0,0,0,0,0,0
14265,"Jacarepagua, Rio de Janeiro - RJ, Brasil",Sudeste,Rio de Janeiro,Rio de Janeiro,BARRA OLIMPICA,,,-22.9681736000,-43.3907025000,"14/05/2018, 05:17:00",false,false,,Não identificado,,,false,0,0,0,0,0,0,0,0,0,0,0,0,0,0
14269,"Morro do Dezoito -Piedade, Rio de Janeiro - RJ, Brasil",Sudeste,Rio de Janeiro,Rio de Janeiro,PIEDADE,,MORRO DO 18 (COMPLEXO DO 18),-22.8916397000,-43.3107394000,"14/05/2018, 06:02:00",true,true,CORE,Operação policial,,,false,0,0,0,1,0,0,0,0,0,0,0,0,0,0
14289,"Barra da Tijuca, Rio de Janeiro - RJ, 22620-171, Brasil",Sudeste,Rio de Janeiro,Rio de Janeiro,BARRA DA TIJUCA,,,-23.0068590000,-43.3109429000,"14/05/2018, 06:20:00",false,false,,Não identificado,,,false,0,0,0,0,0,0,0,0,0,0,0,0,0,0
14275,"R. Congo - Bangu, Rio de Janeiro - RJ, Brasil",Sudeste,Rio de Janeiro,Rio de Janeiro,VILA KENNEDY,,VILA KENNEDY,-22.8621466000,-43.4907856000,"14/05/2018, 12:22:00",false,false,,Não identificado,,,false,0,0,0,0,0,0,0,0,0,0,0,0,0,0
14276,"Av. João Ribeiro, Rio de Janeiro - RJ, Brasil",Sudeste,Rio de Janeiro,Rio de Janeiro,TOMAS COELHO,,FAVELA BRACO DE JUDAS,-22.8682180000,-43.3043589000,"14/05/2018, 12:30:00",false,false,,Não identificado,,,false,0,0,0,0,0,0,0,0,0,0,0,0,0,0
14281,"Morro do Trem - Vila Cosmos, Rio de Janeiro - RJ, Brasil",Sudeste,Rio de Janeiro,Rio de Janeiro,VILA KOSMOS,,MORRO DO CARMO  (MORRO DO TREM),-22.8537639000,-43.3035504000,"14/05/2018, 13:00:00",true,true,PM,Ação policial,,,false,0,1,0,0,0,0,0,0,0,0,0,0,0,0
14277,"Valão - Rocinha, Rio de Janeiro - RJ, Brasil",Sudeste,Rio de Janeiro,Rio de Janeiro,ROCINHA,,ROCINHA,-22.9879841000,-43.2479825000,"14/05/2018, 13:08:00",false,false,,Não identificado,,,false,0,0,0,0,0,0,0,0,0,0,0,0,0,0
14278,"R. 2 - Rocinha, Rio de Janeiro - RJ, Brasil",Sudeste,Rio de Janeiro,Rio de Janeiro,ROCINHA,,ROCINHA,-22.9895932000,-43.2464165000,"14/05/2018, 13:34:00",false,false,,Não identificado,,,false,0,0,0,0,0,0,0,0,0,0,0,0,0,0
14279,"Valão - Rocinha, Rio de Janeiro - RJ, Brasil",Sudeste,Rio de Janeiro,Rio de Janeiro,ROCINHA,,ROCINHA,-22.9879841000,-43.2479825000,"14/05/2018, 14:08:00",true,true,N�o identificado,Ação policial,,,false,1,1,0,0,0,0,0,0,0,0,0,0,1,0
14280,"R. Santos Lto Rolas, 37 - Santa Cruz, Rio de Janeiro - RJ, 23510-410, Brasil",Sudeste,Rio de Janeiro,Rio de Janeiro,SANTA CRUZ,,FAVELA DO ROLA 1 (COMPLEXO DO RODO),-22.9272230000,-43.6756380000,"14/05/2018, 14:11:00",false,false,,Não identificado,,,false,0,0,0,0,0,0,0,0,0,0,0,0,0,0
14282,"Av. Brasil, Rio de Janeiro - RJ, Brasil",Sudeste,Rio de Janeiro,Rio de Janeiro,BARROS FILHO,,MORRO DO CHAVES (COMPLEXO DA PEDREIRA),-22.8359004000,-43.3620261000,"14/05/2018, 14:45:00",false,false,,Não identificado,,,false,0,0,0,0,0,0,0,0,0,0,0,0,0,0
14283,"Estr. de Urucânia, Rio de Janeiro - RJ, Brasil",Sudeste,Rio de Janeiro,Rio de Janeiro,PACIENCIA,,,-22.9184258000,-43.6446916000,"14/05/2018, 15:19:00",false,false,,Não identificado,,,false,0,0,0,0,0,0,0,0,0,0,0,0,0,0
14284,"Morro Jorge Turco - Colégio, Rio de Janeiro - RJ, 20765-630, Brasil",Sudeste,Rio de Janeiro,Rio de Janeiro,COLEGIO,,MORRO JORGE TURCO,-22.8386111000,-43.3447222000,"14/05/2018, 15:53:00",false,false,,Não identificado,,,false,0,0,0,0,0,0,0,0,0,0,0,0,0,0
14291,"R. Cosme Velho, 276 - Cosme Velho, Rio de Janeiro - RJ, 22241-090, Brasil",Sudeste,Rio de Janeiro,Rio de Janeiro,COSME VELHO,,,-22.9398860000,-43.1964390000,"14/05/2018, 17:00:00",false,false,,Não identificado,,,false,0,1,0,0,0,0,0,0,0,1,0,0,0,0
14305,"Av. Mal. Rondon, Rocha, Rio de Janeiro - RJ, 20950-006, Brasil",Sudeste,Rio de Janeiro,Rio de Janeiro,ROCHA,,,-22.9029581000,-43.2473325000,"15/05/2018, 07:00:00",false,false,,Tentativa/Roubo,,,false,0,1,0,0,0,0,0,0,0,0,0,0,0,0
14338,Rua Soldado Antônio de Oliveira,Sudeste,Rio de Janeiro,Rio de Janeiro,INHOAIBA,,VILA PALMARES,-22.8928693000,-43.5919610000,"15/05/2018, 12:00:00",false,false,,Homicidio/Tentativa,,,false,1,0,0,0,0,0,0,0,0,0,0,0,0,0
14308,"R. Congo - Vila Kennedy, Rio de Janeiro - RJ, Brasil",Sudeste,Rio de Janeiro,Rio de Janeiro,VILA KENNEDY,,VILA KENNEDY,-22.8621466000,-43.4907856000,"15/05/2018, 13:14:00",false,false,,Não identificado,,,false,0,0,0,0,0,0,0,0,0,0,0,0,0,0
14312,"Pedra do Seu Vitor - Vidigal, Rio de Janeiro - RJ, 22450-280, Brasil",Sudeste,Rio de Janeiro,Rio de Janeiro,VIDIGAL,,VIDIGAL,-22.9935609000,-43.2357209000,"15/05/2018, 13:35:00",true,true,N�o identificado,Ação policial,,,false,0,0,0,0,0,0,0,0,0,0,0,0,0,0
14311,"Matinha, Complexo do Alemão, Rio de Janeiro - RJ, Brasil",Sudeste,Rio de Janeiro,Rio de Janeiro,COMPLEXO DO ALEMAO,,RELICARIO E MATINHA (COMPLEXO DO ALEMAO),-22.8593331000,-43.2754759000,"15/05/2018, 13:47:00",false,false,,Não identificado,,,false,0,0,0,0,0,0,0,0,0,0,0,0,0,0
14314,"R. Itamirim, 91 - Olaria, Rio de Janeiro - RJ, 21071-430, Brasil",Sudeste,Rio de Janeiro,Rio de Janeiro,OLARIA,,FURAO (COMPLEXO DA PENHA),-22.8529540000,-43.2805050000,"15/05/2018, 14:04:00",false,false,,Não identificado,,,false,0,0,0,0,0,0,0,0,0,0,0,0,0,0
14315,"Fazendinha - Complexo do Alemão, Rio de Janeiro - RJ, Brasil",Sudeste,Rio de Janeiro,Rio de Janeiro,COMPLEXO DO ALEMAO,,FAZENDINHA (COMPLEXO DO ALEMAO),-22.8655931000,-43.2800356000,"15/05/2018, 14:47:00",true,true,PM,Ação policial,,,false,0,2,0,0,0,0,0,0,0,0,0,0,0,0
14318,"Morro São José Operário - Praça Seca, Rio de Janeiro - RJ, Brasil",Sudeste,Rio de Janeiro,Rio de Janeiro,PRACA SECA,,MORRO SAO JOSE OPERARIO (OU MORRO DA BARAO),-22.8969198000,-43.3516802000,"15/05/2018, 15:55:00",false,false,,Não identificado,,,false,0,0,0,0,0,0,0,0,0,0,0,0,0,0
14320,"Rola - Santa Cruz, Rio de Janeiro - RJ, Brasil",Sudeste,Rio de Janeiro,Rio de Janeiro,SANTA CRUZ,,COMPLEXO DO RODO,-22.9196515000,-43.6843877000,"15/05/2018, 16:14:00",false,false,,Não identificado,,,false,0,0,0,0,0,0,0,0,0,0,0,0,0,0
14321,"Covanca - Tanque, Rio de Janeiro - RJ, Brasil",Sudeste,Rio de Janeiro,Rio de Janeiro,TANQUE,,MORRO DA COVANCA,-22.9180113000,-43.3610277000,"15/05/2018, 16:45:00",false,false,,Não identificado,,,false,0,0,0,0,0,0,0,0,0,0,0,0,0,0
14340,Rua Sargento João lopes,Sudeste,Rio de Janeiro,Rio de Janeiro,JARDIM CARIOCA,,,-22.8089479000,-43.1952694000,"15/05/2018, 17:00:00",false,false,,Tentativa/Roubo,,,false,1,0,0,0,0,0,0,0,0,0,1,0,0,0
14323,"R. Ana Teles - Campinho, Rio de Janeiro - RJ, Brasil",Sudeste,Rio de Janeiro,Rio de Janeiro,CAMPINHO,,,-22.8854504000,-43.3484267000,"15/05/2018, 17:07:00",false,false,,Não identificado,,,false,0,0,0,0,0,0,0,0,0,0,0,0,0,0
14324,"Antares  - Santa Cruz, Rio de Janeiro - RJ, Brasil",Sudeste,Rio de Janeiro,Rio de Janeiro,SANTA CRUZ,,FAVELA DE ANTARES,-22.9218181000,-43.6770708000,"15/05/2018, 17:15:00",false,false,,Não identificado,,,false,0,0,0,0,0,0,0,0,0,0,0,0,0,0
14326,rua Santo Afonso,Sudeste,Rio de Janeiro,Rio de Janeiro,TIJUCA,,,-22.9233715000,-43.2333361000,"15/05/2018, 17:45:00",false,false,,Não identificado,,,false,0,0,0,0,0,0,0,0,0,0,0,0,0,0
14327,Largo do campinho,Sudeste,Rio de Janeiro,Rio de Janeiro,CAMPINHO,,MORRO DO CAMPINHO (COMPLEXO DO FUBA),-22.8830284000,-43.3422735000,"15/05/2018, 17:45:00",false,false,,Não identificado,,,false,0,0,0,0,0,0,0,0,0,0,0,0,0,0
14328,"Av. Antares - Santa Cruz, Rio de Janeiro - RJ, Brasil",Sudeste,Rio de Janeiro,Rio de Janeiro,SANTA CRUZ,,FAVELA DE ANTARES,-22.9217436000,-43.6637652000,"15/05/2018, 18:21:00",false,false,,Não identificado,,,false,0,0,0,0,0,0,0,0,0,0,0,0,0,0
14330,"R. Viêira de Araújo - Realengo, Rio de Janeiro - RJ, Brasil",Sudeste,Rio de Janeiro,Rio de Janeiro,REALENGO,,FAVELA DO ALMIRANTE,-22.8921253000,-43.4277953000,"15/05/2018, 18:26:00",false,false,,Não identificado,,,false,0,0,0,0,0,0,0,0,0,0,0,0,0,0
14334,"Cesarão -Santa Cruz, Rio de Janeiro",Sudeste,Rio de Janeiro,Rio de Janeiro,SANTA CRUZ,,CESARAO,-22.9196515000,-43.6843877000,"15/05/2018, 19:23:00",false,false,,Não identificado,,,false,0,0,0,0,0,0,0,0,0,0,0,0,0,0
14336,"Barão - Praça Seca, Rio de Janeiro",Sudeste,Rio de Janeiro,Rio de Janeiro,PRACA SECA,,MORRO SAO JOSE OPERARIO (OU MORRO DA BARAO),-22.8969198000,-43.3516802000,"15/05/2018, 19:39:00",false,false,,Não identificado,,,false,0,0,0,0,0,0,0,0,0,0,0,0,0,0
14335,Pavão Pavãozinho,Sudeste,Rio de Janeiro,Rio de Janeiro,COPACABANA,,MORRO DO PAVAO-PAVAOZINHO,-22.9816912000,-43.1962577000,"15/05/2018, 19:39:00",false,false,,Não identificado,,,false,0,0,0,0,0,0,0,0,0,0,0,0,0,0
14345,"Bateau Mouche - Praça Seca, Rio de Janeiro - RJ, Brasil",Sudeste,Rio de Janeiro,Rio de Janeiro,PRACA SECA,,FAVELA BATEAU MOUCHE,-22.9047063000,-43.3544299000,"15/05/2018, 20:42:00",false,false,,Não identificado,,,false,0,0,0,0,0,0,0,0,0,0,0,0,0,0
14346,"R. Mapendi, 579 - Taquara, Rio de Janeiro - RJ, 22710-255, Brasil",Sudeste,Rio de Janeiro,Rio de Janeiro,TAQUARA,,,-22.9269098000,-43.3765728000,"15/05/2018, 20:50:00",false,false,,Não identificado,,,false,0,0,0,0,0,0,0,0,0,0,0,0,0,0
14348,"R. João Saldanha, 19 - Santa Cruz, Rio de Janeiro - RJ, 23570-680, Brasil",Sudeste,Rio de Janeiro,Rio de Janeiro,SANTA CRUZ,,CONJUNTO MAESTRO OLIMPIO DOS SANTOS (OU URUCANIA),-22.9143860000,-43.6574420000,"15/05/2018, 20:57:00",false,false,,Não identificado,,,false,0,0,0,0,0,0,0,0,0,0,0,0,0,0
14349,"R. Padre Ítalo Coelho - Vidigal, Rio de Janeiro - RJ, Brasil",Sudeste,Rio de Janeiro,Rio de Janeiro,VIDIGAL,,VIDIGAL,-22.9949634000,-43.2373070000,"15/05/2018, 20:59:00",true,true,N�o identificado,Ação policial,,,false,0,0,0,0,0,0,0,0,0,0,0,0,0,0
14350,"R. Brício de Abreu, 2 - Praça Seca, Rio de Janeiro - RJ, Brasil",Sudeste,Rio de Janeiro,Rio de Janeiro,PRACA SECA,,MORRO SAO JOSE OPERARIO (OU MORRO DA BARAO),-22.9059077000,-43.3438091000,"15/05/2018, 21:07:00",false,false,,Não identificado,,,false,0,0,0,0,0,0,0,0,0,0,0,0,0,0
14351,"R. Princesa Leopoldina, 620 - Realengo, Rio de Janeiro - RJ, 21710-422, Brasil",Sudeste,Rio de Janeiro,Rio de Janeiro,REALENGO,,FAVELA CURRAL DAS EGUAS,-22.8746180000,-43.4198130000,"15/05/2018, 23:01:00",false,false,,Não identificado,,,false,0,0,0,0,0,0,0,0,0,0,0,0,0,0
14358,"R. Souto - Cascadura, Rio de Janeiro - RJ, Brasil",Sudeste,Rio de Janeiro,Rio de Janeiro,CASCADURA,,FAZENDA DA BICA,-22.8882130000,-43.3276125000,"16/05/2018, 05:00:00",false,true,,Tentativa/Roubo,,,false,0,0,1,0,0,0,0,0,0,0,0,0,0,0
14362,"Cidade Nova, Rio de Janeiro - RJ, Brasil",Sudeste,Rio de Janeiro,Rio de Janeiro,CIDADE NOVA,,,-22.9095049000,-43.2001376000,"16/05/2018, 07:41:00",false,false,,Não identificado,,,false,0,0,0,0,0,0,0,0,0,0,0,0,0,0
14374,"R. Jordão - Tanque, Rio de Janeiro - RJ, Brasil",Sudeste,Rio de Janeiro,Rio de Janeiro,TANQUE,,MORRO DO JORDAO,-22.9110545000,-43.3721919000,"16/05/2018, 11:21:00",false,false,,Não identificado,,,false,0,0,0,0,0,0,0,0,0,0,0,0,0,0
14373,"Estr. dos Teixeiras, Rio de Janeiro - RJ, Brasil",Sudeste,Rio de Janeiro,Rio de Janeiro,TAQUARA,,TEIXEIRAS,-22.9102923000,-43.4180603000,"16/05/2018, 11:55:00",false,false,,Não identificado,,,false,0,0,0,0,0,0,0,0,0,0,0,0,0,0
14415,"R. Hugo Baldessarini - Vista Alegre, Rio de Janeiro - RJ, Brasil",Sudeste,Rio de Janeiro,Rio de Janeiro,VISTA ALEGRE,,,-22.8306009000,-43.3142960000,"16/05/2018, 12:00:00",false,false,,Tentativa/Roubo,,,false,1,0,0,0,0,0,0,0,0,0,0,0,0,0
14376,"Estr. dos Teixeiras, Rio de Janeiro - RJ, Brasil",Sudeste,Rio de Janeiro,Rio de Janeiro,TAQUARA,,TEIXEIRAS,-22.9102923000,-43.4180603000,"16/05/2018, 12:50:00",false,false,,Não identificado,,,false,0,0,0,0,0,0,0,0,0,0,0,0,0,0
14380,"Morro do Urubu - Piedade, Rio de Janeiro - RJ, Brasil",Sudeste,Rio de Janeiro,Rio de Janeiro,PIEDADE,,MORRO DO URUBU (COMPLEXO DO URUBU),-22.8767150000,-43.3056223000,"16/05/2018, 14:38:00",false,false,,Não identificado,,,false,0,0,0,0,0,0,0,0,0,0,0,0,0,0
14418,"Bateau Mouche - Praça Seca, Rio de Janeiro - RJ, 21321-050, Brasil",Sudeste,Rio de Janeiro,Rio de Janeiro,PRACA SECA,,FAVELA BATEAU MOUCHE,-22.9032682000,-43.3502322000,"16/05/2018, 15:00:00",false,false,,Disputa,,,false,0,0,0,0,0,0,0,0,0,0,0,0,0,0
14383,"Barrão, Vila Kennedy, Rio de Janeiro",Sudeste,Rio de Janeiro,Rio de Janeiro,VILA KENNEDY,,VILA KENNEDY,-22.8527905000,-43.4934888000,"16/05/2018, 15:55:00",false,false,,Não identificado,,,false,0,0,0,0,0,0,0,0,0,0,0,0,0,0
14388,"Santa Cruz, Rio de Janeiro - RJ, 23510-190, Brasil",Sudeste,Rio de Janeiro,Rio de Janeiro,SANTA CRUZ,,,-22.9224966000,-43.6792768000,"16/05/2018, 17:50:00",false,false,,Não identificado,,,false,0,0,0,0,0,0,0,0,0,0,0,0,0,0
14386,"Rua Sousa Barros - Engenho Novo, Rio de Janeiro - RJ, Brasil",Sudeste,Rio de Janeiro,Rio de Janeiro,ENGENHO NOVO,,FAVELA DO CEU AZUL,-22.9008694000,-43.2670962000,"16/05/2018, 17:55:00",false,false,,Não identificado,,,false,0,0,0,0,0,0,0,0,0,0,0,0,0,0
14412,"R. Dezenove de Fevereiro - Botafogo, Rio de Janeiro - RJ, 22280-030, Brasil",Sudeste,Rio de Janeiro,Rio de Janeiro,BOTAFOGO,,,-22.9525767000,-43.1868861000,"16/05/2018, 19:00:00",false,true,,Tentativa/Roubo,,,false,0,0,1,0,0,0,0,0,0,0,0,0,0,0
14392,"Bateau Mouche, Praça Seca, Rio de Janeiro - RJ, 22733-120, Brasil",Sudeste,Rio de Janeiro,Rio de Janeiro,PRACA SECA,,FAVELA BATEAU MOUCHE,-22.9043543000,-43.3548844000,"16/05/2018, 20:13:00",false,false,,Não identificado,,,false,0,0,0,0,0,0,0,0,0,0,0,0,0,0
14458,"R. Tavares Bastos, 303 - Catete, Rio de Janeiro - RJ, 22221-030, Brasil",Sudeste,Rio de Janeiro,Rio de Janeiro,CATETE,,TAVARES BASTOS,-22.9285767000,-43.1816746000,"16/05/2018, 21:00:00",false,true,,Tentativa/Roubo,,,false,0,0,0,1,0,0,0,0,0,0,0,0,0,0
14397,"Morro do Dende - Jardim Carioca, Rio de Janeiro - RJ, 21921-290, Brasil",Sudeste,Rio de Janeiro,Rio de Janeiro,JARDIM CARIOCA,,MORRO DO DENDE,-22.8016667000,-43.1902778000,"17/05/2018, 03:32:00",false,false,,Não identificado,,,false,0,0,0,0,0,0,0,0,0,0,0,0,0,0
14398,"R. Artur Magioli - Tauá, Rio de Janeiro - RJ, 21921-330, Brasil",Sudeste,Rio de Janeiro,Rio de Janeiro,TAUA,,MORRO DO DENDE,-22.8038005000,-43.1883130000,"17/05/2018, 03:38:00",false,false,,Não identificado,,,false,0,0,0,0,0,0,0,0,0,0,0,0,0,0
14411,"R. do Catete, Rio de Janeiro - RJ, Brasil",Sudeste,Rio de Janeiro,Rio de Janeiro,CATETE,,,-22.9273534000,-43.1767154000,"17/05/2018, 04:00:00",false,true,,Homicidio/Tentativa,,,false,0,0,0,1,0,0,0,0,0,0,0,0,0,0
14401,"Rua Conde de Bonfim, Rio de Janeiro - RJ, Brasil",Sudeste,Rio de Janeiro,Rio de Janeiro,TIJUCA,,,-22.9321013000,-43.2401530000,"17/05/2018, 04:21:00",false,false,,Não identificado,,,false,0,0,0,0,0,0,0,0,0,0,0,0,0,0
14405,"Rua Estrela - Rio Comprido, Rio de Janeiro - RJ, Brasil",Sudeste,Rio de Janeiro,Rio de Janeiro,RIO COMPRIDO,,,-22.9249830000,-43.2075655000,"17/05/2018, 05:41:00",false,false,,Não identificado,,,false,0,0,0,0,0,0,0,0,0,0,0,0,0,0
14585,"Estr. do Camboatá, Rio de Janeiro - RJ, Brasil",Sudeste,Rio de Janeiro,Rio de Janeiro,GUADALUPE,,FAVELA FAZ QUEM QUER,-22.8340410000,-43.3795537000,"17/05/2018, 07:00:00",true,true,N�o identificado,Ação policial,,,false,0,0,0,0,0,0,0,0,0,0,0,0,0,0
14422,"Morro do Dende - Jardim Carioca, Rio de Janeiro - RJ, 21921-290, Brasil",Sudeste,Rio de Janeiro,Rio de Janeiro,JARDIM CARIOCA,,MORRO DO DENDE,-22.8016667000,-43.1902778000,"17/05/2018, 07:55:00",false,false,,Não identificado,,,false,0,0,0,0,0,0,0,0,0,0,0,0,0,0
14421,"Anchieta, Rio de Janeiro - RJ, Brasil",Sudeste,Rio de Janeiro,Rio de Janeiro,ANCHIETA,,,-22.8238795000,-43.3981236000,"17/05/2018, 08:05:00",false,false,,Não identificado,,,false,0,0,0,0,0,0,0,0,0,0,0,0,0,0
14426,"Complexo do Chapadão - Anchieta, Rio de Janeiro-RJ",Sudeste,Rio de Janeiro,Rio de Janeiro,ANCHIETA,,COMPLEXO DO CHAPADAO,-22.8251540000,-43.3867840000,"17/05/2018, 08:55:00",false,false,,Não identificado,,,false,0,0,0,0,0,0,0,0,0,0,0,0,0,0
14429,"Santíssimo, Rio de Janeiro - RJ, Brasil",Sudeste,Rio de Janeiro,Rio de Janeiro,SANTISSIMO,,,-22.8759688000,-43.5263140000,"17/05/2018, 09:38:00",false,false,,Não identificado,,,false,0,0,0,0,0,0,0,0,0,0,0,0,0,0
14432,"Viaduto Compositor Wilson Batista - Quintino Bocaiuva, Rio de Janeiro - RJ, Brasil",Sudeste,Rio de Janeiro,Rio de Janeiro,QUINTINO BOCAIUVA,,,-22.8889635000,-43.3165050000,"17/05/2018, 11:28:00",false,false,,Não identificado,,,false,0,0,0,0,0,0,0,0,0,0,0,0,0,0
14435,"Grota - Complexo do Alemão, Rio de Janeiro",Sudeste,Rio de Janeiro,Rio de Janeiro,COMPLEXO DO ALEMAO,,GROTA (COMPLEXO DO ALEMAO),-22.8608162000,-43.2741950000,"17/05/2018, 13:36:00",false,false,,Não identificado,,,false,0,0,0,0,0,0,0,0,0,0,0,0,0,0
14443,"R. Vinte e Quatro de Maio, 1028-1080 - Engenho Novo, Rio de Janeiro - RJ, 20950-091, Brasil",Sudeste,Rio de Janeiro,Rio de Janeiro,ENGENHO NOVO,,,-22.9033585000,-43.2702183000,"17/05/2018, 18:23:00",false,false,,Não identificado,,,false,0,0,0,0,0,0,0,0,0,0,0,0,0,0
14444,"R. João Vicente, 121 - Madureira, Rio de Janeiro - RJ, 21340-020, Brasil",Sudeste,Rio de Janeiro,Rio de Janeiro,MADUREIRA,,,-22.8760302000,-43.3399370000,"17/05/2018, 18:40:00",false,false,,Não identificado,,,false,0,0,0,0,0,0,0,0,0,0,0,0,0,0
14445,"R. Niamey - Bangu, Rio de Janeiro - RJ, Brasil",Sudeste,Rio de Janeiro,Rio de Janeiro,VILA KENNEDY,,VILA KENNEDY,-22.8593158000,-43.4903782000,"17/05/2018, 18:58:00",false,false,,Não identificado,,,false,0,0,0,0,0,0,0,0,0,0,0,0,0,0
14447,"R. Dr. Xavier Sigaud, 133 - Urca, Rio de Janeiro - RJ, 22290-180, Brasil",Sudeste,Rio de Janeiro,Rio de Janeiro,URCA,,,-22.9539393000,-43.1733599000,"17/05/2018, 19:00:00",false,true,,Tentativa/Roubo,,,false,0,1,0,1,0,0,0,0,0,0,0,0,0,1
14451,"Campo Grande, Rio de Janeiro - RJ, Brasil",Sudeste,Rio de Janeiro,Rio de Janeiro,CAMPO GRANDE,,,-22.9035842000,-43.5662438000,"17/05/2018, 19:00:00",false,false,,Não identificado,,,false,0,0,0,0,0,0,0,0,0,0,0,0,0,0
14450,"R. Riachuelo, 61 - Centro, Rio de Janeiro - RJ, 20230-010, Brasil",Sudeste,Rio de Janeiro,Rio de Janeiro,CENTRO,,,-22.9141257000,-43.1821650000,"17/05/2018, 19:34:00",false,false,,Não identificado,,,false,0,0,0,0,0,0,0,0,0,0,0,0,0,0
14456,"Metral - Av. Guianas, 508-552 - Bangu, Rio de Janeiro - RJ, 21853-430, Brasil",Sudeste,Rio de Janeiro,Rio de Janeiro,VILA KENNEDY,,VILA KENNEDY,-22.8546959000,-43.4931281000,"17/05/2018, 19:59:00",false,false,,Não identificado,,,false,0,0,0,0,0,0,0,0,0,0,0,0,0,0
14455,"Estr. dos Teixeiras, 241-321 - Jacarepagua, Rio de Janeiro - RJ, Brasil",Sudeste,Rio de Janeiro,Rio de Janeiro,JACAREPAGUA,,BOIUNA,-22.9131719000,-43.4158740000,"17/05/2018, 20:11:00",false,false,,Não identificado,,,false,0,0,0,0,0,0,0,0,0,0,0,0,0,0
14459,"R. Caçapava - Grajau, Rio de Janeiro - RJ, Brasil",Sudeste,Rio de Janeiro,Rio de Janeiro,GRAJAU,,CACAPAVA,-22.9278880000,-43.2585707000,"17/05/2018, 21:41:00",false,false,,Não identificado,,,false,0,0,0,0,0,0,0,0,0,0,0,0,0,0
14460,"R. Haddock Lobo, 393 - Tijuca, Rio de Janeiro - RJ, 20271-061, Brasil",Sudeste,Rio de Janeiro,Rio de Janeiro,TIJUCA,,,-22.9213310000,-43.2188235000,"17/05/2018, 22:03:00",false,false,,Não identificado,,,false,0,0,0,0,0,0,0,0,0,0,0,0,0,0
14464,"Manguinhos, Rio de Janeiro - RJ, Brasil",Sudeste,Rio de Janeiro,Rio de Janeiro,MANGUINHOS,,COMPLEXO DE MANGUINHOS,-22.8830377000,-43.2457507000,"17/05/2018, 23:00:00",false,false,,Não identificado,,,false,0,0,0,0,0,0,0,0,0,0,0,0,0,0
14477,"21061-090 - Av. Além-Paraíba, 105-133 - Higienópolis, Rio de Janeiro - RJ, 21061-090, Brasil",Sudeste,Rio de Janeiro,Rio de Janeiro,HIGIENOPOLIS,,,-22.8712907000,-43.2590270000,"18/05/2018, 04:24:00",true,true,N�o identificado,Ação policial,,Perseguição,false,0,0,0,2,0,0,0,0,0,0,0,0,0,0
14470,"R. Maturaca, 366 - Penha Circular, Rio de Janeiro - RJ, 21210-360, Brasil",Sudeste,Rio de Janeiro,Rio de Janeiro,PENHA CIRCULAR,,MORRO DA FE (COMPLEXO DA PENHA),-22.8470446000,-43.2973528000,"18/05/2018, 05:25:00",false,false,,Não identificado,,,false,0,0,0,0,0,0,0,0,0,0,0,0,0,0
14472,"São José Operário - Dr. Bernardino - Praça Seca, Rio de Janeiro - RJ, Brasil",Sudeste,Rio de Janeiro,Rio de Janeiro,PRACA SECA,,MORRO SAO JOSE OPERARIO (OU MORRO DA BARAO),-22.8976790000,-43.3464154000,"18/05/2018, 05:28:00",false,false,,Não identificado,,Tiroteio contínuo,false,0,0,0,0,0,0,0,0,0,0,0,0,0,0
14475,"Cidade de Deus, Rio de Janeiro - RJ, Brasil",Sudeste,Rio de Janeiro,Rio de Janeiro,CIDADE DE DEUS,,CIDADE DE DEUS,-22.9481688000,-43.3626721000,"18/05/2018, 05:39:00",false,false,,Não identificado,,,false,0,0,0,0,0,0,0,0,0,0,0,0,0,0
14487,"São José Operário - Praça Seca, Rio de Janeiro - RJ, 21320-020, Brasil",Sudeste,Rio de Janeiro,Rio de Janeiro,PRACA SECA,,MORRO SAO JOSE OPERARIO (OU MORRO DA BARAO),-22.8989034000,-43.3449492000,"18/05/2018, 06:30:00",true,true,N�o identificado,Ação policial,,,false,0,0,0,0,0,0,0,0,0,0,0,0,0,0
14488,"Santa Cruz, Rio de Janeiro - RJ, Brasil",Sudeste,Rio de Janeiro,Rio de Janeiro,SANTA CRUZ,,,-22.9196515000,-43.6843877000,"18/05/2018, 07:12:00",false,false,,Não identificado,,,false,0,0,0,0,0,0,0,0,0,0,0,0,0,0
14485,"Morro da Barão - Praça Seca, Rio de Janeiro - RJ, Brasil",Sudeste,Rio de Janeiro,Rio de Janeiro,PRACA SECA,,MORRO SAO JOSE OPERARIO (OU MORRO DA BARAO),-22.8987994000,-43.3449298000,"18/05/2018, 07:34:00",true,true,N�o identificado,Tentativa/Roubo de cargas,,,false,0,0,0,0,0,0,0,0,0,0,0,0,0,0
14490,"AP 2 - Cidade de Deus, Rio de Janeiro - RJ, Brasil",Sudeste,Rio de Janeiro,Rio de Janeiro,CIDADE DE DEUS,,CIDADE DE DEUS,-22.9481688000,-43.3626721000,"18/05/2018, 08:28:00",true,true,N�o identificado,Ação policial,,,false,0,0,0,1,0,0,0,0,0,0,0,0,0,0
14491,"Tangará - Cidade de Deus, Rio de Janeiro - RJ, Brasil",Sudeste,Rio de Janeiro,Rio de Janeiro,CIDADE DE DEUS,,CIDADE DE DEUS,-22.9481688000,-43.3626721000,"18/05/2018, 08:57:00",false,false,,Não identificado,,,false,0,0,0,0,0,0,0,0,0,0,0,0,0,0
14496,"R. Silva Vale, 200 - Cavalcanti, Rio de Janeiro - RJ, 21370-360, Brasil",Sudeste,Rio de Janeiro,Rio de Janeiro,CAVALCANTI,,,-22.8708544000,-43.3125086000,"18/05/2018, 10:06:00",false,false,,Não identificado,,,false,0,0,0,0,0,0,0,0,0,0,0,0,0,0
14500,"Tomás Coelho, Rio de Janeiro - RJ, Brasil",Sudeste,Rio de Janeiro,Rio de Janeiro,TOMAS COELHO,,,-22.8683062000,-43.3044361000,"18/05/2018, 10:13:00",false,false,,Não identificado,,,false,0,0,0,0,0,0,0,0,0,0,0,0,0,0
14501,"Estr. dos Bandeirantes, 3300 - Jacarepagua, Rio de Janeiro - RJ, 22783-117, Brasil",Sudeste,Rio de Janeiro,Rio de Janeiro,JACAREPAGUA,,FAVELA VILA SAPE,-22.9515559000,-43.3743566000,"18/05/2018, 10:26:00",false,false,,Não identificado,,,false,0,0,0,0,0,0,0,0,0,0,0,0,0,0
14503,"Beco Maravilha, 31 - Santa Cruz, Rio de Janeiro - RJ, 23591-230, Brasil",Sudeste,Rio de Janeiro,Rio de Janeiro,SANTA CRUZ,,FAVELA DO ROLA 2 (COMPLEXO DO RODO),-22.9301480000,-43.6639060000,"18/05/2018, 11:20:00",false,false,,Não identificado,,,false,0,0,0,0,0,0,0,0,0,0,0,0,0,0
14506,"Honório Gurgel, Rio de Janeiro - RJ, Brasil",Sudeste,Rio de Janeiro,Rio de Janeiro,HONORIO GURGEL,,,-22.8453344000,-43.3558285000,"18/05/2018, 12:30:00",false,false,,Não identificado,,,false,0,0,0,0,0,0,0,0,0,0,0,0,0,0
14507,"R. Agostinho Monteiro, 41-67 - Cidade de Deus, Rio de Janeiro - RJ, 22775-540, Brasil",Sudeste,Rio de Janeiro,Rio de Janeiro,CIDADE DE DEUS,,CIDADE DE DEUS,-22.9442960000,-43.3698138000,"18/05/2018, 13:11:00",false,false,,Não identificado,,,false,0,0,0,0,0,0,0,0,0,0,0,0,0,0
14510,"Morro do Dezoito - Quintino Bocaiuva, Rio de Janeiro - RJ, Brasil",Sudeste,Rio de Janeiro,Rio de Janeiro,QUINTINO BOCAIUVA,,MORRO DO 18 (COMPLEXO DO 18),-22.8988889000,-43.3219444000,"18/05/2018, 14:04:00",true,true,N�o identificado,Ação policial,,,false,0,0,0,0,0,0,0,0,0,0,0,0,0,0
14543,"Rua Barão - Praça Seca, Rio de Janeiro - RJ, 21321-620, Brasil",Sudeste,Rio de Janeiro,Rio de Janeiro,PRACA SECA,,MORRO SAO JOSE OPERARIO (OU MORRO DA BARAO),-22.8989634000,-43.3521700000,"18/05/2018, 14:07:00",true,true,N�o identificado,Ação policial,,,false,0,0,0,0,0,0,0,0,0,0,0,0,0,0
14513,"R. da Roupa Suja - Rocinha, Rio de Janeiro - RJ, Brasil",Sudeste,Rio de Janeiro,Rio de Janeiro,ROCINHA,,ROCINHA,-22.9921482000,-43.2502376000,"18/05/2018, 14:19:00",false,false,,Não identificado,,,false,0,0,0,0,0,0,0,0,0,0,0,0,0,0
14517,"Vila Kennedy - Estr. do Quafa, 347 - Bangu, Rio de Janeiro - RJ, 23098-030, Brasil",Sudeste,Rio de Janeiro,Rio de Janeiro,VILA KENNEDY,,VILA KENNEDY,-22.8632060000,-43.5087490000,"18/05/2018, 14:34:00",false,false,,Não identificado,,,false,0,0,0,0,0,0,0,0,0,0,0,0,0,0
14570,"Rua Clarimundo de Melo, 803-809 - Piedade, Rio de Janeiro - RJ, Brasil",Sudeste,Rio de Janeiro,Rio de Janeiro,QUINTINO BOCAIUVA,,,-22.8937497000,-43.3218213000,"18/05/2018, 14:50:00",false,false,,Não identificado,,,false,0,0,0,0,0,0,0,0,0,0,0,0,0,0
14523,"R. Hipólito da Costa - Vila Isabel, Rio de Janeiro - RJ, 20551-040, Brasil",Sudeste,Rio de Janeiro,Rio de Janeiro,VILA ISABEL,,,-22.9134790000,-43.2415655000,"18/05/2018, 15:37:00",false,false,,Não identificado,,,false,0,0,0,0,0,0,0,0,0,0,0,0,0,0
14525,"Morro da Primavera -R. Laurindo Filho  - Cavalcanti, Rio de Janeiro - RJ, 21370-260, Brasil",Sudeste,Rio de Janeiro,Rio de Janeiro,CAVALCANTI,,MORRO DA PRIMAVERA,-22.8694920000,-43.3169390000,"18/05/2018, 16:13:00",false,false,,Não identificado,,,false,0,0,0,0,0,0,0,0,0,0,0,0,0,0
14527,"B13 , Vila Kennedy - Bangu, Rio de Janeiro - RJ, 21850-007, Brasil",Sudeste,Rio de Janeiro,Rio de Janeiro,VILA KENNEDY,,VILA KENNEDY,-22.8602065000,-43.4885143000,"18/05/2018, 16:20:00",false,false,,Não identificado,,,false,0,0,0,0,0,0,0,0,0,0,0,0,0,0
14529,"Rua Barão,- Praça Seca, Rio de Janeiro - RJ, 21321-620, Brasil",Sudeste,Rio de Janeiro,Rio de Janeiro,PRACA SECA,,MORRO SAO JOSE OPERARIO (OU MORRO DA BARAO),-22.9014253000,-43.3488342000,"18/05/2018, 16:25:00",true,true,N�o identificado,Ação policial,,,false,0,0,0,0,0,0,0,0,0,0,0,0,0,0
14526,"Bairro 13 (B13) - Costa Barros, Rio de Janeiro - RJ, 21010-400, Brasil",Sudeste,Rio de Janeiro,Rio de Janeiro,COSTA BARROS,,CONJUNTO DO BAIRRO 13 (COMPLEXO DA PEDREIRA),-22.8220605000,-43.3701892000,"18/05/2018, 16:38:00",false,false,,Não identificado,,,false,0,0,0,0,0,0,0,0,0,0,0,0,0,0
14530,"Rua Barão -  Praça Seca, Rio de Janeiro - RJ, 21321-620, Brasil",Sudeste,Rio de Janeiro,Rio de Janeiro,PRACA SECA,,MORRO SAO JOSE OPERARIO (OU MORRO DA BARAO),-22.9013408000,-43.3488752000,"18/05/2018, 17:10:00",true,true,N�o identificado,Ação policial,,,false,0,0,0,0,0,0,0,0,0,0,0,0,0,0
14539,"Bateau Mouche - Praça Seca, Rio de Janeiro - RJ, Brasil",Sudeste,Rio de Janeiro,Rio de Janeiro,PRACA SECA,,FAVELA BATEAU MOUCHE,-22.9067472000,-43.3523047000,"18/05/2018, 17:58:00",true,true,N�o identificado,Ação policial,,,false,0,0,0,0,0,0,0,0,0,0,0,0,0,0
14540,"Rua Barão - Praça Seca, Rio de Janeiro - RJ, 21321-620, Brasil",Sudeste,Rio de Janeiro,Rio de Janeiro,PRACA SECA,,MORRO SAO JOSE OPERARIO (OU MORRO DA BARAO),-22.9021854000,-43.3474485000,"18/05/2018, 18:15:00",true,true,N�o identificado,Ação policial,,,false,0,0,0,0,0,0,0,0,0,0,0,0,0,0
14541,"Bateua Mouche  - Praça Seca, Rio de Janeiro - RJ, Brasil",Sudeste,Rio de Janeiro,Rio de Janeiro,PRACA SECA,,FAVELA BATEAU MOUCHE,-22.9049077000,-43.3543186000,"18/05/2018, 18:40:00",false,false,,Não identificado,,,false,0,0,0,0,0,0,0,0,0,0,0,0,0,0
14550,"R. Silva Rabêlo, 97 - Meier, Rio de Janeiro - RJ, Brasil",Sudeste,Rio de Janeiro,Rio de Janeiro,MEIER,,,-22.8996124000,-43.2822774000,"18/05/2018, 19:00:00",false,false,,Não identificado,,,false,0,0,0,0,0,0,0,0,0,0,0,0,0,0
14593,"Complexo do Lins  - Lins de Vasconcelos, Rio de Janeiro - RJ, 20725-140, Brasil",Sudeste,Rio de Janeiro,Rio de Janeiro,LINS DE VASCONCELOS,,COMPLEXO DO LINS,-22.9196001000,-43.2855347000,"18/05/2018, 19:00:00",true,true,"FFAA, UPP (Lins)",Operação policial,,,true,8,0,0,0,0,0,0,0,0,0,0,0,0,0
14542,"Rua Barão - Praça Seca, Rio de Janeiro - RJ, 21321-620, Brasil",Sudeste,Rio de Janeiro,Rio de Janeiro,PRACA SECA,,MORRO SAO JOSE OPERARIO (OU MORRO DA BARAO),-22.8959474000,-43.3560841000,"18/05/2018, 19:02:00",true,true,N�o identificado,Operação policial,,,false,0,0,0,0,0,0,0,0,0,0,0,0,0,0
14544,"Rua Barão- Praça Seca, Rio de Janeiro - RJ, 21321-620, Brasil",Sudeste,Rio de Janeiro,Rio de Janeiro,PRACA SECA,,MORRO SAO JOSE OPERARIO (OU MORRO DA BARAO),-22.8989634000,-43.3521700000,"18/05/2018, 19:33:00",true,true,N�o identificado,Ação policial,,,false,0,0,0,0,0,0,0,0,0,0,0,0,0,0
14548,"Estr. da Covanca - Tanque, Rio de Janeiro - RJ, Brasil",Sudeste,Rio de Janeiro,Rio de Janeiro,TANQUE,,MORRO DA COVANCA,-22.9148888000,-43.3480613000,"18/05/2018, 20:24:00",false,false,,Não identificado,,,false,0,0,0,0,0,0,0,0,0,0,0,0,0,0
14552,"Rola - Santa Cruz, Rio de Janeiro - RJ, 23515-090, Brasil",Sudeste,Rio de Janeiro,Rio de Janeiro,SANTA CRUZ,,COMPLEXO DO RODO,-22.9200381000,-43.6845415000,"18/05/2018, 21:06:00",false,false,,Não identificado,,,false,0,0,0,0,0,0,0,0,0,0,0,0,0,0
14555,"Praça Seca, Rio de Janeiro - RJ, Brasil",Sudeste,Rio de Janeiro,Rio de Janeiro,PRACA SECA,,,-22.8969198000,-43.3516802000,"18/05/2018, 21:50:00",true,true,N�o identificado,Ação policial,,,false,0,0,0,0,0,0,0,0,0,0,0,0,0,0
14558,"Freguesia (Jacarepaguá), Rio de Janeiro - RJ, Brasil",Sudeste,Rio de Janeiro,Rio de Janeiro,FREGUESIA (JACAREPAGUA),,,-22.9348995000,-43.3360471000,"19/05/2018, 00:25:00",false,false,,Não identificado,,,false,0,0,0,0,0,0,0,0,0,0,0,0,0,0
14590,"R. Barão de São Francisco, Rio de Janeiro - RJ, Brasil",Sudeste,Rio de Janeiro,Rio de Janeiro,VILA ISABEL,,,-22.9185789000,-43.2510030000,"19/05/2018, 01:00:00",true,true,N�o identificado,Ação policial,,,false,0,2,0,0,0,0,0,0,0,0,0,0,0,0
14562,"AP - Cidade de Deus, Rio de Janeiro - RJ, Brasil",Sudeste,Rio de Janeiro,Rio de Janeiro,CIDADE DE DEUS,,CIDADE DE DEUS,-22.9481688000,-43.3626721000,"19/05/2018, 03:10:00",false,false,,Não identificado,,,false,0,0,0,0,0,0,0,0,0,0,0,0,0,0
14563,"Estr. da Covanca - Tanque, Rio de Janeiro - RJ, Brasil",Sudeste,Rio de Janeiro,Rio de Janeiro,TANQUE,,MORRO DA COVANCA,-22.9148888000,-43.3480613000,"19/05/2018, 04:24:00",false,false,,Não identificado,,,false,0,0,0,0,0,0,0,0,0,0,0,0,0,0
14568,"Estr. dos Teixeiras, Rio de Janeiro - RJ, Brasil",Sudeste,Rio de Janeiro,Rio de Janeiro,TAQUARA,,TEIXEIRAS,-22.9102923000,-43.4180603000,"19/05/2018, 05:35:00",true,true,N�o identificado,Ação policial,,,false,0,0,0,0,0,0,0,0,0,0,0,0,0,0
14564,"Rio Comprido, Rio de Janeiro - RJ, Brasil",Sudeste,Rio de Janeiro,Rio de Janeiro,RIO COMPRIDO,,,-22.9252336000,-43.2053404000,"19/05/2018, 05:36:00",false,false,,Não identificado,,,false,0,0,0,0,0,0,0,0,0,0,0,0,0,0
14571,"Estr. dos Teixeiras, Rio de Janeiro - RJ, Brasil",Sudeste,Rio de Janeiro,Rio de Janeiro,TAQUARA,,TEIXEIRAS,-22.9102923000,-43.4180603000,"19/05/2018, 05:37:00",false,false,,Não identificado,,,false,0,0,0,0,0,0,0,0,0,0,0,0,0,0
14574,"Pedrinha - Vidigal, Rio de Janeiro - RJ, Brasil",Sudeste,Rio de Janeiro,Rio de Janeiro,VIDIGAL,,VIDIGAL,-22.9939022000,-43.2358343000,"19/05/2018, 09:13:00",false,false,,Não identificado,,,false,0,0,0,0,0,0,0,0,0,0,0,0,0,0
14575,"R. Arapa, Morro do Adeus - Complexo do Alemão, Rio de Janeiro - RJ, 21060-540, Brasil",Sudeste,Rio de Janeiro,Rio de Janeiro,COMPLEXO DO ALEMAO,,MORRO DO ADEUS (COMPLEXO DO ALEMAO),-22.8630843000,-43.2646036000,"19/05/2018, 09:31:00",false,false,,Não identificado,,,false,0,0,0,0,0,0,0,0,0,0,0,0,0,0
14581,"AP - Cidade de Deus, Rio de Janeiro - RJ, Brasil",Sudeste,Rio de Janeiro,Rio de Janeiro,CIDADE DE DEUS,,CIDADE DE DEUS,-22.9481688000,-43.3626721000,"19/05/2018, 10:45:00",false,false,,Não identificado,,,false,0,0,0,0,0,0,0,0,0,0,0,0,0,0
14582,"Cidade de Deus, Rio de Janeiro - RJ, Brasil",Sudeste,Rio de Janeiro,Rio de Janeiro,CIDADE DE DEUS,,CIDADE DE DEUS,-22.9481688000,-43.3626721000,"19/05/2018, 10:55:00",false,false,,Não identificado,,,false,0,0,0,0,0,0,0,0,0,0,0,0,0,0
14587,"Estr. do Camboatá, Rio de Janeiro - RJ, Brasil",Sudeste,Rio de Janeiro,Rio de Janeiro,GUADALUPE,,FAVELA FAZ QUEM QUER,-22.8340410000,-43.3795537000,"19/05/2018, 13:20:00",false,false,,Não identificado,,,false,0,0,0,0,0,0,0,0,0,0,0,0,0,0
14598,"Av. Cel. Phidias Távora, Pavuna, Rio de Janeiro - RJ, Brasil",Sudeste,Rio de Janeiro,Rio de Janeiro,PAVUNA,,,-22.8067997000,-43.3476202000,"19/05/2018, 14:00:00",true,true,N�o identificado,Tentativa/Roubo,,Perseguição,false,0,0,0,0,0,0,0,0,0,0,0,0,0,0
14622,"Tv. Laís, 8 - Cidade de Deus, Rio de Janeiro - RJ, 22773-110, Brasil",Sudeste,Rio de Janeiro,Rio de Janeiro,CIDADE DE DEUS,,CIDADE DE DEUS,-22.9484200000,-43.3640130000,"19/05/2018, 20:04:00",false,false,,Não identificado,,,false,0,0,0,0,0,0,0,0,0,0,0,0,0,0
14601,"R. Cônego Felipe, 375 - Taquara, Rio de Janeiro - RJ, Brasil",Sudeste,Rio de Janeiro,Rio de Janeiro,TAQUARA,,,-22.9330083000,-43.3812193000,"19/05/2018, 23:44:00",false,false,,Não identificado,,,false,0,0,0,0,0,0,0,0,0,0,0,0,0,0
14603,"R. Pedro Téles - Praça Seca, Rio de Janeiro - RJ, Brasil",Sudeste,Rio de Janeiro,Rio de Janeiro,PRACA SECA,,,-22.8959807000,-43.3477595000,"20/05/2018, 00:46:00",true,true,N�o identificado,Ação policial,,,false,0,0,0,0,0,0,0,0,0,0,0,0,0,0
14604,"Morro dos Prazeres, Santa Teresa, Rio de Janeiro - RJ, 20241-410, Brasil",Sudeste,Rio de Janeiro,Rio de Janeiro,RIO COMPRIDO,,,-22.9319440000,-43.2054199000,"20/05/2018, 02:39:00",true,true,BOPE,Operação policial,,,false,0,2,0,0,0,0,0,0,0,0,0,0,0,0
14607,"Av. Eng. Souza Filho, 1152 - Itanhangá, Rio de Janeiro - RJ, Brasil",Sudeste,Rio de Janeiro,Rio de Janeiro,ITANHANGA,,RIO DAS PEDRAS,-22.9738445000,-43.3361990000,"20/05/2018, 11:52:00",false,false,,Não identificado,,,false,0,0,0,0,0,0,0,0,0,0,0,0,0,0
14609,"Condomínio do Edifício Conde de Baependi - R. Martins Ribeiro, 12 - Flamengo, Rio de Janeiro - RJ, 22231-150, Brasil",Sudeste,Rio de Janeiro,Rio de Janeiro,FLAMENGO,,CONDOMINIO DO EDIFICIO CONDE DE BAEPENDI,-22.9333102000,-43.1789281000,"20/05/2018, 17:06:00",false,false,,Não identificado,,,false,0,0,0,0,0,0,0,0,0,0,0,0,0,0
14618,"Morro do França - Quintino Bocaiuva, Rio de Janeiro - RJ, Brasil",Sudeste,Rio de Janeiro,Rio de Janeiro,QUINTINO BOCAIUVA,,MORRO DO FRANCA,-22.8807162000,-43.3143571000,"20/05/2018, 18:39:00",false,false,,Não identificado,,,false,0,0,0,0,0,0,0,0,0,0,0,0,0,0
14621,"Caju, Rio de Janeiro - RJ, Brasil",Sudeste,Rio de Janeiro,Rio de Janeiro,CAJU,,COMPLEXO DO CAJU,-22.8792069000,-43.2155524000,"20/05/2018, 19:00:00",false,false,,Não identificado,,,false,0,0,0,0,0,0,0,0,0,0,0,0,0,0
14627,"Recreio dos Bandeirantes, Rio de Janeiro - RJ, Brasil",Sudeste,Rio de Janeiro,Rio de Janeiro,RECREIO DOS BANDEIRANTES,,,-23.0136663000,-43.4634068000,"20/05/2018, 20:12:00",false,false,,Não identificado,,,false,0,0,0,0,0,0,0,0,0,0,0,0,0,0
14628,"R. García Redondo - Cachambi, Rio de Janeiro - RJ, Brasil",Sudeste,Rio de Janeiro,Rio de Janeiro,CACHAMBI,,,-22.8906861000,-43.2755429000,"20/05/2018, 23:10:00",false,false,,Não identificado,,,false,0,0,0,0,0,0,0,0,0,0,0,0,0,0
14631,"Av. Pavãozinho, 2 - Copacabana, Rio de Janeiro - RJ, 22071-060, Brasil",Sudeste,Rio de Janeiro,Rio de Janeiro,COPACABANA,,MORRO DO PAVAO-PAVAOZINHO,-22.9806365000,-43.1950302000,"21/05/2018, 03:20:00",true,true,PM,Operação policial,,,false,0,0,0,0,0,0,0,0,0,0,0,0,0,0
14638,"Gogo da Ema - Guadalupe, Rio de Janeiro - RJ, Brasil",Sudeste,Rio de Janeiro,Rio de Janeiro,GUADALUPE,,GOGO DA EMA (COMPLEXO DO CHAPADAO),-22.8401095000,-43.3780741000,"21/05/2018, 05:00:00",true,true,N�o identificado,Ação policial,,,false,0,0,0,0,0,0,0,0,0,0,0,0,0,0
14636,"Rocinha, Rio de Janeiro - RJ, Brasil",Sudeste,Rio de Janeiro,Rio de Janeiro,ROCINHA,,ROCINHA,-22.9879841000,-43.2479825000,"21/05/2018, 06:43:00",false,false,,Não identificado,,,false,0,0,0,0,0,0,0,0,0,0,0,0,0,0
14640,"Rua da Raiz - Rocinha, Rio de Janeiro - RJ, Brasil",Sudeste,Rio de Janeiro,Rio de Janeiro,ROCINHA,,ROCINHA,-22.9911469000,-43.2494764000,"21/05/2018, 08:49:00",true,true,N�o identificado,Ação policial,,,false,0,0,0,0,0,0,0,0,0,0,0,0,0,0
14641,"Kartum - Vila Kennedy - Bangu, Rio de Janeiro - RJ, 21850-007, Brasil",Sudeste,Rio de Janeiro,Rio de Janeiro,VILA KENNEDY,,VILA KENNEDY,-22.8604006000,-43.4884116000,"21/05/2018, 09:15:00",false,false,,Não identificado,,,false,0,0,0,0,0,0,0,0,0,0,0,0,0,0
14643,"R. Manuel Correia, 179 - Piedade, Rio de Janeiro - RJ, 21381-400, Brasil",Sudeste,Rio de Janeiro,Rio de Janeiro,PIEDADE,,MORRO DO URUBU (COMPLEXO DO URUBU),-22.8754230000,-43.3056720000,"21/05/2018, 10:30:00",false,false,,Não identificado,,,false,0,0,0,0,0,0,0,0,0,0,0,0,0,0
14647,"Morro dos Urubus - Pilares, Rio de Janeiro - RJ, Brasil",Sudeste,Rio de Janeiro,Rio de Janeiro,PILARES,,MORRO DO URUBU (COMPLEXO DO URUBU),-22.8763889000,-43.3033333000,"21/05/2018, 11:12:00",true,true,N�o identificado,Ação policial,,,false,0,0,0,0,0,0,0,0,0,0,0,0,0,0
14648,"25 - Vidigal, Rio de Janeiro - RJ, Brasil",Sudeste,Rio de Janeiro,Rio de Janeiro,VIDIGAL,,VIDIGAL,-22.9939022000,-43.2358343000,"21/05/2018, 11:46:00",false,false,,Não identificado,,,false,0,0,0,0,0,0,0,0,0,0,0,0,0,0
14651,"Cidade Alta - R. Anamá - Vigário Geral, Rio de Janeiro - RJ, Brasil",Sudeste,Rio de Janeiro,Rio de Janeiro,VIGARIO GERAL,,CIDADE ALTA (COMPLEXO DE ISRAEL),-22.8156022000,-43.3028307000,"21/05/2018, 13:04:00",false,false,,Não identificado,,,false,0,0,0,0,0,0,0,0,0,0,0,0,0,0
14652,"Estr. do Colégio, Rio de Janeiro - RJ, Brasil",Sudeste,Rio de Janeiro,Rio de Janeiro,COLEGIO,,FAVELA PARA PEDRO,-22.8375117000,-43.3320701000,"21/05/2018, 13:38:00",false,false,,Não identificado,,,false,0,0,0,0,0,0,0,0,0,0,0,0,0,0
14662,"Morro da Congonha - Madureira, Rio de Janeiro - RJ, Brasil",Sudeste,Rio de Janeiro,Rio de Janeiro,MADUREIRA,,MORRO DA CONGONHA (COMPLEXO DO CAJUEIRO),-22.8612318000,-43.3351180000,"21/05/2018, 14:00:00",true,true,PM,Operação policial,,,false,1,0,0,0,0,0,0,0,0,0,0,0,0,0
14657,"R. Adelina Maia, 19 - Anchieta, Rio de Janeiro - RJ, 21655-010, Brasil",Sudeste,Rio de Janeiro,Rio de Janeiro,PAVUNA,,,-22.8167937000,-43.3836982000,"21/05/2018, 15:29:00",false,false,,Não identificado,,,false,0,0,0,0,0,0,0,0,0,0,0,0,0,0
14670,"Cidade de Deus, Rio de Janeiro - RJ, Brasil",Sudeste,Rio de Janeiro,Rio de Janeiro,CIDADE DE DEUS,,CIDADE DE DEUS,-22.9481688000,-43.3626721000,"21/05/2018, 19:35:00",false,false,,Não identificado,,,false,0,0,0,0,0,0,0,0,0,0,0,0,0,0
14672,"Rua Gruçaí, 186-238 - Penha, Rio de Janeiro - RJ, 21020-250, Brasil",Sudeste,Rio de Janeiro,Rio de Janeiro,PENHA,,,-22.8358704000,-43.2730190000,"21/05/2018, 19:40:00",false,false,,Não identificado,,,false,0,0,0,0,0,0,0,0,0,0,0,0,0,0
14673,"Santo Cristo, Rio de Janeiro - RJ, Brasil",Sudeste,Rio de Janeiro,Rio de Janeiro,SANTO CRISTO,,,-22.8993179000,-43.2016664000,"21/05/2018, 20:02:00",false,false,,Não identificado,,,false,0,0,0,0,0,0,0,0,0,0,0,0,0,0
14674,"R. Araponga - Galeão, Rio de Janeiro - RJ, Brasil",Sudeste,Rio de Janeiro,Rio de Janeiro,GALEAO,,MORRO DO BARBANTE (OU VILA JOANIZA),-22.8135857000,-43.2306582000,"21/05/2018, 21:48:00",false,false,,Não identificado,,,false,0,0,0,0,0,0,0,0,0,0,0,0,0,0
14675,"Praça Eugênio Jardim - Copacabana, Rio de Janeiro - RJ, 22051-001, Brasil",Sudeste,Rio de Janeiro,Rio de Janeiro,COPACABANA,,,-22.9766678000,-43.1938526000,"21/05/2018, 22:45:00",false,false,,Não identificado,,,false,0,0,0,0,0,0,0,0,0,0,0,0,0,0
14676,"Av. Prado Júnior, 145 - Copacabana, Rio de Janeiro - RJ, 22011-040, Brazil",Sudeste,Rio de Janeiro,Rio de Janeiro,COPACABANA,,,-22.9639478000,-43.1751588000,"22/05/2018, 03:19:00",true,true,N�o identificado,Ação policial,,,false,0,0,0,0,0,0,0,0,0,0,0,0,0,0
14683,"Morro do Chapéu Mangueiro - Leme, Rio de Janeiro - RJ, Brasil",Sudeste,Rio de Janeiro,Rio de Janeiro,LEME,,CHAPEU-MANGUEIRA,-22.9615018000,-43.1662396000,"22/05/2018, 03:20:00",false,false,,Não identificado,,,false,0,0,0,0,0,0,0,0,0,0,0,0,0,0
14686,"Morro da Providencia - Gambôa, Rio de Janeiro - RJ, 20221-310, Brasil",Sudeste,Rio de Janeiro,Rio de Janeiro,GAMBOA,,MORRO DA PROVIDENCIA,-22.9002778000,-43.1952778000,"22/05/2018, 05:24:00",false,false,,Não identificado,,,false,0,0,0,0,0,0,0,0,0,0,0,0,0,0
14679,"Jardim Novo - Realengo, Rio de Janeiro - RJ, 21760-150, Brasil",Sudeste,Rio de Janeiro,Rio de Janeiro,REALENGO,,,-22.8908862000,-43.4191429000,"22/05/2018, 05:30:00",false,false,,Não identificado,,,false,0,0,0,0,0,0,0,0,0,0,0,0,0,0
14680,"R. Gomes Carneiro - Ipanema, Rio de Janeiro - RJ, Brasil",Sudeste,Rio de Janeiro,Rio de Janeiro,IPANEMA,,,-22.9855149000,-43.1961850000,"22/05/2018, 05:57:00",false,false,,Não identificado,,,false,0,0,0,0,0,0,0,0,0,0,0,0,0,0
14687,"Engenho Novo, Rio de Janeiro - RJ, Brasil",Sudeste,Rio de Janeiro,Rio de Janeiro,ENGENHO NOVO,,,-22.9027463000,-43.2684052000,"22/05/2018, 06:12:00",false,false,,Não identificado,,,false,0,0,0,0,0,0,0,0,0,0,0,0,0,0
14684,"Parque Royal - Portuguesa, Rio de Janeiro - RJ, Brasil",Sudeste,Rio de Janeiro,Rio de Janeiro,PORTUGUESA,,PARQUE ROYAL,-22.7957110000,-43.2080422000,"22/05/2018, 06:48:00",false,false,,Não identificado,,,false,0,0,0,0,0,0,0,0,0,0,0,0,0,0
14688,"Estr. dos Teixeiras, Rio de Janeiro - RJ, Brasil",Sudeste,Rio de Janeiro,Rio de Janeiro,TAQUARA,,TEIXEIRAS,-22.9102923000,-43.4180603000,"22/05/2018, 07:25:00",false,false,,Não identificado,,,false,0,0,0,0,0,0,0,0,0,0,0,0,0,0
14691,"R. Marcolino - Santa Cruz, Rio de Janeiro - RJ, 23591-240, Brasil",Sudeste,Rio de Janeiro,Rio de Janeiro,SANTA CRUZ,,FAVELA DO ROLA 2 (COMPLEXO DO RODO),-22.9291171000,-43.6626295000,"22/05/2018, 08:03:00",false,false,,Não identificado,,,false,0,0,0,0,0,0,0,0,0,0,0,0,0,0
14693,"R. Ari leao - Maré, Rio de Janeiro - RJ, Brasil",Sudeste,Rio de Janeiro,Rio de Janeiro,MARE,,PARQUE UNIAO (COMPLEXO DA MARE),-22.8505373000,-43.2429237000,"22/05/2018, 08:26:00",true,true,N�o identificado,Ação policial,,,false,0,0,0,0,0,0,0,0,0,0,0,0,0,0
14696,"Matinha, Morro do São João, Engenho Novo, Rio de Janeiro - RJ, Brasil",Sudeste,Rio de Janeiro,Rio de Janeiro,SAMPAIO,,MORRO SAO JOAO,-22.9077778000,-43.2616667000,"22/05/2018, 11:05:00",false,false,,Não identificado,,,false,0,0,0,0,0,0,0,0,0,0,0,0,0,0
14699,"Jardim Novo - Realengo, Rio de Janeiro - RJ, 21760-240, Brasil",Sudeste,Rio de Janeiro,Rio de Janeiro,REALENGO,,,-22.8923941000,-43.4177244000,"22/05/2018, 11:53:00",false,false,,Não identificado,,,false,0,0,0,0,0,0,0,0,0,0,0,0,0,0
14704,"Grota - Complexo do Alemão, Rio de Janeiro - RJ, Brasil",Sudeste,Rio de Janeiro,Rio de Janeiro,COMPLEXO DO ALEMAO,,GROTA (COMPLEXO DO ALEMAO),-22.8608162000,-43.2741950000,"22/05/2018, 14:48:00",false,false,,Não identificado,,,false,0,0,0,0,0,0,0,0,0,0,0,0,0,0
14707,"R. Paulo de Aquino, 20-48 - Anchieta, Rio de Janeiro - RJ, 21645-500, Brasil",Sudeste,Rio de Janeiro,Rio de Janeiro,ANCHIETA,,COMPLEXO DO CHAPADAO,-22.8310895000,-43.3830723000,"22/05/2018, 15:36:00",true,true,N�o identificado,Ação policial,,,false,0,0,0,0,0,0,0,0,0,0,0,0,0,0
14709,"Estr. do Barro Vermelho, Rio de Janeiro - RJ, Brasil",Sudeste,Rio de Janeiro,Rio de Janeiro,ROCHA MIRANDA,,,-22.8490056000,-43.3433986000,"22/05/2018, 16:17:00",false,false,,Não identificado,,,false,0,0,0,0,0,0,0,0,0,0,0,0,0,0
14710,"Estr. da Covanca - Tanque, Rio de Janeiro - RJ, Brasil",Sudeste,Rio de Janeiro,Rio de Janeiro,TANQUE,,MORRO DA COVANCA,-22.9148888000,-43.3480613000,"22/05/2018, 17:21:00",false,false,,Não identificado,,,false,0,0,0,0,0,0,0,0,0,0,0,0,0,0
14711,"R. Taquarichim, Rio de Janeiro - RJ, 21510-240, Brasil",Sudeste,Rio de Janeiro,Rio de Janeiro,ROCHA MIRANDA,,MORRO JORGE TURCO,-22.8400745000,-43.3473366000,"22/05/2018, 17:39:00",false,false,,Não identificado,,,false,0,0,0,0,0,0,0,0,0,0,0,0,0,0
14717,"R. Ururaí, Rio de Janeiro - RJ, Brasil",Sudeste,Rio de Janeiro,Rio de Janeiro,HONORIO GURGEL,,,-22.8453288000,-43.3566086000,"22/05/2018, 20:33:00",true,true,N�o identificado,Ação policial,,,false,0,0,0,0,0,0,0,0,0,0,0,0,0,0
14720,"Morro da Lagartixa - Costa Barros, Rio de Janeiro - RJ, 21515-280, Brasil",Sudeste,Rio de Janeiro,Rio de Janeiro,COSTA BARROS,,MORRO DA LAGARTIXA (COMPLEXO DA PEDREIRA),-22.8241667000,-43.3644444000,"23/05/2018, 00:30:00",false,false,,Não identificado,,,false,0,0,0,0,0,0,0,0,0,0,0,0,0,0
14723,"Bateua Mouche - Praça Seca, Rio de Janeiro - RJ, 21321-802, Brasil",Sudeste,Rio de Janeiro,Rio de Janeiro,PRACA SECA,,FAVELA BATEAU MOUCHE,-22.9046925000,-43.3570580000,"23/05/2018, 03:26:00",false,false,,Não identificado,,,false,0,0,0,0,0,0,0,0,0,0,0,0,0,0
14724,"Morro do Dezoito - Quintino Bocaiuva, Rio de Janeiro - RJ, Brasil",Sudeste,Rio de Janeiro,Rio de Janeiro,QUINTINO BOCAIUVA,,MORRO DO 18 (COMPLEXO DO 18),-22.8988889000,-43.3219444000,"23/05/2018, 03:28:00",false,false,,Não identificado,,,false,0,0,0,0,0,0,0,0,0,0,0,0,0,0
14721,"Piedade, Rio de Janeiro - RJ, Brasil",Sudeste,Rio de Janeiro,Rio de Janeiro,PIEDADE,,,-22.8916397000,-43.3107394000,"23/05/2018, 03:29:00",false,false,,Não identificado,,,false,0,0,0,0,0,0,0,0,0,0,0,0,0,0
14722,"Água Santa, Rio de Janeiro - RJ, Brasil",Sudeste,Rio de Janeiro,Rio de Janeiro,AGUA SANTA,,,-22.9052068000,-43.3072301000,"23/05/2018, 03:33:00",false,false,,Não identificado,,,false,0,0,0,0,0,0,0,0,0,0,0,0,0,0
14725,"RJ-115 - Vigário Geral, Vassouras - RJ, 21010-400, Brasil",Sudeste,Rio de Janeiro,Rio de Janeiro,VIGARIO GERAL,,FURQUIM MENDES,-22.8049226000,-43.3174080000,"23/05/2018, 04:09:00",false,false,,Não identificado,,,false,0,0,0,0,0,0,0,0,0,0,0,0,0,0
14731,"Rua Torres de Oliveira, Rio de Janeiro - RJ, Brasil",Sudeste,Rio de Janeiro,Rio de Janeiro,PIEDADE,,LOTEAMENTO BAIRRO DA LUZ,-22.9020305000,-43.3144764000,"23/05/2018, 07:05:00",true,true,N�o identificado,Ação policial,,,false,0,0,0,0,0,0,0,0,0,0,0,0,0,0
14735,"R. Vinte e Quatro de Maio, Rio de Janeiro - RJ, Brasil",Sudeste,Rio de Janeiro,Rio de Janeiro,ENGENHO NOVO,,,-22.9032928000,-43.2698272000,"23/05/2018, 14:02:00",false,false,,Não identificado,,,false,0,0,0,0,0,0,0,0,0,0,0,0,0,0
14739,"Estr. Cmte. Luís Souto - Praça Seca, Rio de Janeiro - RJ, Brasil",Sudeste,Rio de Janeiro,Rio de Janeiro,PRACA SECA,,MATO ALTO,-22.9084488000,-43.3648504000,"23/05/2018, 15:54:00",false,false,,Não identificado,,,false,0,0,0,0,0,0,0,0,0,0,0,0,0,0
14749,"Rua Javatá - Anchieta, Rio de Janeiro - RJ, Brasil",Sudeste,Rio de Janeiro,Rio de Janeiro,ANCHIETA,,JAVATA (COMPLEXO DO CHAPADAO),-22.8208874000,-43.3892476000,"23/05/2018, 19:00:00",false,false,,Não identificado,,,false,0,0,0,0,0,0,0,0,0,0,0,0,0,0
14756,"Morro Jorge Turco - Colégio, Rio de Janeiro - RJ, 20765-630, Brasil",Sudeste,Rio de Janeiro,Rio de Janeiro,COLEGIO,,MORRO JORGE TURCO,-22.8386111000,-43.3447222000,"23/05/2018, 21:10:00",false,false,,Não identificado,,,false,0,0,0,0,0,0,0,0,0,0,0,0,0,0
14755,"Mangueira, Rio de Janeiro - RJ, Brasil",Sudeste,Rio de Janeiro,Rio de Janeiro,MANGUEIRA,,MANGUEIRA,-22.9052507000,-43.2340127000,"23/05/2018, 21:13:00",false,false,,Não identificado,,,false,0,0,0,0,0,0,0,0,0,0,0,0,0,0
14754,"R. Lourenço Marquês - Mal. Hermes, Rio de Janeiro - RJ, Brasil",Sudeste,Rio de Janeiro,Rio de Janeiro,MARECHAL HERMES,,FAVELA DA PALMEIRINHA,-22.8477361000,-43.3639245000,"23/05/2018, 21:14:00",false,false,,Não identificado,,,false,0,0,0,0,0,0,0,0,0,0,0,0,0,0
14758,"Estr. João Paulo - Honório Gurgel, Rio de Janeiro - RJ, Brasil",Sudeste,Rio de Janeiro,Rio de Janeiro,BARROS FILHO,,PROENCA ROSA,-22.8393577000,-43.3623663000,"23/05/2018, 21:24:00",false,false,,Não identificado,,,false,0,0,0,0,0,0,0,0,0,0,0,0,0,0
14760,"Barros Filho, Rio de Janeiro - RJ, 21512-002, Brasil",Sudeste,Rio de Janeiro,Rio de Janeiro,BARROS FILHO,,,-22.8405182000,-43.3623956000,"23/05/2018, 21:55:00",false,false,,Não identificado,,,false,0,0,0,0,0,0,0,0,0,0,0,0,0,0
14761,"Beco São José, 169-333 - Barros Filho, Rio de Janeiro - RJ, 21515-255, Brasil",Sudeste,Rio de Janeiro,Rio de Janeiro,BARROS FILHO,,PROENCA ROSA,-22.8366819000,-43.3615195000,"23/05/2018, 22:14:00",false,false,,Não identificado,,,false,0,0,0,0,0,0,0,0,0,0,0,0,0,0
14765,"Morro da Primavera - Cavalcanti, Rio de Janeiro - RJ, Brasil",Sudeste,Rio de Janeiro,Rio de Janeiro,CAVALCANTI,,MORRO DA PRIMAVERA,-22.8725957000,-43.3136000000,"24/05/2018, 02:30:00",false,false,,Não identificado,,,false,0,0,0,0,0,0,0,0,0,0,0,0,0,0
14772,"R. Getúlio - Cachambi, Rio de Janeiro - RJ, Brasil",Sudeste,Rio de Janeiro,Rio de Janeiro,CACHAMBI,,,-22.8899814000,-43.2767704000,"24/05/2018, 03:00:00",true,true,N�o identificado,Arrastão,,,false,0,0,0,0,0,0,0,0,0,0,0,0,0,0
14776,"Morro Jorge Turco - Colégio, Rio de Janeiro - RJ, 20765-630, Brasil",Sudeste,Rio de Janeiro,Rio de Janeiro,COLEGIO,,MORRO JORGE TURCO,-22.8386111000,-43.3447222000,"24/05/2018, 04:00:00",true,true,PM,Operação policial,,,false,0,3,0,0,0,0,0,0,0,0,0,0,0,0
14774,"Morro do engenho  - Engenho da Rainha, Rio de Janeiro - RJ, Brasil",Sudeste,Rio de Janeiro,Rio de Janeiro,ENGENHO DA RAINHA,,MORRO DO ENGENHO DA RAINHA,-22.8650532000,-43.2940226000,"24/05/2018, 04:00:00",true,true,PM,Operação policial,,,false,0,2,0,0,0,0,0,0,0,0,0,0,0,0
14775,"Morro do Borel- Tijuca, Rio de Janeiro - RJ, Brasil",Sudeste,Rio de Janeiro,Rio de Janeiro,TIJUCA,,MORRO DO BOREL,-22.9372426000,-43.2574038000,"24/05/2018, 07:43:00",true,true,N�o identificado,Operação policial,,,false,0,0,0,0,0,0,0,0,0,0,0,0,0,0
14783,"R. Francisco Portela - Guadalupe, Rio de Janeiro - RJ, Brasil",Sudeste,Rio de Janeiro,Rio de Janeiro,GUADALUPE,,,-22.8376541000,-43.3735773000,"24/05/2018, 08:58:00",true,true,N�o identificado,Ação policial,,,false,0,0,0,0,0,0,0,0,0,0,0,0,0,0
14784,"R. Osman Lins, 497 - Deodoro, Rio de Janeiro - RJ, 21670-450, Brasil",Sudeste,Rio de Janeiro,Rio de Janeiro,DEODORO,,FAVELA DO MUQUICO,-22.8505870000,-43.3832840000,"24/05/2018, 09:18:00",true,true,N�o identificado,Ação policial,,,false,0,0,0,0,0,0,0,0,0,0,0,0,0,0
14791,"Comunidade Eternit - Barros Filho, Rio de Janeiro - RJ, 21660-570, Brasil",Sudeste,Rio de Janeiro,Rio de Janeiro,BARROS FILHO,,FAVELA DO ETERNIT,-22.8379884000,-43.3678566000,"24/05/2018, 09:56:00",true,true,PM,Operação policial,,,false,0,1,0,0,0,0,0,0,0,0,0,0,0,0
14793,"Vila Vintém - Padre Miguel, Rio de Janeiro - RJ, 21721-021, Brasil",Sudeste,Rio de Janeiro,Rio de Janeiro,PADRE MIGUEL,,VILA VINTEM,-22.8709633000,-43.4426703000,"24/05/2018, 14:04:00",false,false,,Não identificado,,,false,0,0,0,0,0,0,0,0,0,0,0,0,0,0
14794,"R. Lemos Brito - Quintino Bocaiuva, Rio de Janeiro - RJ, Brasil",Sudeste,Rio de Janeiro,Rio de Janeiro,QUINTINO BOCAIUVA,,FAVELA LEMOS DE BRITO (COMPLEXO DO 18),-22.8959671000,-43.3253079000,"24/05/2018, 14:15:00",false,false,,Não identificado,,,false,0,0,0,0,0,0,0,0,0,0,0,0,0,0
14798,"Cidade de Deus, Rio de Janeiro - RJ, Brasil",Sudeste,Rio de Janeiro,Rio de Janeiro,CIDADE DE DEUS,,CIDADE DE DEUS,-22.9481688000,-43.3626721000,"24/05/2018, 16:20:00",false,false,,Não identificado,,,false,0,0,0,0,0,0,0,0,0,0,0,0,0,0
14823,"R. da Pedreira - Cascadura, Rio de Janeiro - RJ, Brasil",Sudeste,Rio de Janeiro,Rio de Janeiro,CASCADURA,,,-22.8833706000,-43.3256152000,"24/05/2018, 18:00:00",false,false,,Tentativa/Roubo,,,false,1,0,0,0,0,0,0,0,0,0,0,0,1,0
14802,"Morro do Pavao - Copacabana, Rio de Janeiro - RJ, 22071-060, Brasil",Sudeste,Rio de Janeiro,Rio de Janeiro,COPACABANA,,MORRO DO PAVAO-PAVAOZINHO,-22.9811111000,-43.1975000000,"24/05/2018, 18:36:00",false,false,,Não identificado,,,false,0,0,0,0,0,0,0,0,0,0,0,0,0,0
14818,"R. Dois de Dezembro - Flamengo, Rio de Janeiro - RJ, Brasil",Sudeste,Rio de Janeiro,Rio de Janeiro,FLAMENGO,,,-22.9298761000,-43.1766778000,"24/05/2018, 22:00:00",true,true,N�o identificado,Tentativa/Roubo,,,false,0,1,0,0,0,0,0,0,0,0,0,0,0,0
14813,"Cidade de Deus, Rio de Janeiro - RJ, Brasil",Sudeste,Rio de Janeiro,Rio de Janeiro,CIDADE DE DEUS,,CIDADE DE DEUS,-22.9481688000,-43.3626721000,"25/05/2018, 03:28:00",false,false,,Não identificado,,,false,0,0,0,0,0,0,0,0,0,0,0,0,0,0
14822,"Av. Carlos Mattoso Corrêa - Benfica, Rio de Janeiro - RJ, Brasil",Sudeste,Rio de Janeiro,Rio de Janeiro,BENFICA,,PARQUE ARARA,-22.8891565000,-43.2397666000,"25/05/2018, 06:55:00",false,false,,Não identificado,,,false,0,0,0,0,0,0,0,0,0,0,0,0,0,0
14832,"Arará - Largo do Benfica - Benfica, Rio de Janeiro - RJ, 20911-360, Brasil",Sudeste,Rio de Janeiro,Rio de Janeiro,BENFICA,,PARQUE ARARA,-22.8918522000,-43.2393872000,"25/05/2018, 07:00:00",true,true,PM,Ação policial,,,false,2,0,0,0,0,0,0,0,0,0,0,0,0,0
14824,"R. Lélio Boaventura - Realengo, Rio de Janeiro - RJ, 21760-520, Brasil",Sudeste,Rio de Janeiro,Rio de Janeiro,REALENGO,,,-22.8916595000,-43.4141291000,"25/05/2018, 08:18:00",false,false,,Não identificado,,,false,0,0,0,0,0,0,0,0,0,0,0,0,0,0
14833,"Morro da Formiga - Tijuca, Rio de Janeiro - RJ, 20530-003, Brasil",Sudeste,Rio de Janeiro,Rio de Janeiro,TIJUCA,,MORRO DA FORMIGA,-22.9441667000,-43.2408333000,"25/05/2018, 14:58:00",false,false,,Não identificado,,,false,0,0,0,0,0,0,0,0,0,0,0,0,0,0
14836,"Senador Camará, Rio de Janeiro - RJ, Brasil",Sudeste,Rio de Janeiro,Rio de Janeiro,SENADOR CAMARA,,,-22.8968333000,-43.4877927000,"25/05/2018, 15:06:00",false,false,,Não identificado,,,false,0,0,0,0,0,0,0,0,0,0,0,0,0,0
14834,"Rua Barão, 26 - Praça Seca, Rio de Janeiro - RJ, 21321-620, Brasil",Sudeste,Rio de Janeiro,Rio de Janeiro,PRACA SECA,,MORRO SAO JOSE OPERARIO (OU MORRO DA BARAO),-22.9032803000,-43.3457524000,"25/05/2018, 15:34:00",false,false,,Não identificado,,,false,0,0,0,0,0,0,0,0,0,0,0,0,0,0
14835,"Estr. dos Bandeirantes, 2035 - Taquara, Rio de Janeiro - RJ, 22710-571, Brasil",Sudeste,Rio de Janeiro,Rio de Janeiro,TAQUARA,,VILA TAQUARA,-22.9431318000,-43.3720135000,"25/05/2018, 16:10:00",false,false,,Não identificado,,,false,0,0,0,0,0,0,0,0,0,0,0,0,0,0
14837,"Karatê -Cidade de Deus, Rio de Janeiro - RJ, Brasil",Sudeste,Rio de Janeiro,Rio de Janeiro,CIDADE DE DEUS,,CIDADE DE DEUS,-22.9481688000,-43.3626721000,"25/05/2018, 16:10:00",false,false,,Não identificado,,,false,0,0,0,0,0,0,0,0,0,0,0,0,0,0
14838,"R. do Amor, 37-199 - Pavuna, Rio de Janeiro - RJ, Brasil",Sudeste,Rio de Janeiro,Rio de Janeiro,PAVUNA,,MORRO DO CHAPADAO (COMPLEXO DO CHAPADAO),-22.8185965000,-43.3726845000,"25/05/2018, 16:43:00",false,false,,Não identificado,,,false,0,0,0,0,0,0,0,0,0,0,0,0,0,0
14840,"R. Lemos Brito - Quintino Bocaiuva, Rio de Janeiro - RJ, Brasil",Sudeste,Rio de Janeiro,Rio de Janeiro,QUINTINO BOCAIUVA,,FAVELA LEMOS DE BRITO (COMPLEXO DO 18),-22.8959671000,-43.3253079000,"25/05/2018, 17:09:00",false,false,,Não identificado,,,false,0,0,0,0,0,0,0,0,0,0,0,0,0,0
14844,"Teixeiras - Taquara, Rio de Janeiro - RJ, 22715-460, Brasil",Sudeste,Rio de Janeiro,Rio de Janeiro,TAQUARA,,TEIXEIRAS,-22.9217410000,-43.3869240000,"25/05/2018, 19:05:00",false,false,,Não identificado,,,false,0,0,0,0,0,0,0,0,0,0,0,0,0,0
14848,"Vila Kennedy - Bangu, Rio de Janeiro - RJ, 21850-007, Brasil",Sudeste,Rio de Janeiro,Rio de Janeiro,VILA KENNEDY,,VILA KENNEDY,-22.8604006000,-43.4884116000,"25/05/2018, 19:08:00",false,false,,Não identificado,,,false,0,0,0,0,0,0,0,0,0,0,0,0,0,0
14849,"R. Interna, 55 - Pavuna, Rio de Janeiro - RJ, 21520-211, Brasil",Sudeste,Rio de Janeiro,Rio de Janeiro,PAVUNA,,FAVELA CORO COME,-22.8122040000,-43.3707769000,"25/05/2018, 19:35:00",false,false,,Não identificado,,,false,0,0,0,0,0,0,0,0,0,0,0,0,0,0
14850,"Teixeiras e Santa Maria - Taquara, Rio de Janeiro - RJ, 22723-205, Brasil",Sudeste,Rio de Janeiro,Rio de Janeiro,TAQUARA,,TEIXEIRAS,-22.9074025000,-43.4214288000,"25/05/2018, 19:45:00",false,false,,Não identificado,,,false,0,0,0,0,0,0,0,0,0,0,0,0,0,0
14851,"R. Congo - Bangu, Rio de Janeiro - RJ, Brasil",Sudeste,Rio de Janeiro,Rio de Janeiro,VILA KENNEDY,,VILA KENNEDY,-22.8621466000,-43.4907856000,"25/05/2018, 20:05:00",false,false,,Não identificado,,,false,0,0,0,0,0,0,0,0,0,0,0,0,0,0
14856,"Complexo do Lins - Lins de Vasconcelos, Rio de Janeiro - RJ, Brasil",Sudeste,Rio de Janeiro,Rio de Janeiro,LINS DE VASCONCELOS,,COMPLEXO DO LINS,-22.9128703000,-43.2845545000,"26/05/2018, 03:00:00",false,false,,Não identificado,,,false,0,0,0,0,0,0,0,0,0,0,0,0,0,0
14855,"R. Dr. Bernardino - Praça Seca, Rio de Janeiro - RJ, Brasil",Sudeste,Rio de Janeiro,Rio de Janeiro,PRACA SECA,,MORRO SAO JOSE OPERARIO (OU MORRO DA BARAO),-22.8976790000,-43.3464154000,"26/05/2018, 03:52:00",false,false,,Não identificado,,,false,0,0,0,0,0,0,0,0,0,0,0,0,0,0
14857,"Morro do Borel -Tijuca, Rio de Janeiro - RJ, Brasil",Sudeste,Rio de Janeiro,Rio de Janeiro,TIJUCA,,MORRO DO BOREL,-22.9325728000,-43.2410248000,"26/05/2018, 05:00:00",false,false,,Não identificado,,,false,0,0,0,0,0,0,0,0,0,0,0,0,0,0
14858,"Vidigal, Rio de Janeiro - RJ, Brasil",Sudeste,Rio de Janeiro,Rio de Janeiro,VIDIGAL,,VIDIGAL,-22.9939022000,-43.2358343000,"26/05/2018, 06:00:00",false,false,,Não identificado,,,false,0,0,0,0,0,0,0,0,0,0,0,0,0,0
14859,"Morro do Juramento - Vicente de Carvalho, Rio de Janeiro - RJ, Brasil",Sudeste,Rio de Janeiro,Rio de Janeiro,VICENTE DE CARVALHO,,MORRO DO JURAMENTO (COMPLEXO DO JURAMENTO),-22.8627778000,-43.3152778000,"26/05/2018, 06:59:00",false,false,,Não identificado,,,false,0,0,0,0,0,0,0,0,0,0,0,0,0,0
14860,"Morro do Borel - Tijuca, Rio de Janeiro - RJ, Brasil",Sudeste,Rio de Janeiro,Rio de Janeiro,TIJUCA,,MORRO DO BOREL,-22.9325728000,-43.2410248000,"26/05/2018, 07:11:00",false,false,,Não identificado,,,false,0,0,0,0,0,0,0,0,0,0,0,0,0,0
14861,"Morro do Borel  - Tijuca, Rio de Janeiro - RJ, Brasil",Sudeste,Rio de Janeiro,Rio de Janeiro,TIJUCA,,MORRO DO BOREL,-22.9429258000,-43.2559539000,"26/05/2018, 08:05:00",false,false,,Não identificado,,,false,0,0,0,0,0,0,0,0,0,0,0,0,0,0
14864,"Favela do Dick - Rua Projetada do Dique - Jardim America, Rio de Janeiro - RJ, Brasil",Sudeste,Rio de Janeiro,Rio de Janeiro,JARDIM AMERICA,,FAVELA DO DIQUE,-22.8027693000,-43.3240105000,"26/05/2018, 09:35:00",false,false,,Não identificado,,,false,0,0,0,0,0,0,0,0,0,0,0,0,0,0
14899,"Vila Kennedy - Bangu, Rio de Janeiro - RJ, 21850-007, Brasil",Sudeste,Rio de Janeiro,Rio de Janeiro,VILA KENNEDY,,VILA KENNEDY,-22.8604006000,-43.4884116000,"26/05/2018, 10:13:00",false,false,,Não identificado,,,false,0,0,0,0,0,0,0,0,0,0,0,0,0,0
14867,"Rua Clarimundo de Melo, Rio de Janeiro - RJ, Brasil",Sudeste,Rio de Janeiro,Rio de Janeiro,PIEDADE,,,-22.8960221000,-43.3139174000,"26/05/2018, 12:15:00",false,false,,Não identificado,,,false,0,0,0,0,0,0,0,0,0,0,0,0,0,0
14869,"Ladeira Santa Maria - Taquara, Rio de Janeiro - RJ, 22723-175, Brasil",Sudeste,Rio de Janeiro,Rio de Janeiro,TAQUARA,,COMUNIDADE SANTA MARIA,-22.9152992000,-43.4209194000,"26/05/2018, 13:58:00",false,false,,Não identificado,,,false,0,0,0,0,0,0,0,0,0,0,0,0,0,0
14870,"Malvinas - Vila Kennedy - Bangu, Rio de Janeiro - RJ, 21850-007, Brasil",Sudeste,Rio de Janeiro,Rio de Janeiro,VILA KENNEDY,,VILA KENNEDY,-22.8604006000,-43.4884116000,"26/05/2018, 15:14:00",false,false,,Não identificado,,,false,0,0,0,0,0,0,0,0,0,0,0,0,0,0
14874,"Morro da Babilônia - Leme, Rio de Janeiro - RJ, 22010-060, Brasil",Sudeste,Rio de Janeiro,Rio de Janeiro,LEME,,BABILONIA,-22.9601461000,-43.1704097000,"26/05/2018, 16:19:00",false,false,,Não identificado,,,false,0,0,0,0,0,0,0,0,0,0,0,0,0,0
14873,"Ladeira do Leme, Rio de Janeiro - RJ, Brasil",Sudeste,Rio de Janeiro,Rio de Janeiro,COPACABANA,,,-22.9627938000,-43.1793217000,"26/05/2018, 16:20:00",false,false,,Não identificado,,,false,0,0,0,0,0,0,0,0,0,0,0,0,0,0
14876,"Mangueira, Rio de Janeiro - RJ, Brasil",Sudeste,Rio de Janeiro,Rio de Janeiro,MANGUEIRA,,MANGUEIRA,-22.9052507000,-43.2340127000,"26/05/2018, 17:20:00",false,false,,Não identificado,,,false,0,0,0,0,0,0,0,0,0,0,0,0,0,0
14884,"Morro do Faz Quem Quer, Rocha Miranda, Rio de Janeiro - RJ",Sudeste,Rio de Janeiro,Rio de Janeiro,ROCHA MIRANDA,,MORRO DO FAZ QUEM QUER (COMPLEXO DO CAJUEIRO),-22.8545180000,-43.3395900000,"26/05/2018, 20:57:00",false,false,,Não identificado,,,false,0,0,0,0,0,0,0,0,0,0,0,0,0,0
14883,"Vila Kennedy - Bangu, Rio de Janeiro - RJ, 21850-007, Brasil",Sudeste,Rio de Janeiro,Rio de Janeiro,VILA KENNEDY,,VILA KENNEDY,-22.8604006000,-43.4884116000,"26/05/2018, 21:09:00",false,false,,Não identificado,,,false,0,0,0,0,0,0,0,0,0,0,0,0,0,0
14885,"Morro do Borel - Tijuca, Rio de Janeiro - RJ, 20530-003, Brasil",Sudeste,Rio de Janeiro,Rio de Janeiro,TIJUCA,,MORRO DO BOREL,-22.9383333000,-43.2594444000,"26/05/2018, 22:37:00",false,false,,Não identificado,,,false,0,0,0,0,0,0,0,0,0,0,0,0,0,0
14888,"Morro do Borel - Tijuca, Rio de Janeiro - RJ, Brasil",Sudeste,Rio de Janeiro,Rio de Janeiro,TIJUCA,,MORRO DO BOREL,-22.9426925000,-43.2562699000,"27/05/2018, 01:57:00",false,false,,Não identificado,,,false,0,0,0,0,0,0,0,0,0,0,0,0,0,0
14890,"Morro da Babilonia - Botafogo, Rio de Janeiro - RJ, 22010-011, Brasil",Sudeste,Rio de Janeiro,Rio de Janeiro,LEME,,BABILONIA,-22.9569444000,-43.1700000000,"27/05/2018, 03:25:00",false,false,,Não identificado,,,false,0,0,0,0,0,0,0,0,0,0,0,0,0,0
14896,"Rocinha - parte alta, Rio de Janeiro - RJ, Brasil",Sudeste,Rio de Janeiro,Rio de Janeiro,ROCINHA,,ROCINHA,-22.9748145000,-43.2351205000,"27/05/2018, 03:42:00",true,true,N�o identificado,Ação policial,,,false,0,0,0,0,0,0,0,0,0,0,0,0,0,0
14892,"R. 2 - Rocinha, Rio de Janeiro - RJ, Brasil",Sudeste,Rio de Janeiro,Rio de Janeiro,ROCINHA,,ROCINHA,-22.9895932000,-43.2464165000,"27/05/2018, 04:01:00",true,true,N�o identificado,Ação policial,,,false,0,0,0,0,0,0,0,0,0,0,0,0,0,0
14895,"Valão - Rocinha, Rio de Janeiro - RJ, 22795-155, Brasil",Sudeste,Rio de Janeiro,Rio de Janeiro,ROCINHA,,ROCINHA,-22.9917960000,-43.2502970000,"27/05/2018, 04:18:00",true,true,UPP (Rocinha),Ação policial,,,false,1,2,0,1,0,0,0,0,0,0,0,0,0,0
14921,"Linha Amarela - Água Santa, Rio de Janeiro - RJ, Brasil",Sudeste,Rio de Janeiro,Rio de Janeiro,AGUA SANTA,,,-22.9128588000,-43.3172475000,"27/05/2018, 05:00:00",false,true,,Tentativa/Roubo,,,false,0,1,0,0,0,0,0,0,0,0,0,0,0,0
14897,"Rua Barão - Praça Seca, Rio de Janeiro - RJ, Brasil",Sudeste,Rio de Janeiro,Rio de Janeiro,PRACA SECA,,MORRO SAO JOSE OPERARIO (OU MORRO DA BARAO),-22.8988185000,-43.3521535000,"27/05/2018, 07:02:00",false,false,,Não identificado,,,false,0,0,0,0,0,0,0,0,0,0,0,0,0,0
14900,"R. Itamotinga - Oswaldo Cruz, Rio de Janeiro - RJ, 21341-150, Brasil",Sudeste,Rio de Janeiro,Rio de Janeiro,OSVALDO CRUZ,,,-22.8772473000,-43.3544986000,"27/05/2018, 12:00:00",false,false,,Não identificado,,,false,0,0,0,0,0,0,0,0,0,0,0,0,0,0
15130,"Pilares, Rio de Janeiro - RJ, Brasil",Sudeste,Rio de Janeiro,Rio de Janeiro,PILARES,,,-22.8814021000,-43.2934758000,"27/05/2018, 12:00:00",false,true,,Tentativa/Roubo,,,false,0,0,1,0,0,0,0,0,0,0,0,0,0,0
14902,"Estr. Cmte. Luís Souto - Praça Seca, Rio de Janeiro - RJ, Brasil",Sudeste,Rio de Janeiro,Rio de Janeiro,PRACA SECA,,MATO ALTO,-22.9084488000,-43.3648504000,"27/05/2018, 14:43:00",false,false,,Não identificado,,,false,0,0,0,0,0,0,0,0,0,0,0,0,0,0
14906,"R. da Jangada - Vila Cosmos, Rio de Janeiro - RJ, Brasil",Sudeste,Rio de Janeiro,Rio de Janeiro,VILA KOSMOS,,MORRO DO CARMO  (MORRO DO TREM),-22.8542068000,-43.3020694000,"27/05/2018, 17:51:00",false,false,,Não identificado,,,false,0,0,0,0,0,0,0,0,0,0,0,0,0,0
14908,"R. Joaquim Norberto, 77 - Cavalcanti, Rio de Janeiro - RJ, 21370-350, Brasil",Sudeste,Rio de Janeiro,Rio de Janeiro,CAVALCANTI,,,-22.8691065000,-43.3140696000,"27/05/2018, 18:35:00",false,false,,Não identificado,,,false,0,0,0,0,0,0,0,0,0,0,0,0,0,0
14912,"Av. João XXIII - Santa Cruz, Rio de Janeiro - RJ, Brasil",Sudeste,Rio de Janeiro,Rio de Janeiro,SANTA CRUZ,,,-22.9029872000,-43.7180536000,"27/05/2018, 21:00:00",false,false,,Não identificado,,,false,0,0,0,0,0,0,0,0,0,0,0,0,0,0
14915,"Praça Seca, Rio de Janeiro - RJ, 21320-060, Brasil",Sudeste,Rio de Janeiro,Rio de Janeiro,PRACA SECA,,,-22.9008595000,-43.3546326000,"27/05/2018, 23:30:00",false,false,,Não identificado,,,false,0,0,0,0,0,0,0,0,0,0,0,0,0,0
14922,"Rua Barão - Praça Seca, Rio de Janeiro - RJ, Brasil",Sudeste,Rio de Janeiro,Rio de Janeiro,PRACA SECA,,MORRO SAO JOSE OPERARIO (OU MORRO DA BARAO),-22.8988185000,-43.3521535000,"27/05/2018, 23:58:00",false,false,,Não identificado,,,false,0,0,0,0,0,0,0,0,0,0,0,0,0,0
14923,"Morro da Providencia - Gambôa, Rio de Janeiro - RJ, 20221-310, Brasil",Sudeste,Rio de Janeiro,Rio de Janeiro,GAMBOA,,MORRO DA PROVIDENCIA,-22.9002778000,-43.1952778000,"28/05/2018, 07:00:00",true,true,N�o identificado,Ação policial,,,false,0,1,0,0,0,0,0,0,0,0,0,0,0,0
14917,"R. Monsenhor Ladeira, 249 - Pavuna, Rio de Janeiro - RJ, 21650-330, Brasil",Sudeste,Rio de Janeiro,Rio de Janeiro,PAVUNA,,,-22.8168900000,-43.3725140000,"28/05/2018, 07:20:00",false,false,,Não identificado,,,false,0,0,0,0,0,0,0,0,0,0,0,0,0,0
14920,"Av. Marrocos - Bangu, Rio de Janeiro - RJ, Brasil",Sudeste,Rio de Janeiro,Rio de Janeiro,VILA KENNEDY,,VILA KENNEDY,-22.8593647000,-43.4918045000,"28/05/2018, 09:22:00",true,true,N�o identificado,Ação policial,,,false,0,0,0,0,0,0,0,0,0,0,0,0,0,0
14924,"Vila Kennedy - Bangu, Rio de Janeiro - RJ, 21850-007, Brasil",Sudeste,Rio de Janeiro,Rio de Janeiro,VILA KENNEDY,,VILA KENNEDY,-22.8604006000,-43.4884116000,"28/05/2018, 11:19:00",true,true,N�o identificado,Ação policial,,,false,0,0,0,0,0,0,0,0,0,0,0,0,0,0
14925,"Rocinha, Rio de Janeiro - RJ, Brasil",Sudeste,Rio de Janeiro,Rio de Janeiro,ROCINHA,,ROCINHA,-22.9879841000,-43.2479825000,"28/05/2018, 13:07:00",false,false,,Não identificado,,,false,0,0,0,0,0,0,0,0,0,0,0,0,0,0
14928,"Vila Kennedy - R. Lome - Bangu, Rio de Janeiro - RJ, Brasil",Sudeste,Rio de Janeiro,Rio de Janeiro,VILA KENNEDY,,VILA KENNEDY,-22.8531531000,-43.4941936000,"28/05/2018, 14:14:00",false,false,,Não identificado,,,false,0,0,0,0,0,0,0,0,0,0,0,0,0,0
14929,"R. Congo - Bangu, Rio de Janeiro - RJ, Brasil",Sudeste,Rio de Janeiro,Rio de Janeiro,VILA KENNEDY,,VILA KENNEDY,-22.8621466000,-43.4907856000,"28/05/2018, 15:04:00",false,false,,Não identificado,,,false,0,0,0,0,0,0,0,0,0,0,0,0,0,0
14955,"Tv. Rio do Pau - Pavuna, Rio de Janeiro - RJ, 21655-620, Brasil",Sudeste,Rio de Janeiro,Rio de Janeiro,PAVUNA,,CONDOMINIO ARAGUATINS,-22.8131943000,-43.3796282000,"28/05/2018, 17:45:00",false,false,,Não identificado,,,false,0,0,0,0,0,0,0,0,0,0,0,0,0,0
14932,"Complexo do Chapadão - Anchieta, Rio de Janeiro, RJ, 21655-590, Brasil",Sudeste,Rio de Janeiro,Rio de Janeiro,ANCHIETA,,COMPLEXO DO CHAPADAO,-22.8244350000,-43.3867830000,"28/05/2018, 18:31:00",false,false,,Não identificado,,,false,0,0,0,0,0,0,0,0,0,0,0,0,0,0
14935,"R. Alzira Brandão, 2-60 - Tijuca, Rio de Janeiro - RJ, 20520-070, Brasil",Sudeste,Rio de Janeiro,Rio de Janeiro,TIJUCA,,,-22.9242462000,-43.2242468000,"28/05/2018, 20:15:00",false,false,,Não identificado,,,false,0,0,0,0,0,0,0,0,0,0,0,0,0,0
14936,"Morro Santo Amaro - Catete, Rio de Janeiro - RJ, Brasil",Sudeste,Rio de Janeiro,Rio de Janeiro,CATETE,,SANTO AMARO,-22.9236111000,-43.1805556000,"28/05/2018, 20:31:00",false,false,,Não identificado,,,false,0,0,0,0,0,0,0,0,0,0,0,0,0,0
14937,"Regiao da Tv. Souza Andrade  - Cascadura, Rio de Janeiro - RJ, 21311-070, Brasil",Sudeste,Rio de Janeiro,Rio de Janeiro,CASCADURA,,MORRO DO JUCA,-22.8864642000,-43.3282799000,"28/05/2018, 20:52:00",false,false,,Não identificado,,,false,0,0,0,0,0,0,0,0,0,0,0,0,0,0
14941,"Senador Camará, Rio de Janeiro - RJ, Brasil",Sudeste,Rio de Janeiro,Rio de Janeiro,SENADOR CAMARA,,,-22.8968333000,-43.4877927000,"28/05/2018, 21:30:00",false,false,,Não identificado,,,false,0,0,0,0,0,0,0,0,0,0,0,0,0,0
14950,"Chapadão - Pavuna, Rio de Janeiro - RJ, Brasil",Sudeste,Rio de Janeiro,Rio de Janeiro,PAVUNA,,COMPLEXO DO CHAPADAO,-22.8112324000,-43.3625273000,"29/05/2018, 04:56:00",false,false,,Não identificado,,,false,0,0,0,0,0,0,0,0,0,0,0,0,0,0
14952,"Chapadão - Pavuna, Rio de Janeiro - RJ, Brasil",Sudeste,Rio de Janeiro,Rio de Janeiro,PAVUNA,,COMPLEXO DO CHAPADAO,-22.8112324000,-43.3625273000,"29/05/2018, 07:20:00",false,false,,Não identificado,,,false,0,0,0,0,0,0,0,0,0,0,0,0,0,0
14953,"Jacaré, Rio de Janeiro - RJ, Brasil",Sudeste,Rio de Janeiro,Rio de Janeiro,JACARE,,,-22.8923272000,-43.2581953000,"29/05/2018, 07:32:00",false,false,,Não identificado,,,false,0,0,0,0,0,0,0,0,0,0,0,0,0,0
14957,"Favela Kelson's - Maré, Rio de Janeiro - RJ, Brasil",Sudeste,Rio de Janeiro,Rio de Janeiro,PENHA CIRCULAR,,FAVELA DA KELSONS,-22.8192761000,-43.2720836000,"29/05/2018, 11:07:00",false,false,,Não identificado,,,false,0,0,0,0,0,0,0,0,0,0,0,0,0,0
14960,"R. José Veríssimo - Meier, Rio de Janeiro - RJ, Brasil",Sudeste,Rio de Janeiro,Rio de Janeiro,MEIER,,,-22.9051413000,-43.2849209000,"29/05/2018, 14:50:00",false,false,,Não identificado,,,false,0,0,0,0,0,0,0,0,0,0,0,0,0,0
14961,"Praça do Samba - Complexo do Alemão, Rio de Janeiro - RJ, Brasil",Sudeste,Rio de Janeiro,Rio de Janeiro,COMPLEXO DO ALEMAO,,GROTA (COMPLEXO DO ALEMAO),-22.8612593000,-43.2758573000,"29/05/2018, 15:34:00",false,false,,Não identificado,,,false,0,0,0,0,0,0,0,0,0,0,0,0,0,0
14963,"R. da Gazela - Realengo, Rio de Janeiro - RJ, 21755-030, Brasil",Sudeste,Rio de Janeiro,Rio de Janeiro,REALENGO,,COHAB DE REALENGO,-22.8849844000,-43.4272236000,"29/05/2018, 18:17:00",false,false,,Não identificado,,,false,0,0,0,0,0,0,0,0,0,0,0,0,0,0
14967,"R. São Francisco Xavier - Tijuca, Rio de Janeiro - RJ, 20261-120, Brasil",Sudeste,Rio de Janeiro,Rio de Janeiro,TIJUCA,,,-22.9219090000,-43.2215506000,"29/05/2018, 19:30:00",false,false,,Não identificado,,,false,0,0,0,0,0,0,0,0,0,0,0,0,0,0
14968,"R. Paraná, Rio de Janeiro - RJ, Brasil",Sudeste,Rio de Janeiro,Rio de Janeiro,PIEDADE,,LOTEAMENTO BAIRRO DA LUZ,-22.9013358000,-43.3095861000,"29/05/2018, 19:53:00",false,false,,Não identificado,,,false,0,0,0,0,0,0,0,0,0,0,0,0,0,0
14969,"Deodoro, Rio de Janeiro - RJ, Brasil",Sudeste,Rio de Janeiro,Rio de Janeiro,DEODORO,,,-22.8564826000,-43.3849845000,"29/05/2018, 19:56:00",false,false,,Não identificado,,,false,0,0,0,0,0,0,0,0,0,0,0,0,0,0
14974,"Cidade Alta - R. Ponto Chique - Cordovil, Rio de Janeiro - RJ, Brasil",Sudeste,Rio de Janeiro,Rio de Janeiro,CORDOVIL,,CIDADE ALTA (COMPLEXO DE ISRAEL),-22.8192660000,-43.2924951000,"29/05/2018, 20:10:00",false,false,,Não identificado,,,false,0,0,0,0,0,0,0,0,0,0,0,0,0,0
14973,"Rua Javatá - Anchieta, Rio de Janeiro - RJ, Brasil",Sudeste,Rio de Janeiro,Rio de Janeiro,ANCHIETA,,JAVATA (COMPLEXO DO CHAPADAO),-22.8208874000,-43.3892476000,"29/05/2018, 20:24:00",false,false,,Não identificado,,,false,0,0,0,0,0,0,0,0,0,0,0,0,0,0
16231,"Morro do Jordao - Taquara, Rio de Janeiro - RJ, 22725-000, Brasil",Sudeste,Rio de Janeiro,Rio de Janeiro,TAQUARA,,MORRO DO JORDAO,-22.9086111000,-43.3750000000,"29/05/2018, 20:54:00",false,false,,Não identificado,,,false,0,0,0,0,0,0,0,0,0,0,0,0,0,0
14975,"R. Meengaba, 95 - Cordovil, Rio de Janeiro - RJ, 21012-120, Brasil",Sudeste,Rio de Janeiro,Rio de Janeiro,CORDOVIL,,FAVELA DO PICA PAU (COMPLEXO DE ISRAEL),-22.8218299000,-43.2904340000,"29/05/2018, 21:27:00",true,true,N�o identificado,Ação policial,,,false,0,0,0,0,0,0,0,0,0,0,0,0,0,0
14993,"R. Dois de Julho, 18 - Guaratiba, Rio de Janeiro - RJ, 23032-200, Brasil",Sudeste,Rio de Janeiro,Rio de Janeiro,GUARATIBA,,JARDIM GUARATIBA,-22.9754456000,-43.6505364000,"29/05/2018, 23:06:00",false,false,,Não identificado,,,false,0,0,0,0,0,0,0,0,0,0,0,0,0,0
14976,"Boulevard 28 de Setembro, 240 - Vila Isabel, Rio de Janeiro - RJ, 20551-031, Brasil",Sudeste,Rio de Janeiro,Rio de Janeiro,VILA ISABEL,,,-22.9152097000,-43.2442445000,"30/05/2018, 01:00:00",true,true,PM,Tentativa/Roubo a banco,,,false,0,0,0,0,0,0,0,0,0,0,0,0,0,0
14982,"Caju, Rio de Janeiro - RJ, Brasil",Sudeste,Rio de Janeiro,Rio de Janeiro,CAJU,,COMPLEXO DO CAJU,-22.8792069000,-43.2155524000,"30/05/2018, 04:00:00",false,false,,Não identificado,,,false,0,0,0,0,0,0,0,0,0,0,0,0,0,0
14991,"Morro Chapéu Mangueira - R. Dr. Silva - Leme, Rio de Janeiro - RJ, Brasil",Sudeste,Rio de Janeiro,Rio de Janeiro,LEME,,CHAPEU-MANGUEIRA,-22.9603218000,-43.1670798000,"30/05/2018, 05:00:00",true,true,N�o identificado,Operação policial,,,false,0,0,0,0,0,0,0,0,0,0,0,0,0,0
14989,"Vidigal, Rio de Janeiro - RJ, Brasil",Sudeste,Rio de Janeiro,Rio de Janeiro,VIDIGAL,,VIDIGAL,-22.9939022000,-43.2358343000,"30/05/2018, 06:30:00",false,false,,Não identificado,,,false,0,0,0,0,0,0,0,0,0,0,0,0,0,0
14986,"Caju, Rio de Janeiro - RJ, Brasil",Sudeste,Rio de Janeiro,Rio de Janeiro,CAJU,,COMPLEXO DO CAJU,-22.8792069000,-43.2155524000,"30/05/2018, 07:00:00",true,true,"BOPE, UPP (Caju) e CPP",Operação policial,,,true,4,0,0,0,0,0,0,0,0,0,0,0,0,0
14992,"R. Paratinga - Vista Alegre, Rio de Janeiro - RJ, Brasil",Sudeste,Rio de Janeiro,Rio de Janeiro,VISTA ALEGRE,,,-22.8306900000,-43.3135560000,"30/05/2018, 07:54:00",false,false,,Não identificado,,,false,0,0,0,0,0,0,0,0,0,0,0,0,0,0
14998,"R. da Grota - Complexo do Alemão, Rio de Janeiro - RJ, Brasil",Sudeste,Rio de Janeiro,Rio de Janeiro,COMPLEXO DO ALEMAO,,GROTA (COMPLEXO DO ALEMAO),-22.8608162000,-43.2741950000,"30/05/2018, 10:30:00",false,false,,Não identificado,,,false,0,0,0,0,0,0,0,0,0,0,0,0,0,0
14995,"Vila Ferrea, 2 - Pavuna, Rio de Janeiro - RJ, 21520-251, Brasil",Sudeste,Rio de Janeiro,Rio de Janeiro,PAVUNA,,VILA FERREA,-22.8133400000,-43.3704910000,"30/05/2018, 11:31:00",false,false,,Não identificado,,,false,0,0,0,0,0,0,0,0,0,0,0,0,0,0
14997,"R. Paim Pamplona, 465 - Sampaio, Rio de Janeiro - RJ, Brasil",Sudeste,Rio de Janeiro,Rio de Janeiro,ENGENHO NOVO,,FAVELA DO RATO MOLHADO (OU DOIS DE MAIO),-22.8974206000,-43.2608807000,"30/05/2018, 11:51:00",true,true,N�o identificado,Ação policial,,,false,0,0,0,0,0,0,0,0,0,0,0,0,0,0
14999,"Jacarezinho, Rio de Janeiro - RJ, Brasil",Sudeste,Rio de Janeiro,Rio de Janeiro,JACAREZINHO,,JACAREZINHO,-22.8875573000,-43.2581953000,"30/05/2018, 12:30:00",false,false,,Não identificado,,,false,0,0,0,0,0,0,0,0,0,0,0,0,0,0
15000,"Leão - Vila Kennedy - Bangu, Rio de Janeiro - RJ, 21850-007, Brasil",Sudeste,Rio de Janeiro,Rio de Janeiro,VILA KENNEDY,,VILA KENNEDY,-22.8604006000,-43.4884116000,"30/05/2018, 13:43:00",false,false,,Não identificado,,,false,0,0,0,0,0,0,0,0,0,0,0,0,0,0
15002,"congo - Vila Kennedy - Bangu, Rio de Janeiro - RJ, 21850-007, Brasil",Sudeste,Rio de Janeiro,Rio de Janeiro,VILA KENNEDY,,VILA KENNEDY,-22.8604006000,-43.4884116000,"30/05/2018, 15:45:00",false,false,,Não identificado,,,false,0,0,0,0,0,0,0,0,0,0,0,0,0,0
15011,"Avenida automovel clube, acari, Rio de Janeiro - RJ, 20765-630, Brasil",Sudeste,Rio de Janeiro,Rio de Janeiro,COELHO NETO,,,-22.8238260000,-43.3506536000,"30/05/2018, 17:25:00",true,true,N�o identificado,Ação policial,,,false,0,1,0,0,0,0,0,0,0,0,0,0,0,0
15010,"R. Leonel Brizola - Gardênia Azul, Rio de Janeiro - RJ, Brasil",Sudeste,Rio de Janeiro,Rio de Janeiro,GARDENIA AZUL,,FAVELA VILA NOVA ESPERANCA (OU FAVELAO),-22.9580547000,-43.3547908000,"30/05/2018, 17:55:00",false,false,,Não identificado,,,false,1,0,0,0,0,0,0,0,0,0,0,0,0,0
15009,"R. Cândido Benício, 3188-3248 - Praça Seca, Rio de Janeiro - RJ, Brasil",Sudeste,Rio de Janeiro,Rio de Janeiro,PRACA SECA,,,-22.9065899000,-43.3578694000,"30/05/2018, 18:04:00",false,false,,Não identificado,,,false,0,0,0,0,0,0,0,0,0,0,0,0,0,0
15016,"Estr. do Cafundá, 1680 - Tanque, Rio de Janeiro - RJ, 22730-540, Brasil",Sudeste,Rio de Janeiro,Rio de Janeiro,TANQUE,,,-22.9138484000,-43.3757161000,"30/05/2018, 19:05:00",false,false,,Não identificado,,,false,0,0,0,0,0,0,0,0,0,0,0,0,0,0
15020,"Av. Chrisóstomo Pimentel de Oliveira, Rio de Janeiro - RJ, Brasil",Sudeste,Rio de Janeiro,Rio de Janeiro,ANCHIETA,,MORRO DO HIMALAIA (COMPLEXO DO CHAPADAO),-22.8171290000,-43.3893677000,"30/05/2018, 20:30:00",false,false,,Não identificado,,,false,0,0,0,0,0,0,0,0,0,0,0,0,0,0
15021,"Av. Manuel Caldeira de Alvarenga, 543 - Campo Grande, Rio de Janeiro - RJ, 23070-200, Brasil",Sudeste,Rio de Janeiro,Rio de Janeiro,CAMPO GRANDE,,,-22.9024475000,-43.5715258000,"30/05/2018, 20:41:00",false,false,,Não identificado,,,false,0,0,0,0,0,0,0,0,0,0,0,0,0,0
15027,"Estr. do Tindiba - Taquara, Rio de Janeiro - RJ, Brasil",Sudeste,Rio de Janeiro,Rio de Janeiro,TAQUARA,,,-22.9257601000,-43.3689749000,"31/05/2018, 00:30:00",true,true,N�o identificado,Tentativa/Roubo a banco,,,false,0,0,0,0,0,0,0,0,0,0,0,0,0,0
15024,"Morro Santo Amaro - Catete, Rio de Janeiro - RJ, Brasil",Sudeste,Rio de Janeiro,Rio de Janeiro,CATETE,,SANTO AMARO,-22.9236111000,-43.1805556000,"31/05/2018, 03:25:00",false,false,,Não identificado,,,false,0,0,0,0,0,0,0,0,0,0,0,0,0,0
15025,"Pavuna, Rio de Janeiro - RJ, Brasil",Sudeste,Rio de Janeiro,Rio de Janeiro,PAVUNA,,,-22.8112324000,-43.3625273000,"31/05/2018, 03:51:00",false,false,,Não identificado,,,false,0,0,0,0,0,0,0,0,0,0,0,0,0,0
15026,"R. Vila Nova Ac Comendador Guerra, 253 - Pavuna, Rio de Janeiro - RJ, 21520-211, Brasil",Sudeste,Rio de Janeiro,Rio de Janeiro,PAVUNA,,FAVELA VILA PRIVILEGIO,-22.8125350000,-43.3712290000,"31/05/2018, 04:37:00",false,false,,Não identificado,,,false,0,0,0,0,0,0,0,0,0,0,0,0,0,0
15035,"Vila aliança - Bangu, Rio de Janeiro - RJ, 21842-740, Brasil",Sudeste,Rio de Janeiro,Rio de Janeiro,BANGU,,VILA ALIANCA,-22.8648423000,-43.4771013000,"31/05/2018, 05:40:00",false,false,,Não identificado,,,false,0,0,0,0,0,0,0,0,0,0,0,0,0,0
15036,"Favela da Quitanda, Costa Barros, Rio de Janeiro - RJ, 21532-180, Brasil",Sudeste,Rio de Janeiro,Rio de Janeiro,COSTA BARROS,,MORRO DA QUITANDA (COMPLEXO DA PEDREIRA),-22.8189300000,-43.3663040000,"31/05/2018, 09:00:00",true,true,PM,Ação policial,,,false,0,1,0,0,0,0,0,0,0,0,0,0,0,0
15037,"R. Tacaratu, 240 - Honório Gurgel, Rio de Janeiro - RJ, 21555-010, Brasil",Sudeste,Rio de Janeiro,Rio de Janeiro,HONORIO GURGEL,,,-22.8522064000,-43.3564991000,"31/05/2018, 10:28:00",true,true,N�o identificado,Ação policial,,,false,1,0,0,0,0,0,0,0,0,0,0,0,0,0
15041,"Caju, Rio de Janeiro - RJ, Brasil",Sudeste,Rio de Janeiro,Rio de Janeiro,CAJU,,FAVELA SAO SEBASTIAO (COMPLEXO DO CAJU),-22.8792069000,-43.2155524000,"31/05/2018, 15:04:00",false,false,,Não identificado,,,false,0,0,0,0,0,0,0,0,0,0,0,0,0,0
15046,"Morro da Pedreira - R. Bem-Feliz, 59 - Costa Barros, Rio de Janeiro - RJ, 21515-460, Brasil",Sudeste,Rio de Janeiro,Rio de Janeiro,COSTA BARROS,,MORRO DA PEDREIRA (COMPLEXO DA PEDREIRA),-22.8231076000,-43.3580185000,"31/05/2018, 16:27:00",false,false,,Não identificado,,,false,0,0,0,0,0,0,0,0,0,0,0,0,0,0
15047,"Condomínio Bairro Jardim Miriam - R. Conselheiro Ferraz, 65 - Lins de Vasconcelos, Rio de Janeiro - RJ, 20710-350, Brasil",Sudeste,Rio de Janeiro,Rio de Janeiro,LINS DE VASCONCELOS,,CONDOMINIO BAIRRO JARDIM MIRIAM,-22.9095289000,-43.2781560000,"31/05/2018, 16:47:00",false,false,,Não identificado,,,false,0,0,0,0,0,0,0,0,0,0,0,0,0,0
15054,"Ladeira Santa Maria - Taquara, Rio de Janeiro - RJ, 22723-175, Brasil",Sudeste,Rio de Janeiro,Rio de Janeiro,TAQUARA,,COMUNIDADE SANTA MARIA,-22.9152992000,-43.4209194000,"31/05/2018, 19:50:00",false,false,,Não identificado,,,false,0,0,0,0,0,0,0,0,0,0,0,0,0,0
15058,Morro do campinho próximo à rua Bauru,Sudeste,Rio de Janeiro,Rio de Janeiro,CAMPINHO,,MORRO DO CAMPINHO (COMPLEXO DO FUBA),-22.8902451000,-43.3478035000,"31/05/2018, 21:25:00",false,false,,Não identificado,,,false,0,0,0,0,0,0,0,0,0,0,0,0,0,0
15067,"Complexo Fallet-Fogueteiro, Rio de Janeiro - RJ, Brasil",Sudeste,Rio de Janeiro,Rio de Janeiro,CATUMBI,,FALLET/FOGUETEIRO,-22.9270371000,-43.1969607000,"31/05/2018, 22:00:00",false,false,,Disputa,,,false,0,0,0,0,0,0,0,0,0,0,0,0,0,0
15068,"Complexo Fallet-Fogueteiro, Rio de Janeiro - RJ, Brasil",Sudeste,Rio de Janeiro,Rio de Janeiro,CATUMBI,,FALLET/FOGUETEIRO,-22.9270371000,-43.1969607000,"31/05/2018, 23:40:00",false,false,,Disputa,,,false,0,0,0,0,0,0,0,0,0,0,0,0,0,0
15061,"R. Cachambi, 254 - Cachambi, Rio de Janeiro - RJ, 20775-182, Brasil",Sudeste,Rio de Janeiro,Rio de Janeiro,CACHAMBI,,,-22.8900986000,-43.2737241000,"01/06/2018, 02:50:00",false,false,,Tentativa/Roubo,,,false,0,2,0,0,0,0,0,0,0,0,0,0,0,0
15072,"Morro do Borel - Tijuca, Rio de Janeiro - RJ, 20530-001, Brasil",Sudeste,Rio de Janeiro,Rio de Janeiro,TIJUCA,,MORRO DO BOREL,-22.9395041000,-43.2515359000,"01/06/2018, 07:34:00",false,false,,Não identificado,,,false,0,0,0,0,0,0,0,0,0,0,0,0,0,0
15075,"Cidade Alta - R. Ponto Chique - Cordovil, Rio de Janeiro - RJ, Brasil",Sudeste,Rio de Janeiro,Rio de Janeiro,CORDOVIL,,CIDADE ALTA (COMPLEXO DE ISRAEL),-22.8192660000,-43.2924951000,"01/06/2018, 08:15:00",false,false,,Não identificado,,,false,0,0,0,0,0,0,0,0,0,0,0,0,0,0
15076,"Morro do Fogueteiro - R. Caturama - Rio Comprido, Rio de Janeiro - RJ, Brasil",Sudeste,Rio de Janeiro,Rio de Janeiro,RIO COMPRIDO,,FALLET/FOGUETEIRO,-22.9269053000,-43.2004096000,"01/06/2018, 08:49:00",false,false,,Não identificado,,,false,0,0,0,0,0,0,0,0,0,0,0,0,0,0
15080,"Condomínio Village Pavuna II - R. Iguaba Grande, 167 - Pavuna, Rio de Janeiro - RJ, 21655-340, Brasil",Sudeste,Rio de Janeiro,Rio de Janeiro,PAVUNA,,CONJUNTO RESIDENCIAL VILLAGE PAVUNA,-22.8182022000,-43.3726052000,"01/06/2018, 10:19:00",false,false,,Não identificado,,,false,0,0,0,0,0,0,0,0,0,0,0,0,0,0
15086,"Morro da Providencia - Gambôa, Rio de Janeiro - RJ, 20221-310, Brasil",Sudeste,Rio de Janeiro,Rio de Janeiro,GAMBOA,,MORRO DA PROVIDENCIA,-22.9002778000,-43.1952778000,"01/06/2018, 16:38:00",true,true,N�o identificado,Ação policial,,,false,0,1,0,0,0,0,0,0,0,0,0,0,0,0
15088,"R. Saint Roman - Copacabana, Rio de Janeiro - RJ, Brasil",Sudeste,Rio de Janeiro,Rio de Janeiro,COPACABANA,,MORRO DO PAVAO-PAVAOZINHO,-22.9810425000,-43.1940799000,"01/06/2018, 17:15:00",false,false,,Não identificado,,,false,0,0,0,0,0,0,0,0,0,0,0,0,0,0
15092,"Morro da Coroa - Santa Teresa, Rio de Janeiro - RJ, 20251-190, Brasil",Sudeste,Rio de Janeiro,Rio de Janeiro,SANTA TERESA,,MORRO DA COROA,-22.9225000000,-43.1925000000,"01/06/2018, 18:22:00",false,false,,Não identificado,,,false,0,0,0,0,0,0,0,0,0,0,0,0,0,0
15094,"Av. Nossa Sra. de Copacabana, Rio de Janeiro - RJ, Brasil",Sudeste,Rio de Janeiro,Rio de Janeiro,COPACABANA,,,-22.9711098000,-43.1868461000,"01/06/2018, 18:25:00",false,false,,Não identificado,,,false,0,0,0,0,0,0,0,0,0,0,0,0,0,0
15095,"Pavão pavãozinho - Copacabana, Rio de Janeiro - RJ, Brasil",Sudeste,Rio de Janeiro,Rio de Janeiro,COPACABANA,,MORRO DO PAVAO-PAVAOZINHO,-22.9697777000,-43.1868592000,"01/06/2018, 18:33:00",false,false,,Não identificado,,,false,0,0,0,0,0,0,0,0,0,0,0,0,0,0
15099,"Morro da Coroa - Santa Teresa, Rio de Janeiro - RJ, 20251-190, Brasil",Sudeste,Rio de Janeiro,Rio de Janeiro,SANTA TERESA,,MORRO DA COROA,-22.9225000000,-43.1925000000,"01/06/2018, 19:02:00",false,false,,Não identificado,,,false,0,0,0,0,0,0,0,0,0,0,0,0,0,0
15103,"Morro do São Carlos - Estácio, Rio de Janeiro - RJ, 20250-053, Brasil",Sudeste,Rio de Janeiro,Rio de Janeiro,ESTACIO,,MORRO DO SAO CARLOS (COMPLEXO DO SAO CARLOS),-22.9171627000,-43.2045812000,"01/06/2018, 19:26:00",false,false,,Não identificado,,,false,0,0,0,0,0,0,0,0,0,0,0,0,0,0
15110,"Caju, Rio de Janeiro - RJ, Brasil",Sudeste,Rio de Janeiro,Rio de Janeiro,CAJU,,COMPLEXO DO CAJU,-22.8792069000,-43.2155524000,"01/06/2018, 22:49:00",false,false,,Não identificado,,,false,0,0,0,0,0,0,0,0,0,0,0,0,0,0
15169,"Morro do São Carlos - Estácio, Rio de Janeiro - RJ, Brasil",Sudeste,Rio de Janeiro,Rio de Janeiro,ESTACIO,,MORRO DO SAO CARLOS (COMPLEXO DO SAO CARLOS),-22.9174205000,-43.2049783000,"01/06/2018, 23:30:00",true,true,N�o identificado,Ação policial,,,false,0,2,0,0,0,0,0,0,0,0,0,0,0,0
15171,"R. Projetada da Escola, 35 - Catumbi, Rio de Janeiro - RJ, 20211-320, Brasil",Sudeste,Rio de Janeiro,Rio de Janeiro,CATUMBI,,MORRO DA COROA,-22.9201044000,-43.1982288000,"01/06/2018, 23:30:00",true,true,N�o identificado,Ação policial,,,false,0,0,0,0,0,0,0,0,0,0,0,0,0,0
15118,"Vidigal, Rio de Janeiro - RJ, Brasil",Sudeste,Rio de Janeiro,Rio de Janeiro,VIDIGAL,,VIDIGAL,-22.9939022000,-43.2358343000,"02/06/2018, 04:00:00",false,false,,Não identificado,,,false,0,0,0,0,0,0,0,0,0,0,0,0,0,0
15120,"Rua Fernando Lobo, 690 - Guadalupe, Rio de Janeiro - RJ, 21665-070, Brasil",Sudeste,Rio de Janeiro,Rio de Janeiro,GUADALUPE,,LOTEAMENTO FERNANDO LOBO,-22.8328550000,-43.3833020000,"02/06/2018, 05:31:00",true,true,N�o identificado,Ação policial,,,false,0,0,0,0,0,0,0,0,0,0,0,0,0,0
15121,"Complexo do Chapadão, Pavuna, Rio de Janeiro - RJ, Brasil",Sudeste,Rio de Janeiro,Rio de Janeiro,PAVUNA,,COMPLEXO DO CHAPADAO,-22.8112324000,-43.3625273000,"02/06/2018, 05:56:00",false,false,,Não identificado,,,false,0,0,0,0,0,0,0,0,0,0,0,0,0,0
15123,"Praça Dolomitas, Vila Kennedy, Rio de Janeiro - RJ, 21853-430, Brasil",Sudeste,Rio de Janeiro,Rio de Janeiro,VILA KENNEDY,,VILA KENNEDY,-22.8550787000,-43.4927562000,"02/06/2018, 06:12:00",false,false,,Ataque a civis,,Ataques armados sobre rodas,false,2,3,0,0,0,0,0,0,0,0,0,0,0,0
15124,"R. Javata, 370A - Parque Anchieta, Rio de Janeiro - RJ, Brasil",Sudeste,Rio de Janeiro,Rio de Janeiro,ANCHIETA,,JAVATA (COMPLEXO DO CHAPADAO),-22.8213893000,-43.3900475000,"02/06/2018, 06:47:00",true,true,N�o identificado,Ação policial,,,false,0,0,0,0,0,0,0,0,0,0,0,0,0,0
15138,"Morro do Sao Jose - Praça Seca, Rio de Janeiro - RJ, Brasil",Sudeste,Rio de Janeiro,Rio de Janeiro,PRACA SECA,,MORRO SAO JOSE OPERARIO (OU MORRO DA BARAO),-22.9069444000,-43.3408333000,"02/06/2018, 14:03:00",false,false,,Não identificado,,,false,0,0,0,0,0,0,0,0,0,0,0,0,0,0
15141,"Est Intd Magalhães- Vila Valqueire - Vila Valqueire, Rio de Janeiro - RJ, 21330-790, Brasil",Sudeste,Rio de Janeiro,Rio de Janeiro,VILA VALQUEIRE,,,-22.8772480000,-43.3687678000,"02/06/2018, 16:10:00",false,false,,Não identificado,,,false,0,0,0,0,0,0,0,0,0,0,0,0,0,0
15143,"R. B, 291 - Santa Cruz, Rio de Janeiro - RJ, Brasil",Sudeste,Rio de Janeiro,Rio de Janeiro,SANTA CRUZ,,FAVELA DO ROLA 1 (COMPLEXO DO RODO),-22.9320317000,-43.6705781000,"02/06/2018, 17:03:00",false,false,,Não identificado,,,false,0,0,0,0,0,0,0,0,0,0,0,0,0,0
15144,"R. Araújo Lima, 62-70 - Vila Isabel, Rio de Janeiro - RJ, 20541-050, Brasil",Sudeste,Rio de Janeiro,Rio de Janeiro,VILA ISABEL,,,-22.9227953000,-43.2409967000,"02/06/2018, 17:29:00",true,true,N�o identificado,Ação policial,,,false,0,0,0,0,0,0,0,0,0,0,0,0,0,0
15145,"R. Pontes Correia, Rio de Janeiro - RJ, Brasil",Sudeste,Rio de Janeiro,Rio de Janeiro,ANDARAI,,,-22.9223310000,-43.2459624000,"02/06/2018, 17:42:00",false,false,,Não identificado,,,false,0,0,0,0,0,0,0,0,0,0,0,0,0,0
15146,"Tv. Saião Lobato - Mangueira, Rio de Janeiro - RJ, 20943-135, Brasil",Sudeste,Rio de Janeiro,Rio de Janeiro,MANGUEIRA,,MANGUEIRA,-22.9041739000,-43.2387983000,"02/06/2018, 18:17:00",false,false,,Não identificado,,,false,0,0,0,0,0,0,0,0,0,0,0,0,0,0
15168,"R. Paulo Silva Araújo, Rio de Janeiro - RJ, Brasil",Sudeste,Rio de Janeiro,Rio de Janeiro,TODOS OS SANTOS,,,-22.8989820000,-43.2874337000,"02/06/2018, 19:00:00",false,false,,Tentativa/Roubo,,,false,1,0,0,0,0,0,0,0,0,0,0,0,0,0
15151,"Condomínio do Edifício Macedo II - R. Ouro Branco, 201 - Vila Valqueire, Rio de Janeiro - RJ, 21321-560, Brasil",Sudeste,Rio de Janeiro,Rio de Janeiro,VILA VALQUEIRE,,CONDOMINIO EDIFICIO MACEDO II,-22.8832743000,-43.3694034000,"02/06/2018, 20:32:00",false,false,,Não identificado,,,false,0,0,0,0,0,0,0,0,0,0,0,0,0,0
15152,"Pavão-Pavãozinho - Copacabana, Rio de Janeiro - RJ, 22071-060, Brasil",Sudeste,Rio de Janeiro,Rio de Janeiro,COPACABANA,,MORRO DO PAVAO-PAVAOZINHO,-22.9806365000,-43.1950302000,"02/06/2018, 20:58:00",false,false,,Não identificado,,,false,0,0,0,0,0,0,0,0,0,0,0,0,0,0
15162,"R. Nossa Fé - Botafogo, Rio de Janeiro - RJ, 22260-140, Brasil",Sudeste,Rio de Janeiro,Rio de Janeiro,BOTAFOGO,,SANTA MARTA,-22.9477037000,-43.1941470000,"02/06/2018, 22:30:00",false,false,,Não identificado,,,false,0,0,0,0,0,0,0,0,0,0,0,0,0,0
15163,"R. Barão do Bom Retiro - Engenho Novo, Rio de Janeiro - RJ, Brasil",Sudeste,Rio de Janeiro,Rio de Janeiro,ENGENHO NOVO,,,-22.9111724000,-43.2686344000,"02/06/2018, 23:20:00",false,false,,Não identificado,,,false,0,0,0,0,0,0,0,0,0,0,0,0,0,0
15172,"Pavão Pavãozinho - Copacabana, Rio de Janeiro - RJ, 22061-080, Brasil",Sudeste,Rio de Janeiro,Rio de Janeiro,COPACABANA,,MORRO DO PAVAO-PAVAOZINHO,-22.9723890000,-43.1927130000,"02/06/2018, 23:30:00",true,true,N�o identificado,Operação policial,,,false,0,0,0,0,0,0,0,0,0,0,0,0,0,0
15187,"R. Luís Geraldo Dias Ferreira - Pavuna, Rio de Janeiro - RJ, 21520-810, Brasil",Sudeste,Rio de Janeiro,Rio de Janeiro,PAVUNA,,CONJUNTO TOM JOBIM (COMPLEXO DA PEDREIRA),-22.8169921000,-43.3631299000,"03/06/2018, 01:20:00",false,false,,Não identificado,,,false,0,0,0,0,0,0,0,0,0,0,0,0,0,0
15165,"Morro do Juramento - Vicente de Carvalho, Rio de Janeiro - RJ, Brasil",Sudeste,Rio de Janeiro,Rio de Janeiro,VICENTE DE CARVALHO,,MORRO DO JURAMENTO (COMPLEXO DO JURAMENTO),-22.8627778000,-43.3152778000,"03/06/2018, 04:26:00",false,false,,Não identificado,,,false,0,0,0,0,0,0,0,0,0,0,0,0,0,0
15166,"R. Itapiru, 892 - Rio Comprido, Rio de Janeiro - RJ, 20251-030, Brasil",Sudeste,Rio de Janeiro,Rio de Janeiro,RIO COMPRIDO,,,-22.9246489000,-43.1989065000,"03/06/2018, 05:42:00",false,false,,Não identificado,,,false,0,0,0,0,0,0,0,0,0,0,0,0,0,0
15167,"Morro da Coroa - Santa Teresa, Rio de Janeiro - RJ, 20251-190, Brasil",Sudeste,Rio de Janeiro,Rio de Janeiro,SANTA TERESA,,MORRO DA COROA,-22.9225000000,-43.1925000000,"03/06/2018, 05:50:00",false,false,,Disputa,,,false,0,0,0,0,0,0,0,0,0,0,0,0,0,0
15181,"R. Humberto Teixeira - Padre Miguel, Rio de Janeiro - RJ, Brasil",Sudeste,Rio de Janeiro,Rio de Janeiro,PADRE MIGUEL,,FAVELA HUMBERTO TEIXEIRA,-22.8945552000,-43.4540071000,"03/06/2018, 17:18:00",false,false,,Não identificado,,,false,0,0,0,0,0,0,0,0,0,0,0,0,0,0
15185,"Rua Torres de Oliveira, Rio de Janeiro - RJ, Brasil",Sudeste,Rio de Janeiro,Rio de Janeiro,PIEDADE,,LOTEAMENTO BAIRRO DA LUZ,-22.9020305000,-43.3144764000,"04/06/2018, 03:29:00",false,false,,Não identificado,,,false,0,0,0,0,0,0,0,0,0,0,0,0,0,0
15190,"R. Monte das Oliveiras, 175-207 - Pavuna, Rio de Janeiro - RJ, Brasil",Sudeste,Rio de Janeiro,Rio de Janeiro,PAVUNA,,MORRO DA PEDREIRA (COMPLEXO DA PEDREIRA),-22.8205982000,-43.3552714000,"04/06/2018, 04:40:00",false,false,,Não identificado,,,false,0,0,0,0,0,0,0,0,0,0,0,0,0,0
15200,"R. Sá Ferreira, 147 - Copacabana, Rio de Janeiro - RJ, 22071-100, Brasil",Sudeste,Rio de Janeiro,Rio de Janeiro,COPACABANA,,MORRO DO PAVAO-PAVAOZINHO,-22.9816469000,-43.1933863000,"04/06/2018, 06:26:00",false,false,,Não identificado,,,false,0,0,0,0,0,0,0,0,0,0,0,0,0,0
15207,"Cavalcanti, Rio de Janeiro - RJ, Brasil",Sudeste,Rio de Janeiro,Rio de Janeiro,CAVALCANTI,,,-22.8725957000,-43.3136000000,"04/06/2018, 11:40:00",false,false,,Não identificado,,,false,0,0,0,0,0,0,0,0,0,0,0,0,0,0
15243,"R. Arapa, Morro do Adeus -Complexo do Alemão - Bonsucesso, Rio de Janeiro - RJ, 21060-540, Brasil",Sudeste,Rio de Janeiro,Rio de Janeiro,COMPLEXO DO ALEMAO,,MORRO DO ADEUS (COMPLEXO DO ALEMAO),-22.8630270000,-43.2650444000,"04/06/2018, 12:00:00",true,true,N�o identificado,Ação policial,,,false,0,0,0,0,0,0,0,0,0,0,0,0,0,0
15210,"R. Aquiri - Ramos, Rio de Janeiro - RJ, 21060-530, Brasil",Sudeste,Rio de Janeiro,Rio de Janeiro,COMPLEXO DO ALEMAO,,MORRO DO ADEUS (COMPLEXO DO ALEMAO),-22.8618591000,-43.2647648000,"04/06/2018, 12:31:00",false,false,,Não identificado,,,false,0,0,0,0,0,0,0,0,0,0,0,0,0,0
15212,"R. Pão de Açúcar, 1-223 - Rocha Miranda, Rio de Janeiro - RJ, 21540-530, Brasil",Sudeste,Rio de Janeiro,Rio de Janeiro,ROCHA MIRANDA,,,-22.8515915000,-43.3452284000,"04/06/2018, 15:52:00",false,false,,Não identificado,,,false,0,0,0,0,0,0,0,0,0,0,0,0,0,0
15214,"Morro do Faz Quem Quer - Rocha Miranda, Rio de Janeiro - RJ, 21540-510, Brasil",Sudeste,Rio de Janeiro,Rio de Janeiro,ROCHA MIRANDA,,MORRO DO FAZ QUEM QUER (COMPLEXO DO CAJUEIRO),-22.8545180000,-43.3395900000,"04/06/2018, 16:20:00",false,false,,Não identificado,,,false,0,0,0,0,0,0,0,0,0,0,0,0,0,0
15215,"R. Dois de Fevereiro, Rio de Janeiro - RJ, Brasil",Sudeste,Rio de Janeiro,Rio de Janeiro,ENCANTADO,,,-22.9027987000,-43.3028837000,"04/06/2018, 17:04:00",false,false,,Não identificado,,,false,0,0,0,0,0,0,0,0,0,0,0,0,0,0
15218,"Rua Torres de Oliveira, Rio de Janeiro - RJ, Brasil",Sudeste,Rio de Janeiro,Rio de Janeiro,PIEDADE,,LOTEAMENTO BAIRRO DA LUZ,-22.9020305000,-43.3144764000,"04/06/2018, 17:56:00",false,false,,Não identificado,,,false,0,0,0,0,0,0,0,0,0,0,0,0,0,0
15223,"Divisa - Maré, Rio de Janeiro - RJ, Brasil",Sudeste,Rio de Janeiro,Rio de Janeiro,MARE,,COMPLEXO DA MARE,-22.8585297000,-43.2423234000,"04/06/2018, 20:31:00",false,false,,Não identificado,,,false,0,0,0,0,0,0,0,0,0,0,0,0,0,0
15224,"Baixa do Sapateiro - Maré, Rio de Janeiro - RJ, Brasil",Sudeste,Rio de Janeiro,Rio de Janeiro,MARE,,BAIXA DO SAPATEIRO (COMPLEXO DA MARE),-22.8609746000,-43.2415475000,"04/06/2018, 21:02:00",false,false,,Não identificado,,,false,0,0,0,0,0,0,0,0,0,0,0,0,0,0
15225,"Realengo, Rio de Janeiro - RJ, 21730-000, Brasil",Sudeste,Rio de Janeiro,Rio de Janeiro,REALENGO,,,-22.8680715000,-43.4256455000,"04/06/2018, 21:08:00",false,false,,Não identificado,,,false,0,0,0,0,0,0,0,0,0,0,0,0,0,0
15226,"Babilônia, Rio de Janeiro - RJ, Brasil",Sudeste,Rio de Janeiro,Rio de Janeiro,LEME,,BABILONIA,-22.9606803000,-43.1706556000,"05/06/2018, 02:37:00",true,true,N�o identificado,Operação policial,,,false,0,0,0,0,0,0,0,0,0,0,0,0,0,0
15232,"Babilônia, Rio de Janeiro - RJ, Brasil",Sudeste,Rio de Janeiro,Rio de Janeiro,LEME,,BABILONIA,-22.9606803000,-43.1706556000,"05/06/2018, 03:39:00",false,false,,Não identificado,,,false,0,0,0,0,0,0,0,0,0,0,0,0,0,0
15299,"Parada de Lucas, Rio de Janeiro - RJ, Brasil",Sudeste,Rio de Janeiro,Rio de Janeiro,PARADA DE LUCAS,,,-22.8184513000,-43.3030143000,"05/06/2018, 05:00:00",true,true,PM,Operação policial,,,false,0,0,0,0,0,0,0,0,0,0,0,0,0,0
15247,"Favela da Cachoeirinha - R. Heráclito Graça - Lins de Vasconcelos, Rio de Janeiro - RJ, Brasil",Sudeste,Rio de Janeiro,Rio de Janeiro,LINS DE VASCONCELOS,,MORRO DA CACHOEIRINHA (COMPLEXO DO LINS),-22.9122853000,-43.2826062000,"05/06/2018, 08:18:00",true,true,N�o identificado,Ação policial,,,false,0,0,0,0,0,0,0,0,0,0,0,0,0,0
15250,"Favela da Cachoeirinha, Lins de Vasconcelos, Rio de Janeiro - RJ, Brasil",Sudeste,Rio de Janeiro,Rio de Janeiro,LINS DE VASCONCELOS,,MORRO DA CACHOEIRINHA (COMPLEXO DO LINS),-22.9128703000,-43.2845545000,"05/06/2018, 09:46:00",true,true,N�o identificado,Ação policial,,,false,0,0,0,0,0,0,0,0,0,0,0,0,0,0
15263,"Cidade Alta - Cordovil, Rio de Janeiro - RJ, Brasil",Sudeste,Rio de Janeiro,Rio de Janeiro,CORDOVIL,,CIDADE ALTA (COMPLEXO DE ISRAEL),-22.8192660000,-43.2924951000,"05/06/2018, 10:36:00",false,false,,Não identificado,,,false,0,0,0,0,0,0,0,0,0,0,0,0,0,0
15252,"Morro da Babilonia - Botafogo, Rio de Janeiro - RJ, 22010-011, Brasil",Sudeste,Rio de Janeiro,Rio de Janeiro,LEME,,BABILONIA,-22.9569444000,-43.1700000000,"05/06/2018, 11:51:00",false,false,,Não identificado,,,false,0,0,0,0,0,0,0,0,0,0,0,0,0,0
15257,"Morro São João - Engenho Novo, Rio de Janeiro - RJ, 20715-070, Brasil",Sudeste,Rio de Janeiro,Rio de Janeiro,ENGENHO NOVO,,MORRO SAO JOAO,-22.9109900000,-43.2634929000,"05/06/2018, 12:36:00",false,false,,Não identificado,,,false,0,0,0,0,0,0,0,0,0,0,0,0,0,0
15261,"Morro da Babilônia - Leme, Rio de Janeiro - RJ, 22010-060, Brasil",Sudeste,Rio de Janeiro,Rio de Janeiro,LEME,,BABILONIA,-22.9600205000,-43.1701197000,"05/06/2018, 13:20:00",true,true,PM,Operação policial,,,false,0,2,0,0,0,0,0,0,0,0,0,0,0,0
15264,"Morro da Babilônia - Leme, Rio de Janeiro - RJ, 22010-060, Brasil",Sudeste,Rio de Janeiro,Rio de Janeiro,LEME,,BABILONIA,-22.9591329000,-43.1698642000,"05/06/2018, 14:30:00",false,false,,Não identificado,,,false,0,0,0,0,0,0,0,0,0,0,0,0,0,0
15265,"R. Gen. Sampaio - Caju, Rio de Janeiro - RJ, Brasil",Sudeste,Rio de Janeiro,Rio de Janeiro,CAJU,,COMPLEXO DO CAJU,-22.8791389000,-43.2156077000,"05/06/2018, 14:50:00",false,false,,Não identificado,,,false,0,0,0,0,0,0,0,0,0,0,0,0,0,0
15269,"Caju, Rio de Janeiro - RJ, Brasil",Sudeste,Rio de Janeiro,Rio de Janeiro,CAJU,,COMPLEXO DO CAJU,-22.8792069000,-43.2155524000,"05/06/2018, 16:19:00",false,false,,Não identificado,,,false,0,0,0,0,0,0,0,0,0,0,0,0,0,0
15271,"Condomínio do Edifício 26 de Agosto - R. de Santana, 124 - Centro, Rio de Janeiro - RJ, 20230-261, Brasil",Sudeste,Rio de Janeiro,Rio de Janeiro,CENTRO,,,-22.9086548000,-43.1938914000,"05/06/2018, 17:00:00",false,true,,Tentativa/Roubo,,,false,0,0,0,1,0,0,0,0,0,0,0,0,0,0
15275,"Senador Camará, Rio de Janeiro - RJ, Brasil",Sudeste,Rio de Janeiro,Rio de Janeiro,SENADOR CAMARA,,,-22.8968333000,-43.4877927000,"05/06/2018, 19:50:00",false,false,,Não identificado,,,false,0,0,0,0,0,0,0,0,0,0,0,0,0,0
15344,"Av. Vicente de Carvalho, 1086 - Vila Cosmos, Rio de Janeiro - RJ, 21210-000, Brasil",Sudeste,Rio de Janeiro,Rio de Janeiro,VILA KOSMOS,,CONJUNTO DO IPASE,-22.8464485000,-43.3031160000,"06/06/2018, 02:30:00",false,true,,Homicidio/Tentativa,,,false,0,0,1,0,0,0,0,0,0,0,0,0,0,0
15280,"Av. Kelson - Penha Circular, Rio de Janeiro - RJ, Brasil",Sudeste,Rio de Janeiro,Rio de Janeiro,PENHA CIRCULAR,,FAVELA DA KELSONS,-22.8229568000,-43.2746279000,"06/06/2018, 03:20:00",true,true,N�o identificado,Ação policial,,,false,0,0,0,0,0,0,0,0,0,0,0,0,0,0
15291,"PPG -Pavão Pavãozinho/ Cantagalo - Copacabana, Rio de Janeiro - RJ, 22030-040, Brasil",Sudeste,Rio de Janeiro,Rio de Janeiro,COPACABANA,,MORRO DO PAVAO-PAVAOZINHO,-22.9646179000,-43.1839260000,"06/06/2018, 04:50:00",false,false,,Não identificado,,,false,0,0,0,0,0,0,0,0,0,0,0,0,0,0
15346,"Barra da Tijuca, Rio de Janeiro - RJ, 22775-002, Brasil",Sudeste,Rio de Janeiro,Rio de Janeiro,BARRA DA TIJUCA,,,-22.9844536000,-43.3661749000,"06/06/2018, 05:00:00",false,false,,Tentativa/Roubo,,,false,0,1,0,0,0,0,0,0,0,0,0,0,0,0
15294,"R. Vila Nova Ac Comendador Guerra, 253 - Pavuna, Rio de Janeiro - RJ, 21520-211, Brasil",Sudeste,Rio de Janeiro,Rio de Janeiro,PAVUNA,,FAVELA VILA PRIVILEGIO,-22.8125350000,-43.3712290000,"06/06/2018, 05:42:00",false,false,,Não identificado,,,false,0,0,0,0,0,0,0,0,0,0,0,0,0,0
15298,"Caju, Rio de Janeiro - RJ, Brasil",Sudeste,Rio de Janeiro,Rio de Janeiro,CAJU,,COMPLEXO DO CAJU,-22.8792069000,-43.2155524000,"06/06/2018, 07:57:00",false,false,,Não identificado,,,false,0,0,0,0,0,0,0,0,0,0,0,0,0,0
15303,"Rua Barão - Praça Seca, Rio de Janeiro - RJ, Brasil",Sudeste,Rio de Janeiro,Rio de Janeiro,PRACA SECA,,MORRO SAO JOSE OPERARIO (OU MORRO DA BARAO),-22.8988185000,-43.3521535000,"06/06/2018, 09:30:00",false,false,,Não identificado,,,false,0,0,0,0,0,0,0,0,0,0,0,0,0,0
15304,"Caju, Rio de Janeiro - RJ, Brasil",Sudeste,Rio de Janeiro,Rio de Janeiro,CAJU,,COMPLEXO DO CAJU,-22.8792069000,-43.2155524000,"06/06/2018, 09:45:00",true,true,N�o identificado,Ação policial,,,false,0,0,0,0,0,0,0,0,0,0,0,0,0,0
15353,"Morro da Coroa - Catumbi, Rio de Janeiro - RJ, Brasil",Sudeste,Rio de Janeiro,Rio de Janeiro,CATUMBI,,MORRO DA COROA,-22.9233621000,-43.1954031000,"06/06/2018, 12:00:00",false,false,,Homicidio/Tentativa,,,false,1,0,0,0,0,0,0,0,0,0,0,0,0,0
15310,"R. Josias - Cidade de Deus, Rio de Janeiro - RJ, Brasil",Sudeste,Rio de Janeiro,Rio de Janeiro,CIDADE DE DEUS,,CIDADE DE DEUS,-22.9481267000,-43.3614319000,"06/06/2018, 13:14:00",false,false,,Não identificado,,,false,0,0,0,0,0,0,0,0,0,0,0,0,0,0
15313,"R. Adriano, Rio de Janeiro - RJ, Brasil",Sudeste,Rio de Janeiro,Rio de Janeiro,MEIER,,,-22.9009965000,-43.2893234000,"06/06/2018, 16:02:00",false,false,,Não identificado,,,false,0,0,0,0,0,0,0,0,0,0,0,0,0,0
15322,"R. da Paz - Santa Cruz, Rio de Janeiro - RJ, Brasil",Sudeste,Rio de Janeiro,Rio de Janeiro,SANTA CRUZ,,NOVO CAMARAO,-22.9370461000,-43.6996909000,"06/06/2018, 16:10:00",false,false,,Não identificado,,,false,0,0,0,0,0,0,0,0,0,0,0,0,0,0
15325,"Av. Júlio Furtado, 212 - Grajau, Rio de Janeiro - RJ, 20561-010, Brasil",Sudeste,Rio de Janeiro,Rio de Janeiro,GRAJAU,,,-22.9192215000,-43.2658576000,"06/06/2018, 17:00:00",false,false,,Tentativa/Roubo,,,false,0,0,0,0,0,0,0,0,0,0,0,0,0,0
15316,"Piedade, Rio de Janeiro - RJ, Brasil",Sudeste,Rio de Janeiro,Rio de Janeiro,PIEDADE,,,-22.8916397000,-43.3107394000,"06/06/2018, 18:18:00",false,false,,Não identificado,,,false,0,0,0,0,0,0,0,0,0,0,0,0,0,0
15318,"Complexo do Chapadão - Anchieta, Rio de Janeiro - RJ, 21655-173, Brasil",Sudeste,Rio de Janeiro,Rio de Janeiro,ANCHIETA,,COMPLEXO DO CHAPADAO,-22.8248007000,-43.3861333000,"06/06/2018, 19:08:00",false,false,,Não identificado,,,false,0,0,0,0,0,0,0,0,0,0,0,0,0,0
15321,"Morro da Formiga - Tijuca, Rio de Janeiro - RJ, 20530-220, Brasil",Sudeste,Rio de Janeiro,Rio de Janeiro,TIJUCA,,MORRO DA FORMIGA,-22.9415587000,-43.2428793000,"06/06/2018, 19:23:00",false,false,,Não identificado,,,false,0,0,0,0,0,0,0,0,0,0,0,0,0,0
15327,"Piedade, Rio de Janeiro - RJ, Brasil",Sudeste,Rio de Janeiro,Rio de Janeiro,PIEDADE,,,-22.8916397000,-43.3107394000,"06/06/2018, 19:56:00",false,false,,Não identificado,,,false,0,0,0,0,0,0,0,0,0,0,0,0,0,0
15326,"Rua Canitar - Complexo do Alemão, Rio de Janeiro - RJ, Brasil",Sudeste,Rio de Janeiro,Rio de Janeiro,COMPLEXO DO ALEMAO,,MORRO DAS PALMEIRAS (COMPLEXO DO ALEMAO),-22.8603630000,-43.2824139000,"06/06/2018, 20:21:00",false,false,,Não identificado,,,false,0,0,0,0,0,0,0,0,0,0,0,0,0,0
15374,"Favela do Pica Pau - Cordovil, Rio de Janeiro - RJ, 21012-040, Brasil",Sudeste,Rio de Janeiro,Rio de Janeiro,CORDOVIL,,FAVELA DO PICA PAU (COMPLEXO DE ISRAEL),-22.8195178000,-43.2892148000,"06/06/2018, 22:41:00",false,false,,Não identificado,,,false,0,0,0,0,0,0,0,0,0,0,0,0,0,0
15332,"Av. Padre Leonel Franca - Gávea, Rio de Janeiro - RJ, Brasil",Sudeste,Rio de Janeiro,Rio de Janeiro,GAVEA,,,-22.9807325000,-43.2326355000,"06/06/2018, 23:02:00",true,true,PM,Ação policial,,,false,0,2,0,0,0,0,0,0,0,0,0,0,0,0
15347,"Rocinha, Rio de Janeiro - RJ, Brasil",Sudeste,Rio de Janeiro,Rio de Janeiro,ROCINHA,,ROCINHA,-22.9879841000,-43.2479825000,"07/06/2018, 00:00:00",true,true,N�o identificado,Operação policial,,,false,0,0,0,0,0,0,0,0,0,0,0,0,0,0
15343,"Chapeu Mangueira - Leme, Rio de Janeiro - RJ, 22010-060, Brasil",Sudeste,Rio de Janeiro,Rio de Janeiro,LEME,,CHAPEU-MANGUEIRA,-22.9597702000,-43.1713128000,"07/06/2018, 02:00:00",true,true,N�o identificado,Ação policial,,,false,0,0,0,0,0,0,0,0,0,0,0,0,0,0
15335,"R. Oliva Maia - Madureira, Rio de Janeiro - RJ, 21370-030, Brasil",Sudeste,Rio de Janeiro,Rio de Janeiro,MADUREIRA,,MORRO DO SAO JOSE (COMPLEXO DA SERRINHA),-22.8737530000,-43.3337525000,"07/06/2018, 03:19:00",false,false,,Não identificado,,,false,0,0,0,0,0,0,0,0,0,0,0,0,0,0
15333,"Cidade de Deus, Rio de Janeiro - RJ, Brasil",Sudeste,Rio de Janeiro,Rio de Janeiro,CIDADE DE DEUS,,CIDADE DE DEUS,-22.9481688000,-43.3626721000,"07/06/2018, 03:27:00",false,false,,Não identificado,,,false,0,0,0,0,0,0,0,0,0,0,0,0,0,0
15342,"Av. Brasil, 1211 - São Cristóvão, Rio de Janeiro - RJ, 20930-041, Brasil",Sudeste,Rio de Janeiro,Rio de Janeiro,SAO CRISTOVAO,,,-22.8896120000,-43.2184350000,"07/06/2018, 04:50:00",false,false,,Tentativa/Roubo,,,false,0,1,0,0,0,0,0,0,0,0,0,0,0,0
15337,"Karatê e APs - Cidade de Deus, Rio de Janeiro - RJ, Brasil",Sudeste,Rio de Janeiro,Rio de Janeiro,CIDADE DE DEUS,,CIDADE DE DEUS,-22.9481688000,-43.3626721000,"07/06/2018, 06:30:00",true,true,N�o identificado,Operação policial,,,false,1,0,0,0,0,0,0,0,0,0,0,0,0,0
15340,"R. Tôrres Homem, 1061 - Vila Isabel, Rio de Janeiro - RJ, 20551-075, Brasil",Sudeste,Rio de Janeiro,Rio de Janeiro,VILA ISABEL,,,-22.9153445000,-43.2528625000,"07/06/2018, 08:05:00",true,true,N�o identificado,Tentativa/Roubo,,,false,0,2,0,0,0,0,0,0,0,0,0,0,0,0
15351,"Morro dos Macacos - Vila Isabel, Rio de Janeiro - RJ, 20551-630, Brasil",Sudeste,Rio de Janeiro,Rio de Janeiro,VILA ISABEL,,MORRO DOS MACACOS,-22.9130119000,-43.2534860000,"07/06/2018, 09:05:00",true,true,N�o identificado,Ação policial,,,false,0,0,0,0,0,0,0,0,0,0,0,0,0,0
15354,"Morro do Adeus - Complexo do Alemão, Rio de Janeiro - RJ, Brasil",Sudeste,Rio de Janeiro,Rio de Janeiro,COMPLEXO DO ALEMAO,,MORRO DO ADEUS (COMPLEXO DO ALEMAO),-22.8649130000,-43.2621926000,"07/06/2018, 10:41:00",false,false,,Não identificado,,,false,0,0,0,0,0,0,0,0,0,0,0,0,0,0
15356,"R. da Assembléia, 10 - Centro, Rio de Janeiro - RJ, Brasil",Sudeste,Rio de Janeiro,Rio de Janeiro,CENTRO,,,-22.9042323000,-43.1752459000,"07/06/2018, 12:19:00",false,false,,Tentativa/Roubo,,,false,0,1,0,0,0,0,0,0,0,0,0,0,0,0
15360,"Vila Aliança - Bangu, Rio de Janeiro - RJ, 21842-100, Brasil",Sudeste,Rio de Janeiro,Rio de Janeiro,BANGU,,VILA ALIANCA,-22.8695890000,-43.4785090000,"07/06/2018, 15:00:00",true,true,N�o identificado,Ação policial,,,false,0,0,0,0,0,0,0,0,0,0,0,0,0,0
15359,"IAPC - R. Miguel Ângelo, Cachambi, Rio de Janeiro - RJ, Brasil",Sudeste,Rio de Janeiro,Rio de Janeiro,CACHAMBI,,CONJUNTO IAPC DO CACHAMBI,-22.8902516000,-43.2675963000,"07/06/2018, 15:02:00",false,false,,Não identificado,,,false,0,0,0,0,0,0,0,0,0,0,0,0,0,0
15364,"R. Aurélio Valporto, 220 - Mal. Hermes, Rio de Janeiro - RJ, 21555-560, Brasil",Sudeste,Rio de Janeiro,Rio de Janeiro,MARECHAL HERMES,,,-22.8553371000,-43.3705873000,"07/06/2018, 18:50:00",false,false,,Não identificado,,,false,0,0,0,0,0,0,0,0,0,0,0,0,0,0
15365,"Tv. Chipre, 5 - Cidade de Deus, Rio de Janeiro - RJ, 22772-400, Brasil",Sudeste,Rio de Janeiro,Rio de Janeiro,CIDADE DE DEUS,,CIDADE DE DEUS,-22.9481688000,-43.3626721000,"07/06/2018, 19:42:00",false,false,,Não identificado,,,false,0,0,0,0,0,0,0,0,0,0,0,0,0,0
15366,"Rua P, Morro do Batan, Realengo, Rio de Janeiro - RJ, Brasil",Sudeste,Rio de Janeiro,Rio de Janeiro,REALENGO,,BATAN,-22.8617376000,-43.4251529000,"07/06/2018, 20:22:00",false,false,,Não identificado,,,false,0,0,0,0,0,0,0,0,0,0,0,0,0,0
15371,"Conjunto Fumacê, Realengo, Rio de Janeiro - RJ, 21735-220, Brasil",Sudeste,Rio de Janeiro,Rio de Janeiro,REALENGO,,FUMACE,-22.8674107000,-43.4242628000,"07/06/2018, 22:10:00",false,false,,Não identificado,,,false,0,0,0,0,0,0,0,0,0,0,0,0,0,0
15372,"Fazendinha - Complexo do Alemão, Rio de Janeiro - RJ, Brasil",Sudeste,Rio de Janeiro,Rio de Janeiro,COMPLEXO DO ALEMAO,,FAZENDINHA (COMPLEXO DO ALEMAO),-22.8655147000,-43.2802123000,"08/06/2018, 02:58:00",false,false,,Não identificado,,,false,0,0,0,0,0,0,0,0,0,0,0,0,0,0
15375,"Rua Barão, 26 - Praça Seca, Rio de Janeiro - RJ, 21321-620, Brasil",Sudeste,Rio de Janeiro,Rio de Janeiro,PRACA SECA,,MORRO SAO JOSE OPERARIO (OU MORRO DA BARAO),-22.9032803000,-43.3457524000,"08/06/2018, 03:42:00",false,false,,Não identificado,,,false,0,0,0,0,0,0,0,0,0,0,0,0,0,0
15379,"Fazendinha  - Complexo do Alemão, Rio de Janeiro - RJ, Brasil",Sudeste,Rio de Janeiro,Rio de Janeiro,COMPLEXO DO ALEMAO,,FAZENDINHA (COMPLEXO DO ALEMAO),-22.8655147000,-43.2802123000,"08/06/2018, 04:34:00",false,false,,Não identificado,,,false,0,0,0,0,0,0,0,0,0,0,0,0,0,0
15380,"Morro da Lagartixa, Complexo da Pedreira - Costa Barros, Rio de Janeiro - RJ, 21515-280, Brasil",Sudeste,Rio de Janeiro,Rio de Janeiro,COSTA BARROS,,MORRO DA LAGARTIXA (COMPLEXO DA PEDREIRA),-22.8241667000,-43.3644444000,"08/06/2018, 04:52:00",false,false,,Não identificado,,,false,0,0,0,0,0,0,0,0,0,0,0,0,0,0
15383,"Rua Antônio Austregésilo, Rio de Janeiro - RJ, Brasil",Sudeste,Rio de Janeiro,Rio de Janeiro,COMPLEXO DO ALEMAO,,FAZENDINHA (COMPLEXO DO ALEMAO),-22.8656900000,-43.2765008000,"08/06/2018, 06:32:00",false,false,,Não identificado,,,false,0,0,0,0,0,0,0,0,0,0,0,0,0,0
15384,"Manguinhos, Rio de Janeiro - RJ, Brasil",Sudeste,Rio de Janeiro,Rio de Janeiro,MANGUINHOS,,COMPLEXO DE MANGUINHOS,-22.8830377000,-43.2457507000,"08/06/2018, 06:36:00",false,false,,Não identificado,,,false,0,0,0,0,0,0,0,0,0,0,0,0,0,0
15385,"Estr. do Barro Vermelho, 14 - Rocha Miranda, Rio de Janeiro - RJ, 21540-500, Brasil",Sudeste,Rio de Janeiro,Rio de Janeiro,ROCHA MIRANDA,,,-22.8546758000,-43.3502911000,"08/06/2018, 06:49:00",false,false,,Não identificado,,,false,0,0,0,0,0,0,0,0,0,0,0,0,0,0
15386,"Karatê - Cidade de Deus, Rio de Janeiro - RJ, Brasil",Sudeste,Rio de Janeiro,Rio de Janeiro,CIDADE DE DEUS,,CIDADE DE DEUS,-22.9481688000,-43.3626721000,"08/06/2018, 08:20:00",false,false,,Não identificado,,,false,0,0,0,0,0,0,0,0,0,0,0,0,0,0
15391,"Urca, Rio de Janeiro - RJ, Brasil",Sudeste,Rio de Janeiro,Rio de Janeiro,URCA,,,-22.9543780000,-43.1675881000,"08/06/2018, 11:38:00",true,true,BPChq,Operação policial,,,true,7,0,0,1,0,0,0,0,0,0,0,0,0,0
15393,"R. Fraternidade, 1-13 - Caju, Rio de Janeiro - RJ, Brasil",Sudeste,Rio de Janeiro,Rio de Janeiro,CAJU,,COMPLEXO DO CAJU,-22.8818786000,-43.2270522000,"08/06/2018, 13:01:00",false,false,,Não identificado,,,false,0,0,0,0,0,0,0,0,0,0,0,0,0,0
15394,"R. Marquês de Abrantes, 19 - Leme, Rio de Janeiro - RJ, 22010-060, Brasil",Sudeste,Rio de Janeiro,Rio de Janeiro,LEME,,,-22.9591329000,-43.1698642000,"08/06/2018, 13:10:00",false,false,,Não identificado,,,false,0,0,0,0,0,0,0,0,0,0,0,0,0,0
15396,"Catumbi, Rio de Janeiro - RJ, Brasil",Sudeste,Rio de Janeiro,Rio de Janeiro,CATUMBI,,,-22.9198664000,-43.1977170000,"08/06/2018, 13:38:00",false,false,,Não identificado,,,false,0,0,0,0,0,0,0,0,0,0,0,0,0,0
15397,"R. Arapa - Bonsucesso, Rio de Janeiro - RJ, 21060-540, Brasil",Sudeste,Rio de Janeiro,Rio de Janeiro,COMPLEXO DO ALEMAO,,MORRO DO ADEUS (COMPLEXO DO ALEMAO),-22.8630270000,-43.2650444000,"08/06/2018, 14:14:00",false,false,,Não identificado,,,false,0,0,0,0,0,0,0,0,0,0,0,0,0,0
15401,"R. Dois de Fevereiro, Rio de Janeiro - RJ, Brasil",Sudeste,Rio de Janeiro,Rio de Janeiro,ENCANTADO,,,-22.9002157000,-43.3020476000,"08/06/2018, 15:08:00",false,false,,Não identificado,,,false,0,0,0,0,0,0,0,0,0,0,0,0,0,0
15404,"Morro da Caixa d'Agua - Piedade, Rio de Janeiro - RJ, 20740-020, Brasil",Sudeste,Rio de Janeiro,Rio de Janeiro,QUINTINO BOCAIUVA,,MORRO DA CAIXA D'AGUA (COMPLEXO DO 18),-22.8936111000,-43.3163889000,"08/06/2018, 16:31:00",false,false,,Não identificado,,,false,0,0,0,0,0,0,0,0,0,0,0,0,0,0
15405,"15 -Cidade de Deus, Rio de Janeiro - RJ, Brasil",Sudeste,Rio de Janeiro,Rio de Janeiro,CIDADE DE DEUS,,CIDADE DE DEUS,-22.9481688000,-43.3626721000,"08/06/2018, 16:37:00",false,false,,Não identificado,,,false,0,0,0,0,0,0,0,0,0,0,0,0,0,0
15408,"R. Conselheiro Galvão, 448-452 - Turiaçu, Rio de Janeiro - RJ, Brasil",Sudeste,Rio de Janeiro,Rio de Janeiro,TURIACU,,,-22.8651490000,-43.3421277000,"08/06/2018, 19:17:00",false,false,,Não identificado,,,false,0,0,0,0,0,0,0,0,0,0,0,0,0,0
15414,"R. Paturi - Tanque, Rio de Janeiro - RJ, 22730-270, Brasil",Sudeste,Rio de Janeiro,Rio de Janeiro,TANQUE,,,-22.9224327000,-43.3651636000,"08/06/2018, 21:30:00",false,false,,Não identificado,,,false,0,0,0,0,0,0,0,0,0,0,0,0,0,0
15415,"Rua Santa Clara, 428-500 - Copacabana, Rio de Janeiro - RJ, Brasil",Sudeste,Rio de Janeiro,Rio de Janeiro,COPACABANA,,MORRO DOS CABRITOS,-22.9642609000,-43.1928746000,"08/06/2018, 22:32:00",false,false,,Não identificado,,,false,0,0,0,0,0,0,0,0,0,0,0,0,0,0
15416,"R. Viêira de Araújo - Realengo, Rio de Janeiro - RJ, Brasil",Sudeste,Rio de Janeiro,Rio de Janeiro,REALENGO,,FAVELA DO ALMIRANTE,-22.8921253000,-43.4277953000,"08/06/2018, 22:52:00",false,false,,Não identificado,,,false,0,0,0,0,0,0,0,0,0,0,0,0,0,0
15418,"R. do Bonfim, 373 - São Cristóvão, Rio de Janeiro - RJ, 20930-450, Brasil",Sudeste,Rio de Janeiro,Rio de Janeiro,SAO CRISTOVAO,,,-22.8910111000,-43.2251766000,"09/06/2018, 01:45:00",false,false,,Não identificado,,,false,0,0,0,0,0,0,0,0,0,0,0,0,0,0
15429,"Rola -Santa Cruz, Rio de Janeiro - RJ, Brasil",Sudeste,Rio de Janeiro,Rio de Janeiro,SANTA CRUZ,,COMPLEXO DO RODO,-22.9196515000,-43.6843877000,"09/06/2018, 02:30:00",false,false,,Não identificado,,,false,0,0,0,0,0,0,0,0,0,0,0,0,0,0
15428,"Santa Cruz, Rio de Janeiro - RJ, 23590-060, Brasil",Sudeste,Rio de Janeiro,Rio de Janeiro,SANTA CRUZ,,,-22.9345710000,-43.6653492000,"09/06/2018, 02:45:00",false,false,,Não identificado,,,false,0,0,0,0,0,0,0,0,0,0,0,0,0,0
15420,"Rocinha, Rio de Janeiro - RJ, Brasil",Sudeste,Rio de Janeiro,Rio de Janeiro,ROCINHA,,ROCINHA,-22.9879841000,-43.2479825000,"09/06/2018, 03:21:00",true,true,FFAA,Operação policial,,,false,0,0,0,0,0,0,0,0,0,0,0,0,0,0
15421,"Alto Vidigal - Vidigal, Rio de Janeiro - RJ, 22452-030, Brasil",Sudeste,Rio de Janeiro,Rio de Janeiro,VIDIGAL,,VIDIGAL,-22.9957880000,-43.2421330000,"09/06/2018, 03:32:00",false,false,,Não identificado,,,false,0,0,0,0,0,0,0,0,0,0,0,0,0,0
15426,"R. Sapopemba, Rio de Janeiro - RJ, Brasil",Sudeste,Rio de Janeiro,Rio de Janeiro,BENTO RIBEIRO,,,-22.8688003000,-43.3618999000,"09/06/2018, 04:30:00",false,false,,Não identificado,,,false,0,0,0,0,0,0,0,0,0,0,0,0,0,0
15423,"R. 2 - Rocinha, Rio de Janeiro - RJ, Brasil",Sudeste,Rio de Janeiro,Rio de Janeiro,ROCINHA,,ROCINHA,-22.9895932000,-43.2464165000,"09/06/2018, 05:13:00",true,true,N�o identificado,Operação policial,,,false,0,1,0,0,0,0,0,0,0,0,0,0,0,0
15430,"Rua 3 - Rocinha, Rio de Janeiro - RJ, Brasil",Sudeste,Rio de Janeiro,Rio de Janeiro,ROCINHA,,ROCINHA,-22.9879841000,-43.2479825000,"09/06/2018, 06:01:00",false,false,,Não identificado,,,false,0,0,0,0,0,0,0,0,0,0,0,0,0,0
15435,"Morro do Borel - Tijuca, Rio de Janeiro - RJ, 20530-001, Brasil",Sudeste,Rio de Janeiro,Rio de Janeiro,TIJUCA,,MORRO DO BOREL,-22.9395041000,-43.2515359000,"09/06/2018, 07:47:00",false,false,,Não identificado,,,false,0,0,0,0,0,0,0,0,0,0,0,0,0,0
15436,"R. do Canal - Caju, Rio de Janeiro - RJ, Brasil",Sudeste,Rio de Janeiro,Rio de Janeiro,CAJU,,FAVELA DA MANILHA (COMPLEXO DO CAJU),-22.8758022000,-43.2161657000,"09/06/2018, 07:55:00",false,false,,Não identificado,,,false,0,0,0,0,0,0,0,0,0,0,0,0,0,0
15440,"R. Euclídes da Rocha, 760 - Copacabana, Rio de Janeiro - RJ, 22031-100, Brasil",Sudeste,Rio de Janeiro,Rio de Janeiro,COPACABANA,,MORRO DOS CABRITOS,-22.9662290000,-43.1940703000,"09/06/2018, 11:51:00",false,false,,Não identificado,,,false,0,0,0,0,0,0,0,0,0,0,0,0,0,0
15454,"Av. Brasil, 45030 - Campo Grande, Rio de Janeiro - RJ, Brasil",Sudeste,Rio de Janeiro,Rio de Janeiro,CAMPO GRANDE,,,-22.8690031000,-43.5971723000,"09/06/2018, 13:40:00",true,true,PM,Ação policial,,,false,0,1,0,0,0,0,0,0,0,0,0,0,0,0
15443,"R. Euclídes da Rocha - Copacabana, Rio de Janeiro - RJ, Brasil",Sudeste,Rio de Janeiro,Rio de Janeiro,COPACABANA,,MORRO DOS CABRITOS,-22.9652260000,-43.1942534000,"09/06/2018, 14:05:00",false,false,,Não identificado,,,false,0,0,0,0,0,0,0,0,0,0,0,0,0,0
15444,"Rua Aquiri - Morro do Adeus, Complexo do Alemão, Rio de Janeiro - RJ, 21060-530, Brasil",Sudeste,Rio de Janeiro,Rio de Janeiro,COMPLEXO DO ALEMAO,,MORRO DO ADEUS (COMPLEXO DO ALEMAO),-22.8623741000,-43.2635774000,"09/06/2018, 14:29:00",true,true,PM,Ação policial,,,false,0,0,0,0,0,0,0,0,0,0,0,0,0,0
15448,"Caju, Rio de Janeiro - RJ, Brasil",Sudeste,Rio de Janeiro,Rio de Janeiro,CAJU,,COMPLEXO DO CAJU,-22.8792069000,-43.2155524000,"09/06/2018, 15:52:00",false,false,,Não identificado,,,false,0,0,0,0,0,0,0,0,0,0,0,0,0,0
15449,"R. Calmom - Curicica, Rio de Janeiro - RJ, 22710-350, Brasil",Sudeste,Rio de Janeiro,Rio de Janeiro,CURICICA,,,-22.9459796000,-43.3864609000,"09/06/2018, 16:21:00",false,false,,Não identificado,,,false,0,0,0,0,0,0,0,0,0,0,0,0,0,0
15452,"Rocinha, Rio de Janeiro - RJ, Brasil",Sudeste,Rio de Janeiro,Rio de Janeiro,ROCINHA,,ROCINHA,-22.9806324000,-43.2387939000,"09/06/2018, 18:00:00",false,false,,Não identificado,,,false,0,0,0,0,0,0,0,0,0,0,0,0,0,0
15455,"R. Ciere - Anchieta, Rio de Janeiro - RJ, 21630-090, Brasil",Sudeste,Rio de Janeiro,Rio de Janeiro,ANCHIETA,,MARIOPOLIS,-22.8247456000,-43.4137343000,"09/06/2018, 18:22:00",false,false,,Não identificado,,,false,0,0,0,0,0,0,0,0,0,0,0,0,0,0
15459,"R. Euclídes da Rocha, 443 - Copacabana, Rio de Janeiro - RJ, Brasil",Sudeste,Rio de Janeiro,Rio de Janeiro,COPACABANA,,MORRO DOS CABRITOS,-22.9641452000,-43.1948771000,"09/06/2018, 21:32:00",false,false,,Não identificado,,,false,0,0,0,0,0,0,0,0,0,0,0,0,0,0
15460,"Ladeira dos Tabajaras, Rio de Janeiro - RJ, Brasil",Sudeste,Rio de Janeiro,Rio de Janeiro,COPACABANA,,LADEIRA DOS TABAJARAS,-22.9642350000,-43.1898099000,"09/06/2018, 23:51:00",true,true,PM,Ação policial,,,false,0,1,0,0,0,0,0,0,0,0,0,0,0,0
15473,"Ladeira dos Tabajaras, Rio de Janeiro - RJ, Brasil",Sudeste,Rio de Janeiro,Rio de Janeiro,COPACABANA,,LADEIRA DOS TABAJARAS,-22.9642350000,-43.1898099000,"10/06/2018, 00:05:00",false,false,,Não identificado,,,false,0,0,0,0,0,0,0,0,0,0,0,0,0,0
15474,"Estrada do Guerenguê, Rio de Janeiro - RJ, Brasil",Sudeste,Rio de Janeiro,Rio de Janeiro,TAQUARA,,COLONIA JULIANO MOREIRA,-22.9356556000,-43.3825169000,"10/06/2018, 02:00:00",false,false,,Não identificado,,,false,0,0,0,0,0,0,0,0,0,0,0,0,0,0
15463,"Cachopa - Rocinha, Rio de Janeiro - RJ, Brasil",Sudeste,Rio de Janeiro,Rio de Janeiro,ROCINHA,,ROCINHA,-22.9881913000,-43.2499892000,"10/06/2018, 03:01:00",true,true,N�o identificado,Ação policial,,,false,0,0,0,0,0,0,0,0,0,0,0,0,0,0
15464,"Morro do Borel - Tijuca, Rio de Janeiro - RJ, Brasil",Sudeste,Rio de Janeiro,Rio de Janeiro,TIJUCA,,MORRO DO BOREL,-22.9392731000,-43.2549653000,"10/06/2018, 03:08:00",false,false,,Não identificado,,,false,0,0,0,0,0,0,0,0,0,0,0,0,0,0
15466,"Catumbi, Rio de Janeiro - RJ, Brasil",Sudeste,Rio de Janeiro,Rio de Janeiro,CATUMBI,,,-22.9198664000,-43.1977170000,"10/06/2018, 04:14:00",false,false,,Não identificado,,,false,0,0,0,0,0,0,0,0,0,0,0,0,0,0
15465,"Favela do Muquiço, Guadalupe, Rio de Janeiro - RJ, 21557-130, Brasil",Sudeste,Rio de Janeiro,Rio de Janeiro,GUADALUPE,,FAVELA DO MUQUICO,-22.8549209000,-43.3741144000,"10/06/2018, 04:30:00",false,false,,Não identificado,,,false,0,0,0,0,0,0,0,0,0,0,0,0,0,0
15472,"Rocha Miranda, Rio de Janeiro - RJ, Brasil",Sudeste,Rio de Janeiro,Rio de Janeiro,ROCHA MIRANDA,,,-22.8520103000,-43.3468065000,"10/06/2018, 05:00:00",true,true,PM,Ação policial,,Perseguição,false,1,0,0,0,0,0,0,0,0,0,0,0,0,0
15467,"Morro do Chapadão - Pavuna, Rio de Janeiro - RJ, 21650-390, Brasil",Sudeste,Rio de Janeiro,Rio de Janeiro,PAVUNA,,MORRO DO CHAPADAO (COMPLEXO DO CHAPADAO),-22.8186140000,-43.3773240000,"10/06/2018, 05:39:00",true,true,N�o identificado,Ação policial,,,false,0,0,0,0,0,0,0,0,0,0,0,0,0,0
15471,"R. Lenir Liberato da Silva (Caminho do Padre), Chapadão, Pavuna, Rio de Janeiro - RJ, 21655-160, Brasil",Sudeste,Rio de Janeiro,Rio de Janeiro,ANCHIETA,,MORRO DO HIMALAIA (COMPLEXO DO CHAPADAO),-22.8215414000,-43.3840223000,"10/06/2018, 07:04:00",false,false,,Não identificado,,,false,0,0,0,0,0,0,0,0,0,0,0,0,0,0
15475,"Buraco do Lacerda - Jacarezinho, Rio de Janeiro - RJ, Brasil",Sudeste,Rio de Janeiro,Rio de Janeiro,JACAREZINHO,,JACAREZINHO,-22.8875573000,-43.2581953000,"10/06/2018, 10:30:00",false,false,,Não identificado,,,false,0,0,0,0,0,0,0,0,0,0,0,0,0,0
15477,"Morro da Providencia - Gambôa, Rio de Janeiro - RJ, 20221-310, Brasil",Sudeste,Rio de Janeiro,Rio de Janeiro,GAMBOA,,MORRO DA PROVIDENCIA,-22.9002778000,-43.1952778000,"10/06/2018, 10:56:00",false,false,,Não identificado,,,false,0,0,0,0,0,0,0,0,0,0,0,0,0,0
15481,"Rua Barão - Praça Seca, Rio de Janeiro - RJ, Brasil",Sudeste,Rio de Janeiro,Rio de Janeiro,PRACA SECA,,MORRO SAO JOSE OPERARIO (OU MORRO DA BARAO),-22.8988185000,-43.3521535000,"10/06/2018, 14:23:00",false,false,,Não identificado,,,false,0,0,0,0,0,0,0,0,0,0,0,0,0,0
15484,"R. Dias da Cruz, Rio de Janeiro - RJ, Brasil",Sudeste,Rio de Janeiro,Rio de Janeiro,MEIER,,,-22.9046406000,-43.2883459000,"10/06/2018, 17:08:00",false,true,,Tentativa/Roubo,,,false,1,1,0,1,0,0,0,0,0,0,0,0,0,0
15485,"R. Carlos Seidl - Caju, Rio de Janeiro - RJ, Brasil",Sudeste,Rio de Janeiro,Rio de Janeiro,CAJU,,FAVELA SAO SEBASTIAO (COMPLEXO DO CAJU),-22.8789184000,-43.2244648000,"10/06/2018, 17:46:00",false,false,,Não identificado,,,false,0,0,0,0,0,0,0,0,0,0,0,0,0,0
15486,"Estr. João Paulo, Rio de Janeiro - RJ, Brasil",Sudeste,Rio de Janeiro,Rio de Janeiro,BARROS FILHO,,PROENCA ROSA,-22.8393577000,-43.3623663000,"10/06/2018, 17:55:00",false,false,,Não identificado,,,false,0,0,0,0,0,0,0,0,0,0,0,0,0,0
15488,"Cidade Alta - Cordovil, Rio de Janeiro - RJ, 21010-315, Brasil",Sudeste,Rio de Janeiro,Rio de Janeiro,CORDOVIL,,CIDADE ALTA (COMPLEXO DE ISRAEL),-22.8200109000,-43.2947043000,"10/06/2018, 18:37:00",false,false,,Não identificado,,,false,0,0,0,0,0,0,0,0,0,0,0,0,0,0
15492,"Morro da Babilonia - Botafogo, Rio de Janeiro - RJ, 22010-011, Brasil",Sudeste,Rio de Janeiro,Rio de Janeiro,LEME,,BABILONIA,-22.9569444000,-43.1700000000,"10/06/2018, 19:05:00",false,false,,Não identificado,,,false,0,0,0,0,0,0,0,0,0,0,0,0,0,0
15491,"R. Traipu, 194 - Honório Gurgel, Rio de Janeiro - RJ, 21555-110, Brasil",Sudeste,Rio de Janeiro,Rio de Janeiro,HONORIO GURGEL,,,-22.8551930000,-43.3573690000,"10/06/2018, 19:06:00",false,false,,Não identificado,,,false,0,0,0,0,0,0,0,0,0,0,0,0,0,0
15496,"Rua Benjamin Constant, Rio de Janeiro - RJ, Brasil",Sudeste,Rio de Janeiro,Rio de Janeiro,GLORIA,,,-22.9208446000,-43.1795305000,"10/06/2018, 20:59:00",false,false,,Não identificado,,,false,0,0,0,0,0,0,0,0,0,0,0,0,0,0
15513,"R. Jordão - Tanque, Rio de Janeiro - RJ, Brasil",Sudeste,Rio de Janeiro,Rio de Janeiro,TANQUE,,MORRO DO JORDAO,-22.9110545000,-43.3721919000,"10/06/2018, 21:00:00",false,false,,Não identificado,,,false,0,0,0,0,0,0,0,0,0,0,0,0,0,0
15497,"R. da Teresinha Pietro Bom - Tanque, Rio de Janeiro - RJ, Brasil",Sudeste,Rio de Janeiro,Rio de Janeiro,TANQUE,,MORRO DO JORDAO,-22.9077025000,-43.3704636000,"10/06/2018, 21:02:00",false,false,,Não identificado,,,false,0,0,0,0,0,0,0,0,0,0,0,0,0,0
15500,"R. do Bpo., Rio de Janeiro - RJ, Brazil",Sudeste,Rio de Janeiro,Rio de Janeiro,RIO COMPRIDO,,MORRO DO TURANO,-22.9231450000,-43.2134638000,"10/06/2018, 21:49:00",false,false,,Não identificado,,,false,0,0,0,0,0,0,0,0,0,0,0,0,0,0
15504,"Vila Aliança - Bangu, Rio de Janeiro - RJ, 21842-740, Brasil",Sudeste,Rio de Janeiro,Rio de Janeiro,BANGU,,VILA ALIANCA,-22.8648423000,-43.4771013000,"11/06/2018, 02:54:00",false,false,,Não identificado,,,false,0,0,0,0,0,0,0,0,0,0,0,0,0,0
15507,"Morro do Adeus - Complexo do Alemão, Rio de Janeiro - RJ, Brasil",Sudeste,Rio de Janeiro,Rio de Janeiro,COMPLEXO DO ALEMAO,,MORRO DO ADEUS (COMPLEXO DO ALEMAO),-22.8654866000,-43.2619815000,"11/06/2018, 03:30:00",false,false,,Não identificado,,,false,0,0,0,0,0,0,0,0,0,0,0,0,0,0
15506,"R. Parque União - Maré, Rio de Janeiro - RJ, Brasil",Sudeste,Rio de Janeiro,Rio de Janeiro,MARE,,PARQUE UNIAO (COMPLEXO DA MARE),-22.8505373000,-43.2429237000,"11/06/2018, 03:37:00",false,false,,Disputa,,Tiros de Helicóptero,false,0,0,0,0,0,0,0,0,0,0,0,0,0,0
15508,"R. Dr. Joviniano, 180 - Madureira, Rio de Janeiro - RJ, 21360-310, Brasil",Sudeste,Rio de Janeiro,Rio de Janeiro,MADUREIRA,,MORRO DA SERRINHA (COMPLEXO DA SERRINHA),-22.8659764000,-43.3324648000,"11/06/2018, 04:05:00",true,true,PM,Ação policial,,,false,0,0,0,0,0,0,0,0,0,0,0,0,0,0
15509,"Nova Holanda e Parque União - Maré, Rio de Janeiro - RJ, Brasil",Sudeste,Rio de Janeiro,Rio de Janeiro,MARE,,COMPLEXO DA MARE,-22.8574971000,-43.2430137000,"11/06/2018, 04:27:00",true,true,N�o identificado,Ação policial,,,false,0,0,0,0,0,0,0,0,0,0,0,0,0,0
15510,"Morro do Borel - Tijuca, Rio de Janeiro - RJ, 20530-001, Brasil",Sudeste,Rio de Janeiro,Rio de Janeiro,TIJUCA,,MORRO DO BOREL,-22.9395041000,-43.2515359000,"11/06/2018, 06:18:00",false,false,,Não identificado,,,false,0,0,0,0,0,0,0,0,0,0,0,0,0,0
15520,"Complexo do Alemão, Rio de Janeiro - RJ, Brasil",Sudeste,Rio de Janeiro,Rio de Janeiro,COMPLEXO DO ALEMAO,,COMPLEXO DO ALEMAO,-22.8654866000,-43.2619815000,"11/06/2018, 12:00:00",false,false,,Não identificado,,,false,0,0,0,0,0,0,0,0,0,0,0,0,0,0
15519,"Vila Ferrea, 8 - Pavuna, Rio de Janeiro - RJ, 21520-251, Brasil",Sudeste,Rio de Janeiro,Rio de Janeiro,PAVUNA,,FAVELINHA DO DENGO,-22.8126970000,-43.3701930000,"11/06/2018, 12:05:00",false,false,,Não identificado,,,false,0,0,0,0,0,0,0,0,0,0,0,0,0,0
15522,"Ladeira dos Tabajaras, Rio de Janeiro - RJ, Brasil",Sudeste,Rio de Janeiro,Rio de Janeiro,COPACABANA,,LADEIRA DOS TABAJARAS,-22.9642350000,-43.1898099000,"11/06/2018, 12:40:00",false,false,,Não identificado,,,false,0,0,0,0,0,0,0,0,0,0,0,0,0,0
15526,"Morro do Turano - R. Haroldo Teixeira Valadão - Rio Comprido, Rio de Janeiro - RJ, Brasil",Sudeste,Rio de Janeiro,Rio de Janeiro,RIO COMPRIDO,,MORRO DO TURANO,-22.9264193000,-43.2161412000,"11/06/2018, 15:22:00",false,false,,Não identificado,,,false,0,0,0,0,0,0,0,0,0,0,0,0,0,0
15530,"Complexo do Alemão, Rio de Janeiro - RJ, Brasil",Sudeste,Rio de Janeiro,Rio de Janeiro,COMPLEXO DO ALEMAO,,COMPLEXO DO ALEMAO,-22.8654866000,-43.2619815000,"11/06/2018, 16:58:00",false,false,,Não identificado,,,false,0,0,0,0,0,0,0,0,0,0,0,0,0,0
15534,"Morro do Barbante - Galeão, Rio de Janeiro - RJ, Brasil",Sudeste,Rio de Janeiro,Rio de Janeiro,GALEAO,,MORRO DO BARBANTE (OU VILA JOANIZA),-22.8135857000,-43.2306582000,"11/06/2018, 18:03:00",false,false,,Não identificado,,,false,0,0,0,0,0,0,0,0,0,0,0,0,0,0
15539,"Penha, Rio de Janeiro - RJ, Brasil",Sudeste,Rio de Janeiro,Rio de Janeiro,PENHA,,,-22.8308535000,-43.2698184000,"11/06/2018, 18:40:00",false,false,,Não identificado,,,false,0,0,0,0,0,0,0,0,0,0,0,0,0,0
15558,"R. Fama - Realengo, Rio de Janeiro - RJ, 21770-420, Brasil",Sudeste,Rio de Janeiro,Rio de Janeiro,REALENGO,,,-22.8947785000,-43.4487159000,"11/06/2018, 19:00:00",false,false,,Homicidio/Tentativa,,,false,1,0,0,0,0,0,0,0,0,0,0,0,0,0
15541,"R. Evanildo Alves - Maré, Rio de Janeiro - RJ, Brasil",Sudeste,Rio de Janeiro,Rio de Janeiro,MARE,,NOVA HOLANDA (COMPLEXO DA MARE),-22.8585297000,-43.2423234000,"11/06/2018, 20:04:00",false,false,,Não identificado,,,false,0,0,0,0,0,0,0,0,0,0,0,0,0,0
15542,"Váz Lobo, Rio de Janeiro - RJ, Brasil",Sudeste,Rio de Janeiro,Rio de Janeiro,VAZ LOBO,,,-22.8574907000,-43.3293570000,"11/06/2018, 20:05:00",false,false,,Não identificado,,,false,0,0,0,0,0,0,0,0,0,0,0,0,0,0
15552,"Morro dos Macacos - Vila Isabel, Rio de Janeiro - RJ, 20551-230, Brasil",Sudeste,Rio de Janeiro,Rio de Janeiro,VILA ISABEL,,MORRO DOS MACACOS,-22.9135675000,-43.2556792000,"11/06/2018, 21:30:00",false,false,,Não identificado,,,false,0,0,0,0,0,0,0,0,0,0,0,0,0,0
15546,"Vila Kennedy - Bangu, Rio de Janeiro - RJ, 21850-007, Brasil",Sudeste,Rio de Janeiro,Rio de Janeiro,VILA KENNEDY,,VILA KENNEDY,-22.8604006000,-43.4884116000,"12/06/2018, 02:07:00",false,false,,Não identificado,,,false,0,0,0,0,0,0,0,0,0,0,0,0,0,0
15548,"R. São Miguel - Tijuca, Rio de Janeiro - RJ, Brasil",Sudeste,Rio de Janeiro,Rio de Janeiro,TIJUCA,,MORRO DO BOREL,-22.9394833000,-43.2515437000,"12/06/2018, 03:57:00",false,false,,Não identificado,,,false,0,0,0,0,0,0,0,0,0,0,0,0,0,0
15551,"Morro do Borel - Andarai, Rio de Janeiro - RJ, 20530-003, Brasil",Sudeste,Rio de Janeiro,Rio de Janeiro,TIJUCA,,MORRO DO BOREL,-22.9383333000,-43.2594444000,"12/06/2018, 03:59:00",true,true,PM,Operação policial,,,false,0,0,0,0,0,0,0,0,0,0,0,0,0,0
15550,"Gogó da Ema - Guadalupe, Rio de Janeiro - RJ, Brasil",Sudeste,Rio de Janeiro,Rio de Janeiro,GUADALUPE,,GOGO DA EMA (COMPLEXO DO CHAPADAO),-22.8401095000,-43.3780741000,"12/06/2018, 04:37:00",false,false,,Não identificado,,,false,0,0,0,0,0,0,0,0,0,0,0,0,0,0
15553,"Acari, Rio de Janeiro - RJ, Brasil",Sudeste,Rio de Janeiro,Rio de Janeiro,ACARI,,,-22.8255312000,-43.3444600000,"12/06/2018, 05:05:00",true,true,N�o identificado,Ação policial,,,false,0,0,0,0,0,0,0,0,0,0,0,0,0,0
15554,"R. Silvio Costa, Rio de Janeiro - RJ, Brasil",Sudeste,Rio de Janeiro,Rio de Janeiro,ANCHIETA,,CONJUNTO SANTA EDWIGES,-22.8313065000,-43.3929376000,"12/06/2018, 05:09:00",true,true,PM,Ação policial,,,false,0,0,0,0,0,0,0,0,0,0,0,0,0,0
15555,"Morro do Andarai - Andarai, Rio de Janeiro - RJ, 20531-490, Brasil",Sudeste,Rio de Janeiro,Rio de Janeiro,ANDARAI,,MORRO DO ANDARAI,-22.9352778000,-43.2563889000,"12/06/2018, 06:34:00",false,false,,Não identificado,,,false,0,0,0,0,0,0,0,0,0,0,0,0,0,0
15562,"Conjunto Amarelinho - Acari, Rio de Janeiro - RJ, 21531-300, Brasil",Sudeste,Rio de Janeiro,Rio de Janeiro,ACARI,,CONJUNTO AMARELINHO,-22.8244349000,-43.3385881000,"12/06/2018, 09:52:00",true,true,PC,Ação policial,,,false,0,0,1,0,0,0,0,0,0,0,0,0,0,0
15569,"R. Serra do Navio, 179 - Cordovil, Rio de Janeiro - RJ, 21010-300, Brasil",Sudeste,Rio de Janeiro,Rio de Janeiro,CORDOVIL,,CIDADE ALTA (COMPLEXO DE ISRAEL),-22.8174353000,-43.2931934000,"12/06/2018, 11:11:00",true,true,PM,Ação policial,,,false,1,0,0,0,0,0,0,0,0,0,0,0,0,0
15563,"Morro do São José, Madureira, Rio de Janeiro - RJ, Brasil",Sudeste,Rio de Janeiro,Rio de Janeiro,MADUREIRA,,MORRO DO SAO JOSE (COMPLEXO DA SERRINHA),-22.8736564000,-43.3292673000,"12/06/2018, 11:20:00",false,false,,Não identificado,,,false,0,0,0,0,0,0,0,0,0,0,0,0,0,0
15566,"Estr. dos Teixeiras, Rio de Janeiro - RJ, Brasil",Sudeste,Rio de Janeiro,Rio de Janeiro,TAQUARA,,TEIXEIRAS,-22.9102923000,-43.4180603000,"12/06/2018, 13:25:00",false,false,,Não identificado,,,false,0,0,0,0,0,0,0,0,0,0,0,0,0,0
15570,"Maniha, Vila Kennedy, Rio de Janeiro - RJ, 21850-020, Brasil",Sudeste,Rio de Janeiro,Rio de Janeiro,VILA KENNEDY,,VILA KENNEDY,-22.8604006000,-43.4884116000,"12/06/2018, 14:30:00",false,false,,Não identificado,,,false,0,0,0,0,0,0,0,0,0,0,0,0,0,0
15572,"Conjunto Amarelinho, Acari, Rio de Janeiro - RJ, 21531-300, Brasil",Sudeste,Rio de Janeiro,Rio de Janeiro,ACARI,,CONJUNTO AMARELINHO,-22.8244349000,-43.3385881000,"12/06/2018, 14:44:00",false,false,,Não identificado,,,false,0,0,0,0,0,0,0,0,0,0,0,0,0,0
15575,"Vila da Paz - Estr. do Itanhangá, 490 - Itanhangá, Rio de Janeiro - RJ, 22753-005, Brasil",Sudeste,Rio de Janeiro,Rio de Janeiro,ITANHANGA,,VILA DA PAZ,-22.9917375000,-43.3114566000,"12/06/2018, 15:20:00",true,true,N�o identificado,Ação policial,,,false,0,0,0,0,0,0,0,0,0,0,0,0,0,0
15581,"Estr. do Colégio, Rio de Janeiro - RJ, Brasil",Sudeste,Rio de Janeiro,Rio de Janeiro,COLEGIO,,FAVELA PARA PEDRO,-22.8353349000,-43.3305738000,"12/06/2018, 16:30:00",false,false,,Não identificado,,,false,0,0,0,0,0,0,0,0,0,0,0,0,0,0
15578,"R. Bem-Te-VI, 102-212 - Galeão, Rio de Janeiro - RJ, 21941-642, Brasil",Sudeste,Rio de Janeiro,Rio de Janeiro,GALEAO,,MORRO DO BARBANTE (OU VILA JOANIZA),-22.8134407000,-43.2297496000,"12/06/2018, 16:59:00",false,false,,Não identificado,,,false,0,0,0,0,0,0,0,0,0,0,0,0,0,0
15580,"Morro do Salgueiro - R. Olímpia - Tijuca, Rio de Janeiro - RJ, Brasil",Sudeste,Rio de Janeiro,Rio de Janeiro,TIJUCA,,MORRO DO SALGUEIRO,-22.9307756000,-43.2267211000,"12/06/2018, 17:35:00",false,false,,Não identificado,,,false,0,0,0,0,0,0,0,0,0,0,0,0,0,0
15582,"R. Urucuia - Vila Valqueire, Rio de Janeiro - RJ, Brasil",Sudeste,Rio de Janeiro,Rio de Janeiro,VILA VALQUEIRE,,FAVELA URUCUIA,-22.8945710000,-43.3628009000,"12/06/2018, 17:45:00",false,false,,Não identificado,,,false,0,0,0,0,0,0,0,0,0,0,0,0,0,0
15583,"Estrada do Guandu - Santa Cruz, Rio de Janeiro - RJ, Brasil",Sudeste,Rio de Janeiro,Rio de Janeiro,SANTA CRUZ,,,-22.8890683000,-43.6926542000,"12/06/2018, 19:45:00",false,false,,Não identificado,,,false,0,0,0,0,0,0,0,0,0,0,0,0,0,0
15590,"Maré, Rio de Janeiro - RJ, Brasil",Sudeste,Rio de Janeiro,Rio de Janeiro,MARE,,COMPLEXO DA MARE,-22.8574971000,-43.2430137000,"13/06/2018, 02:14:00",false,false,,Não identificado,,,false,0,0,0,0,0,0,0,0,0,0,0,0,0,0
15591,"Irajá, Rio de Janeiro - RJ, Brasil",Sudeste,Rio de Janeiro,Rio de Janeiro,IRAJA,,,-22.8387571000,-43.3241817000,"13/06/2018, 02:33:00",false,false,,Não identificado,,,false,0,0,0,0,0,0,0,0,0,0,0,0,0,0
15592,"Estr. do Itanhangá, 449 - Itanhangá, Rio de Janeiro - RJ, Brasil",Sudeste,Rio de Janeiro,Rio de Janeiro,ITANHANGA,,VILA DA PAZ,-22.9916777000,-43.3112176000,"13/06/2018, 03:50:00",true,true,N�o identificado,Operação policial,,,false,1,0,0,0,0,0,0,0,0,0,0,0,0,0
15594,"Bateua Mouche - Praça Seca, Rio de Janeiro - RJ, 22733-120, Brasil",Sudeste,Rio de Janeiro,Rio de Janeiro,PRACA SECA,,FAVELA BATEAU MOUCHE,-22.9048084000,-43.3550791000,"13/06/2018, 03:53:00",false,false,,Não identificado,,,false,0,0,0,0,0,0,0,0,0,0,0,0,0,0
15593,"Av. Prof. Bernardino Rocha, 351 - Pavuna, Rio de Janeiro - RJ, 21650-450, Brasil",Sudeste,Rio de Janeiro,Rio de Janeiro,PAVUNA,,FAVELA VILA PRIVILEGIO,-22.8126287000,-43.3715366000,"13/06/2018, 04:02:00",false,false,,Não identificado,,,false,0,0,0,0,0,0,0,0,0,0,0,0,0,0
15604,"Morro São João - Engenho Novo, Rio de Janeiro - RJ, Brasil",Sudeste,Rio de Janeiro,Rio de Janeiro,ENGENHO NOVO,,MORRO SAO JOAO,-22.9027463000,-43.2684052000,"13/06/2018, 04:30:00",true,true,BOPE,Operação policial,,,false,1,0,0,0,0,0,0,0,0,0,0,0,0,0
15599,"Quintanilha/ Pantanal -Cidade de Deus, Rio de Janeiro - RJ, Brasil",Sudeste,Rio de Janeiro,Rio de Janeiro,CIDADE DE DEUS,,CIDADE DE DEUS,-22.9481688000,-43.3626721000,"13/06/2018, 04:48:00",false,false,,Não identificado,,,false,0,0,0,0,0,0,0,0,0,0,0,0,0,0
15597,"Bateau Mouche - Praça Seca, Rio de Janeiro - RJ, 22733-120, Brasil",Sudeste,Rio de Janeiro,Rio de Janeiro,PRACA SECA,,FAVELA BATEAU MOUCHE,-22.9048084000,-43.3550791000,"13/06/2018, 04:58:00",false,false,,Não identificado,,,false,0,0,0,0,0,0,0,0,0,0,0,0,0,0
15601,"Vidigal, Rio de Janeiro - RJ, Brasil",Sudeste,Rio de Janeiro,Rio de Janeiro,VIDIGAL,,VIDIGAL,-22.9939022000,-43.2358343000,"13/06/2018, 05:51:00",false,false,,Não identificado,,,false,0,0,0,0,0,0,0,0,0,0,0,0,0,0
15602,"Bateau Mouche - Praça Seca, Rio de Janeiro - RJ, Brasil",Sudeste,Rio de Janeiro,Rio de Janeiro,PRACA SECA,,FAVELA BATEAU MOUCHE,-22.8969198000,-43.3516802000,"13/06/2018, 05:54:00",true,true,N�o identificado,Ação policial,,,false,0,0,0,0,0,0,0,0,0,0,0,0,0,0
15603,"Morro (na Torre) - Vila Kennedy - Bangu, Rio de Janeiro - RJ, 21850-007, Brasil",Sudeste,Rio de Janeiro,Rio de Janeiro,VILA KENNEDY,,VILA KENNEDY,-22.8604006000,-43.4884116000,"13/06/2018, 06:50:00",false,false,,Não identificado,,,false,0,0,0,0,0,0,0,0,0,0,0,0,0,0
15612,"Morro Faz Quem Quer - Rocha Miranda, Rio de Janeiro - RJ, Brasil",Sudeste,Rio de Janeiro,Rio de Janeiro,ROCHA MIRANDA,,MORRO DO FAZ QUEM QUER (COMPLEXO DO CAJUEIRO),-22.8520103000,-43.3468065000,"13/06/2018, 10:18:00",false,false,,Não identificado,,,false,0,0,0,0,0,0,0,0,0,0,0,0,0,0
15618,"R. Enora - Acari, Rio de Janeiro - RJ, 21531-315, Brasil",Sudeste,Rio de Janeiro,Rio de Janeiro,ACARI,,FAVELA DE ACARI,-22.8257676000,-43.3389194000,"13/06/2018, 14:41:00",true,true,N�o identificado,Ação policial,,,false,0,0,0,0,0,0,0,0,0,0,0,0,0,0
15622,"Sapo - Vila Kennedy - Bangu, Rio de Janeiro - RJ, 21850-007, Brasil",Sudeste,Rio de Janeiro,Rio de Janeiro,VILA KENNEDY,,VILA KENNEDY,-22.8604006000,-43.4884116000,"13/06/2018, 15:01:00",false,false,,Não identificado,,,false,0,0,0,0,0,0,0,0,0,0,0,0,0,0
15625,"Rua Nova - Acari, Rio de Janeiro - RJ, 21531-640, Brasil",Sudeste,Rio de Janeiro,Rio de Janeiro,ACARI,,FAVELA DE ACARI,-22.8259603000,-43.3404209000,"13/06/2018, 16:15:00",true,true,N�o identificado,Operação policial,,,false,0,1,0,0,0,0,0,0,0,0,0,1,0,0
15632,"Estr. da Fontinha, 318 - Bento Ribeiro, Rio de Janeiro - RJ, 21331-620, Brasil",Sudeste,Rio de Janeiro,Rio de Janeiro,BENTO RIBEIRO,,,-22.8738255000,-43.3602783000,"13/06/2018, 17:00:00",false,false,,Homicidio/Tentativa,,,false,1,0,0,0,0,0,0,0,0,0,0,0,0,0
15626,"Morro do Borel - Tijuca, Rio de Janeiro - RJ, Brasil",Sudeste,Rio de Janeiro,Rio de Janeiro,TIJUCA,,MORRO DO BOREL,-22.9372466000,-43.2573799000,"13/06/2018, 18:14:00",false,false,,Não identificado,,,false,0,0,0,0,0,0,0,0,0,0,0,0,0,0
15627,"Morro da Chacrinha - Praça Seca, Rio de Janeiro - RJ, 22733-040, Brasil",Sudeste,Rio de Janeiro,Rio de Janeiro,PRACA SECA,,FAVELA DA CHACRINHA,-22.9011930000,-43.3624640000,"13/06/2018, 18:25:00",false,false,,Não identificado,,,false,0,0,0,0,0,0,0,0,0,0,0,0,0,0
15629,"Morro do Barbante - Galeão, Rio de Janeiro - RJ, 21941-620, Brasil",Sudeste,Rio de Janeiro,Rio de Janeiro,GALEAO,,MORRO DO BARBANTE (OU VILA JOANIZA),-22.8154404000,-43.2305864000,"13/06/2018, 18:38:00",false,false,,Não identificado,,,false,0,0,0,0,0,0,0,0,0,0,0,0,0,0
15631,"Morro da Formiga - Tijuca, Rio de Janeiro - RJ, 20530-120, Brasil",Sudeste,Rio de Janeiro,Rio de Janeiro,TIJUCA,,MORRO DA FORMIGA,-22.9435434000,-43.2412996000,"13/06/2018, 19:26:00",false,false,,Não identificado,,,false,0,0,0,0,0,0,0,0,0,0,0,0,0,0
15639,"Morro do Pavao - Copacabana, Rio de Janeiro - RJ, 22071-060, Brasil",Sudeste,Rio de Janeiro,Rio de Janeiro,COPACABANA,,MORRO DO PAVAO-PAVAOZINHO,-22.9811111000,-43.1975000000,"14/06/2018, 03:25:00",true,true,N�o identificado,Operação policial,,,false,0,0,0,0,0,0,0,0,0,0,0,0,0,0
15641,"Bateau Mouche - Praça Seca, Rio de Janeiro - RJ, 22733-120, Brasil",Sudeste,Rio de Janeiro,Rio de Janeiro,PRACA SECA,,FAVELA BATEAU MOUCHE,-22.9048084000,-43.3550791000,"14/06/2018, 03:42:00",false,false,,Não identificado,,,false,0,0,0,0,0,0,0,0,0,0,0,0,0,0
15654,"Quintino Bocaiuva, Rio de Janeiro - RJ, Brasil",Sudeste,Rio de Janeiro,Rio de Janeiro,QUINTINO BOCAIUVA,,,-22.8936588000,-43.3217453000,"14/06/2018, 05:00:00",false,true,,Tentativa/Roubo de cargas,,,false,0,0,0,1,0,0,0,0,0,0,0,0,0,0
15647,"Quintanilha - Cidade de Deus, Rio de Janeiro - RJ, Brasil",Sudeste,Rio de Janeiro,Rio de Janeiro,CIDADE DE DEUS,,CIDADE DE DEUS,-22.9481688000,-43.3626721000,"14/06/2018, 05:40:00",false,false,,Não identificado,,,false,0,0,0,0,0,0,0,0,0,0,0,0,0,0
15646,"Morro do São Carlos - Estácio, Rio de Janeiro - RJ, 20250-052, Brasil",Sudeste,Rio de Janeiro,Rio de Janeiro,ESTACIO,,MORRO DO SAO CARLOS (COMPLEXO DO SAO CARLOS),-22.9203526000,-43.2052441000,"14/06/2018, 05:49:00",false,false,,Não identificado,,,false,0,0,0,0,0,0,0,0,0,0,0,0,0,0
15651,"Estr. do Capenha - Pechincha, Rio de Janeiro - RJ, 22743-041, Brasil",Sudeste,Rio de Janeiro,Rio de Janeiro,PECHINCHA,,,-22.9315761000,-43.3483598000,"14/06/2018, 07:11:00",false,false,,Não identificado,,,false,0,0,0,0,0,0,0,0,0,0,0,0,0,0
15657,"R. Maranhão - Meier, Rio de Janeiro - RJ, Brasil",Sudeste,Rio de Janeiro,Rio de Janeiro,MEIER,,BOCA DO MATO (COMPLEXO DO LINS),-22.9098845000,-43.2934633000,"14/06/2018, 13:13:00",false,false,,Não identificado,,,false,0,0,0,0,0,0,0,0,0,0,0,0,0,0
15659,"Morro da Coroa, Catumbi, Rio de Janeiro - RJ, 20251-310, Brasil",Sudeste,Rio de Janeiro,Rio de Janeiro,SANTA TERESA,,MORRO DA COROA,-22.9211926000,-43.1940983000,"14/06/2018, 13:32:00",true,true,N�o identificado,Ação policial,,,false,0,0,0,0,0,0,0,0,0,0,0,0,0,0
15663,"Favela Kelson's - Av. Lobo Júnior, 274 - Penha Circular, Rio de Janeiro - RJ, 21020-125, Brasil",Sudeste,Rio de Janeiro,Rio de Janeiro,PENHA CIRCULAR,,FAVELA DA KELSONS,-22.8225182000,-43.2714115000,"14/06/2018, 14:00:00",false,false,,Não identificado,,,false,0,0,0,0,0,0,0,0,0,0,0,0,0,0
15665,"Morro da Coroa - Catumbi, Rio de Janeiro - RJ, 20251-190, Brasil",Sudeste,Rio de Janeiro,Rio de Janeiro,CATUMBI,,MORRO DA COROA,-22.9233621000,-43.1954031000,"14/06/2018, 14:32:00",true,true,N�o identificado,Operação policial,,,false,0,0,0,1,0,0,0,0,0,0,0,0,0,0
15666,"Morro do Faz Quem Quer - Rocha Miranda, Rio de Janeiro - RJ, 21540-510, Brasil",Sudeste,Rio de Janeiro,Rio de Janeiro,ROCHA MIRANDA,,MORRO DO FAZ QUEM QUER (COMPLEXO DO CAJUEIRO),-22.8545180000,-43.3395900000,"14/06/2018, 15:11:00",false,false,,Não identificado,,,false,0,0,0,0,0,0,0,0,0,0,0,0,0,0
15668,"Vila Vintém - Realengo, Rio de Janeiro - RJ, 21721-280, Brasil",Sudeste,Rio de Janeiro,Rio de Janeiro,PADRE MIGUEL,,VILA VINTEM,-22.8706467000,-43.4395239000,"14/06/2018, 15:48:00",false,false,,Não identificado,,,false,0,0,0,0,0,0,0,0,0,0,0,0,0,0
15670,"R. Cel. Tamarindo, S/N - Padre Miguel, Rio de Janeiro - RJ, 21870-001, Brasil",Sudeste,Rio de Janeiro,Rio de Janeiro,PADRE MIGUEL,,VILA VINTEM,-22.8750840000,-43.4474464000,"14/06/2018, 18:47:00",false,false,,Não identificado,,,false,0,0,0,0,0,0,0,0,0,0,0,0,0,0
15672,"R. Evanildo Alves - Maré, Rio de Janeiro - RJ, Brasil",Sudeste,Rio de Janeiro,Rio de Janeiro,MARE,,NOVA HOLANDA (COMPLEXO DA MARE),-22.8585297000,-43.2423234000,"14/06/2018, 21:02:00",false,false,,Não identificado,,,false,0,0,0,0,0,0,0,0,0,0,0,0,0,0
15683,"Ladeira dos Tabajaras 572 - Copacabana, Rio de Janeiro - RJ, 22031-111, Brasil",Sudeste,Rio de Janeiro,Rio de Janeiro,COPACABANA,,LADEIRA DOS TABAJARAS,-22.9632042000,-43.1904004000,"15/06/2018, 03:27:00",false,false,,Não identificado,,,false,0,0,0,0,0,0,0,0,0,0,0,0,0,0
15686,"Morro do São Carlos - Estácio, Rio de Janeiro - RJ, 20250-170, Brasil",Sudeste,Rio de Janeiro,Rio de Janeiro,ESTACIO,,MORRO DO SAO CARLOS (COMPLEXO DO SAO CARLOS),-22.9197787000,-43.2030663000,"15/06/2018, 03:33:00",false,false,,Não identificado,,,false,0,0,0,0,0,0,0,0,0,0,0,0,0,0
15688,"Morro da Coroa - Catumbi, Rio de Janeiro - RJ, 20251-190, Brasil",Sudeste,Rio de Janeiro,Rio de Janeiro,CATUMBI,,MORRO DA COROA,-22.9232035000,-43.1956407000,"15/06/2018, 04:45:00",true,true,N�o identificado,Operação policial,,,false,1,0,0,0,0,0,0,0,0,0,1,0,0,0
15691,"R. Evanildo Alves - Maré, Rio de Janeiro - RJ, Brasil",Sudeste,Rio de Janeiro,Rio de Janeiro,MARE,,BAIXA DO SAPATEIRO (COMPLEXO DA MARE),-22.8585297000,-43.2423234000,"15/06/2018, 06:30:00",false,false,,Não identificado,,,false,0,0,0,0,0,0,0,0,0,0,0,0,0,0
15694,"Estrada Caribú, 528 - Freguesia (Jacarepaguá), Rio de Janeiro - RJ, 22765-010, Brasil",Sudeste,Rio de Janeiro,Rio de Janeiro,FREGUESIA (JACAREPAGUA),,,-22.9515141000,-43.3449886000,"15/06/2018, 07:11:00",true,true,N�o identificado,Tentativa/Roubo de cargas,,,false,0,1,0,0,0,0,0,0,0,0,0,0,0,0
15695,"Acari, Rio de Janeiro - RJ, Brasil",Sudeste,Rio de Janeiro,Rio de Janeiro,ACARI,,,-22.8255312000,-43.3444600000,"15/06/2018, 07:50:00",true,true,N�o identificado,Operação policial,,Tiros de Helicóptero,false,0,0,0,0,0,0,0,0,0,0,0,0,0,0
15696,"Rampa - Vila Kennedy - Bangu, Rio de Janeiro - RJ, 21850-007, Brasil",Sudeste,Rio de Janeiro,Rio de Janeiro,VILA KENNEDY,,VILA KENNEDY,-22.8604006000,-43.4884116000,"15/06/2018, 08:55:00",false,false,,Não identificado,,,false,0,0,0,0,0,0,0,0,0,0,0,0,0,0
15702,"Pedreira - R. Bem-Feliz - Costa Barros, Rio de Janeiro - RJ, Brasil",Sudeste,Rio de Janeiro,Rio de Janeiro,COSTA BARROS,,MORRO DA PEDREIRA (COMPLEXO DA PEDREIRA),-22.8233351000,-43.3580863000,"15/06/2018, 13:34:00",false,false,,Não identificado,,,false,0,0,0,0,0,0,0,0,0,0,0,0,0,0
15705,"R. Sidonio Pais, 166 - Cascadura, Rio de Janeiro - RJ, 21350-032, Brasil",Sudeste,Rio de Janeiro,Rio de Janeiro,CASCADURA,,,-22.8784400000,-43.3253970000,"15/06/2018, 16:00:00",false,false,,Não identificado,,,false,0,0,0,0,0,0,0,0,0,0,0,0,0,0
15704,"Beira Rio - Vila Kennedy - Bangu, Rio de Janeiro - RJ, 21850-007, Brasil",Sudeste,Rio de Janeiro,Rio de Janeiro,VILA KENNEDY,,VILA KENNEDY,-22.8604006000,-43.4884116000,"15/06/2018, 16:13:00",false,false,,Não identificado,,,false,0,0,0,0,0,0,0,0,0,0,0,0,0,0
15723,"Estr. da Água Branca, Rio de Janeiro - RJ, Brasil",Sudeste,Rio de Janeiro,Rio de Janeiro,BANGU,,MORRO SAO BENTO,-22.8620765000,-43.4609769000,"15/06/2018, 16:20:00",false,true,,Homicidio/Tentativa,,,false,0,0,1,0,0,0,0,0,0,0,0,0,0,0
15706,"Vila Kennedy - Bangu, Rio de Janeiro - RJ, 21850-007, Brasil",Sudeste,Rio de Janeiro,Rio de Janeiro,VILA KENNEDY,,VILA KENNEDY,-22.8604006000,-43.4884116000,"15/06/2018, 16:48:00",false,false,,Não identificado,,,false,0,0,0,0,0,0,0,0,0,0,0,0,0,0
15708,"Batan - Realengo, Rio de Janeiro - RJ, Brasil",Sudeste,Rio de Janeiro,Rio de Janeiro,REALENGO,,BATAN,-22.8613889000,-43.4211111000,"15/06/2018, 17:18:00",false,false,,Não identificado,,,false,0,0,0,0,0,0,0,0,0,0,0,0,0,0
15710,"Morro da Babilonia - Botafogo, Rio de Janeiro - RJ, 22010-011, Brasil",Sudeste,Rio de Janeiro,Rio de Janeiro,LEME,,BABILONIA,-22.9569444000,-43.1700000000,"15/06/2018, 18:13:00",false,false,,Não identificado,,,false,0,0,0,0,0,0,0,0,0,0,0,0,0,0
15711,"Pedra e Metral -Vila Kennedy - Bangu, Rio de Janeiro - RJ, 21850-007, Brasil",Sudeste,Rio de Janeiro,Rio de Janeiro,VILA KENNEDY,,VILA KENNEDY,-22.8604006000,-43.4884116000,"15/06/2018, 18:59:00",false,false,,Não identificado,,,false,0,0,0,0,0,0,0,0,0,0,0,0,0,0
15717,"Vidigal, Rio de Janeiro - RJ, Brasil",Sudeste,Rio de Janeiro,Rio de Janeiro,VIDIGAL,,VIDIGAL,-22.9939022000,-43.2358343000,"15/06/2018, 21:16:00",false,false,,Não identificado,,,false,0,0,0,0,0,0,0,0,0,0,0,0,0,0
15715,"R. Hélio do Amaral, Rio de Janeiro - RJ, Brasil",Sudeste,Rio de Janeiro,Rio de Janeiro,REALENGO,,,-22.8599065000,-43.4467329000,"15/06/2018, 21:19:00",false,false,,Não identificado,,,false,0,0,0,0,0,0,0,0,0,0,0,0,0,0
15726,"Av. Dom Hélder Câmara, Rio de Janeiro - RJ, Brasil",Sudeste,Rio de Janeiro,Rio de Janeiro,CACHAMBI,,,-22.8870729000,-43.2810934000,"16/06/2018, 01:00:00",true,true,N�o identificado,Tentativa/Roubo a banco,,,false,0,0,0,0,0,0,0,0,0,0,0,0,0,0
15720,"Grota - Complexo do Alemão, Rio de Janeiro - RJ, Brasil",Sudeste,Rio de Janeiro,Rio de Janeiro,COMPLEXO DO ALEMAO,,GROTA (COMPLEXO DO ALEMAO),-22.8608162000,-43.2741950000,"16/06/2018, 05:00:00",false,false,,Não identificado,,,false,0,0,0,0,0,0,0,0,0,0,0,0,0,0
15724,"Morro da Coroa e Mineira - Catumbi, Rio de Janeiro - RJ, Brasil",Sudeste,Rio de Janeiro,Rio de Janeiro,CATUMBI,,MORRO DA COROA,-22.9198664000,-43.1977170000,"16/06/2018, 06:10:00",false,false,,Não identificado,,,false,0,0,0,0,0,0,0,0,0,0,0,0,0,0
15727,"Favela da Light - Realengo, Rio de Janeiro - RJ, 21760-240, Brasil",Sudeste,Rio de Janeiro,Rio de Janeiro,REALENGO,,COMUNIDADE DA LIGHT (OU FAVELA DO ALMIRANTE),-22.8917848000,-43.4246696000,"16/06/2018, 06:40:00",false,false,,Não identificado,,,false,0,0,0,0,0,0,0,0,0,0,0,0,0,0
15729,"R. Quatorze, 117 - Maré, Rio de Janeiro - RJ, 21046-575, Brasil",Sudeste,Rio de Janeiro,Rio de Janeiro,MARE,,VILA DO JOAO (COMPLEXO DA MARE),-22.8734183000,-43.2417648000,"16/06/2018, 07:48:00",false,false,,Não identificado,,,false,0,0,0,0,0,0,0,0,0,0,0,0,0,0
15730,"Morro da Coroa - Santa Teresa, Rio de Janeiro - RJ, 20251-190, Brasil",Sudeste,Rio de Janeiro,Rio de Janeiro,SANTA TERESA,,MORRO DA COROA,-22.9225000000,-43.1925000000,"16/06/2018, 11:18:00",false,false,,Não identificado,,,false,0,0,0,0,0,0,0,0,0,0,0,0,0,0
15732,"R. Congo - Bangu, Rio de Janeiro - RJ, Brasil",Sudeste,Rio de Janeiro,Rio de Janeiro,VILA KENNEDY,,VILA KENNEDY,-22.8621466000,-43.4907856000,"16/06/2018, 13:22:00",false,false,,Não identificado,,,false,0,0,0,0,0,0,0,0,0,0,0,0,0,0
15737,"Valão - Rocinha, Rio de Janeiro - RJ, Brasil",Sudeste,Rio de Janeiro,Rio de Janeiro,ROCINHA,,ROCINHA,-22.9896753000,-43.2470377000,"16/06/2018, 18:26:00",true,true,BOPE,Ação policial,,,false,1,0,0,0,0,0,0,0,0,0,0,0,0,0
15742,"Morro do Faz Quem Quer - Rocha Miranda, Rio de Janeiro - RJ, 21540-510, Brasil",Sudeste,Rio de Janeiro,Rio de Janeiro,ROCHA MIRANDA,,MORRO DO FAZ QUEM QUER (COMPLEXO DO CAJUEIRO),-22.8545180000,-43.3395900000,"16/06/2018, 20:51:00",false,false,,Não identificado,,,false,0,0,0,0,0,0,0,0,0,0,0,0,0,0
15743,"R. São Canuto, 368 - Irajá, Rio de Janeiro - RJ, 21361-410, Brasil",Sudeste,Rio de Janeiro,Rio de Janeiro,IRAJA,,,-22.8513930000,-43.3319470000,"17/06/2018, 02:58:00",false,false,,Não identificado,,,false,0,0,0,0,0,0,0,0,0,0,0,0,0,0
15745,"R. Saçu - Quintino Bocaiuva, Rio de Janeiro - RJ, 20740-480, Brasil",Sudeste,Rio de Janeiro,Rio de Janeiro,QUINTINO BOCAIUVA,,MORRO DO SACU (COMPLEXO DO 18),-22.8960059000,-43.3212701000,"17/06/2018, 03:00:00",false,false,,Não identificado,,,false,0,0,0,0,0,0,0,0,0,0,0,0,0,0
15744,"Estr. Mal. Alencastro, 8710 - Deodoro, Rio de Janeiro - RJ, 21615-320, Brasil",Sudeste,Rio de Janeiro,Rio de Janeiro,DEODORO,,CONJUNTO PRO MORAR I,-22.8538215000,-43.3905993000,"17/06/2018, 03:30:00",false,false,,Não identificado,,,false,0,0,0,0,0,0,0,0,0,0,0,0,0,0
15746,"Vila Progresso, Vila Kennedy, Rio de Janeiro - RJ, 21852-415, Brasil",Sudeste,Rio de Janeiro,Rio de Janeiro,VILA KENNEDY,,VILA KENNEDY,-22.8610123000,-43.4954914000,"17/06/2018, 05:39:00",false,false,,Não identificado,,,false,0,0,0,0,0,0,0,0,0,0,0,0,0,0
15797,"Rod. Pres. Dutra, Jardim America, Rio de Janeiro - RJ, Brasil",Sudeste,Rio de Janeiro,Rio de Janeiro,JARDIM AMERICA,,,-22.8158203000,-43.3247783000,"17/06/2018, 09:00:00",true,true,N�o identificado,Tentativa/Roubo,,Perseguição,false,0,0,0,0,0,0,0,0,0,0,0,0,0,0
15752,"Estr. do Quafa - Santíssimo, Rio de Janeiro - RJ, 23094-030, Brasil",Sudeste,Rio de Janeiro,Rio de Janeiro,BANGU,,COQUEIRO LESTE (COMPLEXO DA COREIA DE SENADOR CAMARA),-22.8631573000,-43.5086109000,"17/06/2018, 09:45:00",false,false,,Não identificado,,,false,0,0,0,0,0,0,0,0,0,0,0,0,0,0
15755,"Sapo - Vila Kennedy - Bangu, Rio de Janeiro - RJ, 21850-007, Brasil",Sudeste,Rio de Janeiro,Rio de Janeiro,VILA KENNEDY,,VILA KENNEDY,-22.8604006000,-43.4884116000,"17/06/2018, 16:28:00",false,false,,Não identificado,,,false,0,0,0,0,0,0,0,0,0,0,0,0,0,0
15759,"Mariópolis - Anchieta, Rio de Janeiro - RJ, Brasil",Sudeste,Rio de Janeiro,Rio de Janeiro,ANCHIETA,,MARIOPOLIS,-22.8238795000,-43.3981236000,"17/06/2018, 18:35:00",false,false,,Não identificado,,,false,0,0,0,0,0,0,0,0,0,0,0,0,0,0
15777,"R. Honorina Gertrudes, 25 - Paciência, Rio de Janeiro - RJ, 23065-620, Brasil",Sudeste,Rio de Janeiro,Rio de Janeiro,PACIENCIA,,CONJUNTO MANGUARIBA,-22.8716243000,-43.6282807000,"17/06/2018, 19:30:00",false,false,,Não identificado,,,false,0,0,0,0,0,0,0,0,0,0,0,0,0,0
15761,"R. Dias da Cruz, Rio de Janeiro - RJ, Brasil",Sudeste,Rio de Janeiro,Rio de Janeiro,MEIER,,,-22.9046406000,-43.2883459000,"17/06/2018, 19:30:00",false,false,,Não identificado,,,false,0,0,0,0,0,0,0,0,0,0,0,0,0,0
15765,"R. Álvaro Ramos - Jacarepagua, Rio de Janeiro - RJ, Brasil",Sudeste,Rio de Janeiro,Rio de Janeiro,JACAREPAGUA,,COLONIA JULIANO MOREIRA,-22.9406740000,-43.3940002000,"17/06/2018, 21:12:00",false,false,,Não identificado,,,false,0,0,0,0,0,0,0,0,0,0,0,0,0,0
15766,"Lins de Vasconcelos, Rio de Janeiro - RJ, Brasil",Sudeste,Rio de Janeiro,Rio de Janeiro,LINS DE VASCONCELOS,,,-22.9128703000,-43.2845545000,"17/06/2018, 21:57:00",false,false,,Não identificado,,,false,0,0,0,0,0,0,0,0,0,0,0,0,0,0
15767,"Morro do Borel - Andarai, Rio de Janeiro - RJ, 20530-003, Brasil",Sudeste,Rio de Janeiro,Rio de Janeiro,TIJUCA,,MORRO DO BOREL,-22.9383333000,-43.2594444000,"17/06/2018, 23:07:00",false,false,,Não identificado,,,false,0,0,0,0,0,0,0,0,0,0,0,0,0,0
15774,"Rua Nova - Acari, Rio de Janeiro - RJ, 21531-640, Brasil",Sudeste,Rio de Janeiro,Rio de Janeiro,ACARI,,FAVELA DE ACARI,-22.8259603000,-43.3404209000,"18/06/2018, 08:18:00",true,true,N�o identificado,Ação policial,,,false,0,0,0,0,0,0,0,0,0,0,0,0,0,0
15778,"Morro do Borel - Andarai, Rio de Janeiro - RJ, 20530-003, Brasil",Sudeste,Rio de Janeiro,Rio de Janeiro,TIJUCA,,MORRO DO BOREL,-22.9383333000,-43.2594444000,"18/06/2018, 11:54:00",false,false,,Não identificado,,,false,0,0,0,0,0,0,0,0,0,0,0,0,0,0
15782,"Morro do Engenho da Rainha - Engenho da Rainha, Rio de Janeiro - RJ, 20761-070, Brasil",Sudeste,Rio de Janeiro,Rio de Janeiro,ENGENHO DA RAINHA,,MORRO DO ENGENHO DA RAINHA,-22.8722222000,-43.2913889000,"18/06/2018, 16:00:00",false,false,,Não identificado,,,false,0,0,0,0,0,0,0,0,0,0,0,0,0,0
15785,"R. Vila Nova Ac Comendador Guerra, 20 - Pavuna, Rio de Janeiro - RJ, 21520-211, Brasil",Sudeste,Rio de Janeiro,Rio de Janeiro,PAVUNA,,FAVELA VILA PRIVILEGIO,-22.8137790000,-43.3705969000,"18/06/2018, 17:30:00",false,false,,Não identificado,,,false,0,0,0,0,0,0,0,0,0,0,0,0,0,0
15786,"Av. Pastor Martin Luther King Junior - Inhauma, Rio de Janeiro - RJ, 20765-630, Brasil",Sudeste,Rio de Janeiro,Rio de Janeiro,INHAUMA,,,-22.8749631000,-43.2820215000,"18/06/2018, 17:30:00",false,false,,Não identificado,,,false,0,0,0,0,0,0,0,0,0,0,0,0,0,0
15790,"Favela da Quitanda - Pavuna, Rio de Janeiro - RJ, Brasil",Sudeste,Rio de Janeiro,Rio de Janeiro,PAVUNA,,MORRO DA QUITANDA (COMPLEXO DA PEDREIRA),-22.8188790000,-43.3662685000,"18/06/2018, 18:00:00",true,true,PM,Operação policial,,,false,1,0,0,0,0,0,0,0,0,0,0,0,0,0
15792,"Malvinas, Vila Kennedy - Rio de Janeiro - RJ, 21850-260, Brasil",Sudeste,Rio de Janeiro,Rio de Janeiro,VILA KENNEDY,,VILA KENNEDY,-22.8623303000,-43.4867953000,"18/06/2018, 18:59:00",true,true,N�o identificado,Ação policial,,,false,0,0,0,0,0,0,0,0,0,0,0,0,0,0
15794,"Rua Congo, Vila Kennedy - Rio de Janeiro - RJ, 21852-580, Brasil",Sudeste,Rio de Janeiro,Rio de Janeiro,VILA KENNEDY,,VILA KENNEDY,-22.8619405000,-43.4898594000,"18/06/2018, 20:03:00",false,false,,Não identificado,,,false,0,0,0,0,0,0,0,0,0,0,0,0,0,0
15898,"Higienópolis, Rio de Janeiro - RJ, Brasil",Sudeste,Rio de Janeiro,Rio de Janeiro,HIGIENOPOLIS,,,-22.8731603000,-43.2628504000,"18/06/2018, 21:00:00",true,true,N�o identificado,Ação policial,,,false,0,1,0,0,0,0,0,0,0,0,0,0,0,0
15801,"Rodo - Santa Cruz, Rio de Janeiro - RJ, Brasil",Sudeste,Rio de Janeiro,Rio de Janeiro,SANTA CRUZ,,COMPLEXO DO RODO,-22.9196515000,-43.6843877000,"18/06/2018, 22:05:00",false,false,,Não identificado,,,false,0,0,0,0,0,0,0,0,0,0,0,0,0,0
15803,"Engenho Novo, Rio de Janeiro - RJ, 20950-370, Brasil",Sudeste,Rio de Janeiro,Rio de Janeiro,ENGENHO NOVO,,,-22.9078627000,-43.2659281000,"18/06/2018, 23:58:00",false,false,,Não identificado,,,false,0,0,0,0,0,0,0,0,0,0,0,0,0,0
15811,"Morro Dona Marta - Laranjeiras, Rio de Janeiro - RJ, Brasil",Sudeste,Rio de Janeiro,Rio de Janeiro,BOTAFOGO,,SANTA MARTA,-22.9444444000,-43.1963889000,"19/06/2018, 04:15:00",true,true,N�o identificado,Operação policial,,,false,0,0,0,0,0,0,0,0,0,0,0,0,0,0
15805,"R. Silvio Costa, Rio de Janeiro - RJ, Brasil",Sudeste,Rio de Janeiro,Rio de Janeiro,ANCHIETA,,CONJUNTO SANTA EDWIGES,-22.8313065000,-43.3929376000,"19/06/2018, 04:20:00",false,false,,Não identificado,,,false,0,0,0,0,0,0,0,0,0,0,0,0,0,0
15806,"Serrinha - Av. Min. Edgard Romero, Rio de Janeiro - RJ, Brasil",Sudeste,Rio de Janeiro,Rio de Janeiro,MADUREIRA,,MORRO DA SERRINHA (COMPLEXO DA SERRINHA),-22.8664982000,-43.3344939000,"19/06/2018, 04:25:00",true,true,N�o identificado,Operação policial,,,false,0,0,0,0,0,0,0,0,0,0,0,0,0,0
15816,"Serrinha - Av. Min. Edgard Romero, Rio de Janeiro - RJ, Brasil",Sudeste,Rio de Janeiro,Rio de Janeiro,MADUREIRA,,MORRO DA SERRINHA (COMPLEXO DA SERRINHA),-22.8664982000,-43.3344939000,"19/06/2018, 05:58:00",true,true,N�o identificado,Ação policial,,,false,0,0,0,0,0,0,0,0,0,0,0,0,0,0
15813,"VILA ALIANÇA, Rio de Janeiro - RJ, 21842-360, Brasil",Sudeste,Rio de Janeiro,Rio de Janeiro,BANGU,,VILA ALIANCA,-22.8705360000,-43.4797640000,"19/06/2018, 06:25:00",true,true,N�o identificado,Operação policial,,,false,0,0,0,0,0,0,0,0,0,0,0,0,0,0
15815,"Jacaré, Rio de Janeiro - RJ, Brasil",Sudeste,Rio de Janeiro,Rio de Janeiro,JACARE,,,-22.8923272000,-43.2581953000,"19/06/2018, 06:38:00",true,true,N�o identificado,Tentativa/Roubo de cargas,,,false,0,0,0,0,0,0,0,0,0,0,0,0,0,0
15817,"Morro dos Macacos - Vila Isabel, Rio de Janeiro - RJ, Brasil",Sudeste,Rio de Janeiro,Rio de Janeiro,VILA ISABEL,,MORRO DOS MACACOS,-22.9167328000,-43.2508337000,"19/06/2018, 06:45:00",true,true,N�o identificado,Tentativa/Roubo de cargas,,,false,0,0,0,0,0,0,0,0,0,0,0,0,0,0
15819,"Rua Alzira Vargas, 09 - São Cristóvão, Rio de Janeiro - RJ, 41280-300, Brasil",Sudeste,Rio de Janeiro,Rio de Janeiro,SAO CRISTOVAO,,BARREIRA DO VASCO,-22.8895551000,-43.2292133000,"19/06/2018, 07:04:00",true,true,BPChq,Ação policial,,,false,0,0,0,0,0,0,0,0,0,0,0,0,0,0
15821,"Bairro Carioca - Rocha, Rio de Janeiro - RJ, 20950-085, Brasil",Sudeste,Rio de Janeiro,Rio de Janeiro,ROCHA,TRIAGEM,BAIRRO CARIOCA (TRIAGEM),-22.8966688000,-43.2450540000,"19/06/2018, 07:45:00",false,false,,Não identificado,,,false,0,0,0,0,0,0,0,0,0,0,0,0,0,0
15822,"Rocinha, Rio de Janeiro - RJ, 22451-264, Brasil",Sudeste,Rio de Janeiro,Rio de Janeiro,ROCINHA,,ROCINHA,-22.9888345000,-43.2536134000,"19/06/2018, 08:07:00",true,true,N�o identificado,Ação policial,,,false,0,0,0,0,0,0,0,0,0,0,0,0,0,0
15823,"R. 25 de Dezembro - Vidigal, Rio de Janeiro - RJ, Brasil",Sudeste,Rio de Janeiro,Rio de Janeiro,VIDIGAL,,VIDIGAL,-22.9950971000,-43.2412636000,"19/06/2018, 08:45:00",false,false,,Não identificado,,,false,0,0,0,0,0,0,0,0,0,0,0,0,0,0
15829,"Rua Silvio Costa - Ricardo de Albuquerque, Rio de Janeiro - RJ, 21645-570, Brasil",Sudeste,Rio de Janeiro,Rio de Janeiro,RICARDO DE ALBUQUERQUE,,CONJUNTO SANTA EDWIGES,-22.8326480000,-43.3928320000,"19/06/2018, 12:52:00",false,false,,Não identificado,,,false,0,0,0,0,0,0,0,0,0,0,0,0,0,0
15833,"Morro da Coroa - Santa Teresa, Rio de Janeiro - RJ, 20251-190, Brasil",Sudeste,Rio de Janeiro,Rio de Janeiro,SANTA TERESA,,MORRO DA COROA,-22.9225000000,-43.1925000000,"19/06/2018, 13:26:00",true,true,N�o identificado,Ação policial,,,false,0,0,0,0,0,0,0,0,0,0,0,0,0,0
15836,"Morro da Coroa - Catumbi, Rio de Janeiro - RJ, 20251-190, Brasil",Sudeste,Rio de Janeiro,Rio de Janeiro,CATUMBI,,MORRO DA COROA,-22.9244375000,-43.1947079000,"19/06/2018, 14:32:00",true,true,N�o identificado,Ação policial,,,false,0,0,0,0,0,0,0,0,0,0,0,0,0,0
15838,"Acari, Rio de Janeiro - RJ, Brasil",Sudeste,Rio de Janeiro,Rio de Janeiro,ACARI,,,-22.8255312000,-43.3444600000,"19/06/2018, 14:51:00",true,true,N�o identificado,Ação policial,,,false,0,0,0,0,0,0,0,0,0,0,0,0,0,0
15840,"Tv. Santa Anastácia - Bangu, Rio de Janeiro - RJ, Brasil",Sudeste,Rio de Janeiro,Rio de Janeiro,VILA KENNEDY,,VILA KENNEDY,-22.8535146000,-43.4967726000,"19/06/2018, 18:01:00",false,false,,Não identificado,,,false,0,0,0,0,0,0,0,0,0,0,0,0,0,0
15843,"Pedreira - R. Monte Central - Pavuna, Rio de Janeiro - RJ, Brasil",Sudeste,Rio de Janeiro,Rio de Janeiro,PAVUNA,,MORRO DA PEDREIRA (COMPLEXO DA PEDREIRA),-22.8219331000,-43.3569446000,"19/06/2018, 19:17:00",false,false,,Não identificado,,,false,0,0,0,0,0,0,0,0,0,0,0,0,0,0
15845,"R. Marina - Bento Ribeiro, Rio de Janeiro - RJ, Brasil",Sudeste,Rio de Janeiro,Rio de Janeiro,BENTO RIBEIRO,,,-22.8712778000,-43.3678443000,"19/06/2018, 20:16:00",false,false,,Não identificado,,,false,0,0,0,0,0,0,0,0,0,0,0,0,0,0
15846,"Barrão - Vila Kennedy - Bangu, Rio de Janeiro - RJ, 21850-007, Brasil",Sudeste,Rio de Janeiro,Rio de Janeiro,VILA KENNEDY,,VILA KENNEDY,-22.8604006000,-43.4884116000,"19/06/2018, 20:50:00",false,false,,Não identificado,,,false,0,0,0,0,0,0,0,0,0,0,0,0,0,0
15874,"R. José Moreira Pequeno - Maré, Rio de Janeiro - RJ, 21041-610, Brasil",Sudeste,Rio de Janeiro,Rio de Janeiro,MARE,,CONJUNTO ESPERANCA (COMPLEXO DA MARE),-22.8766619000,-43.2374917000,"19/06/2018, 21:58:00",false,false,,Não identificado,,,false,0,0,0,0,0,0,0,0,0,0,0,0,0,0
15878,"Rua do Cajá - Penha, Rio de Janeiro - RJ, Brasil",Sudeste,Rio de Janeiro,Rio de Janeiro,PENHA,,COMPLEXO DA PENHA,-22.8446009000,-43.2879609000,"20/06/2018, 00:10:00",false,false,,Não identificado,,,false,0,0,0,0,0,0,0,0,0,0,0,0,0,0
15851,"PPG Pavão Pavãozinho e Cantagalo - Copacabana, Rio de Janeiro - RJ, 22071-060, Brasil",Sudeste,Rio de Janeiro,Rio de Janeiro,COPACABANA,,MORRO DO PAVAO-PAVAOZINHO,-22.9806841000,-43.1947386000,"20/06/2018, 03:38:00",true,true,PM,Operação policial,,Tiroteio contínuo,false,1,4,0,0,0,0,0,0,0,0,0,0,0,0
15863,"Pavão Pavãozinho e Cantagalo - Copacabana, Rio de Janeiro - RJ, 22071-060, Brasil",Sudeste,Rio de Janeiro,Rio de Janeiro,COPACABANA,,MORRO DO PAVAO-PAVAOZINHO,-22.9806841000,-43.1947386000,"20/06/2018, 04:43:00",false,false,,Não identificado,,,false,0,0,0,0,0,0,0,0,0,0,0,0,0,0
15865,Pavão Pavãozinho,Sudeste,Rio de Janeiro,Rio de Janeiro,COPACABANA,,MORRO DO PAVAO-PAVAOZINHO,-22.9697777000,-43.1868592000,"20/06/2018, 06:03:00",true,true,N�o identificado,Ação policial,,,false,0,0,0,0,0,0,0,0,0,0,0,0,0,0
15867,"Bairro Carioca - Rocha - Benfica, Rio de Janeiro - RJ, 20911-180, Brasil",Sudeste,Rio de Janeiro,Rio de Janeiro,ROCHA,TRIAGEM,BAIRRO CARIOCA (TRIAGEM),-22.8968806000,-43.2444918000,"20/06/2018, 06:12:00",false,false,,Não identificado,,,false,0,0,0,0,0,0,0,0,0,0,0,0,0,0
15868,"Vidigal, Rio de Janeiro - RJ, Brasil",Sudeste,Rio de Janeiro,Rio de Janeiro,VIDIGAL,,VIDIGAL,-22.9939022000,-43.2358343000,"20/06/2018, 06:25:00",false,false,,Não identificado,,,false,0,0,0,0,0,0,0,0,0,0,0,0,0,0
15869,"Catumbi, Rio de Janeiro - RJ, Brasil",Sudeste,Rio de Janeiro,Rio de Janeiro,CATUMBI,,,-22.9198664000,-43.1977170000,"20/06/2018, 06:30:00",false,false,,Não identificado,,,false,0,0,0,0,0,0,0,0,0,0,0,0,0,0
15870,"Vila Pinheiro - Maré, Rio de Janeiro - RJ, 21046-045, Brasil",Sudeste,Rio de Janeiro,Rio de Janeiro,MARE,,VILA DO PINHEIRO (COMPLEXO DA MARE),-22.8669853000,-43.2381450000,"20/06/2018, 06:44:00",true,true,"Dcod, DRFA, DRFC, Core, Saer, 27ª DP, 39ª DP e 55ª DP",Operação policial,,"Outros,Tiros de Helicóptero",true,7,0,0,0,0,0,0,0,0,0,1,0,0,0
15888,"Rua Conde de Bonfim, 412 - Tijuca, Rio de Janeiro - RJ, 20520-053, Brasil",Sudeste,Rio de Janeiro,Rio de Janeiro,TIJUCA,,,-22.9250712000,-43.2344472000,"20/06/2018, 16:00:00",true,true,N�o identificado,Tentativa/Roubo,,,false,0,0,0,0,0,0,0,0,0,0,0,0,0,0
15883,"Favela Pica Pau - Cordovil, Rio de Janeiro - RJ, 21012-040, Brasil",Sudeste,Rio de Janeiro,Rio de Janeiro,CORDOVIL,,FAVELA DO PICA PAU (COMPLEXO DE ISRAEL),-22.8195178000,-43.2892148000,"20/06/2018, 16:52:00",false,false,,Não identificado,,,false,0,0,0,0,0,0,0,0,0,0,0,0,0,0
15886,"Favela das Cinco Bocas, Rio de Janeiro - RJ, 21863-590, Brasil",Sudeste,Rio de Janeiro,Rio de Janeiro,BRAS DE PINA,,FAVELA 5 BOCAS (COMPLEXO DE ISRAEL),-22.8205591000,-43.2850296000,"20/06/2018, 18:10:00",false,false,,Não identificado,,,false,0,0,0,0,0,0,0,0,0,0,0,0,0,0
15887,"R. Ponto Chique - Cordovil, Rio de Janeiro - RJ, Brasil",Sudeste,Rio de Janeiro,Rio de Janeiro,CORDOVIL,,CIDADE ALTA (COMPLEXO DE ISRAEL),-22.8192660000,-43.2924951000,"20/06/2018, 18:28:00",false,false,,Não identificado,,,false,0,0,0,0,0,0,0,0,0,0,0,0,0,0
15897,"Vila Vintém - Padre Miguel, Rio de Janeiro - RJ, 21721-021, Brasil",Sudeste,Rio de Janeiro,Rio de Janeiro,PADRE MIGUEL,,VILA VINTEM,-22.8709633000,-43.4426703000,"20/06/2018, 19:00:00",false,false,,Ataque a civis,,Ataques armados sobre rodas,false,1,2,0,0,0,0,0,0,0,0,1,1,0,0
15889,"Manguinhos, Rio de Janeiro - RJ, Brasil",Sudeste,Rio de Janeiro,Rio de Janeiro,MANGUINHOS,,MANGUINHOS (COMPLEXO DE MANGUINHOS),-22.8830377000,-43.2457507000,"20/06/2018, 20:03:00",false,false,,Não identificado,,,false,0,0,0,0,0,0,0,0,0,0,0,0,0,0
15892,"Jardim Palmares - Paciência, Rio de Janeiro - RJ, Brasil",Sudeste,Rio de Janeiro,Rio de Janeiro,PACIENCIA,,JARDIM PALMARES,-22.8890268000,-43.6361570000,"20/06/2018, 21:01:00",false,false,,Não identificado,,,false,0,0,0,0,0,0,0,0,0,0,0,0,0,0
15891,"Vila Pinheiro - Maré, Rio de Janeiro - RJ, Brasil",Sudeste,Rio de Janeiro,Rio de Janeiro,MARE,,VILA DO PINHEIRO (COMPLEXO DA MARE),-22.8674795000,-43.2360836000,"20/06/2018, 21:03:00",false,false,,Não identificado,,,false,0,0,0,0,0,0,0,0,0,0,0,0,0,0
15893,"Vila do Pinheiro e Vila do João - Maré, Rio de Janeiro - RJ, Brasil",Sudeste,Rio de Janeiro,Rio de Janeiro,MARE,,VILA DO JOAO (COMPLEXO DA MARE),-22.8431294000,-43.2512891000,"20/06/2018, 23:52:00",true,true,BOPE,Ação policial,,,false,0,0,0,0,0,0,0,0,0,0,0,0,0,0
15894,"R. Morais Pinheiro, Rio de Janeiro - RJ, Brasil",Sudeste,Rio de Janeiro,Rio de Janeiro,RICARDO DE ALBUQUERQUE,,MORRO DA MADAMA (COMPLEXO DO CHAPADAO),-22.8322403000,-43.3904486000,"21/06/2018, 02:19:00",true,true,N�o identificado,Ação policial,,,false,0,0,0,0,0,0,0,0,0,0,0,0,0,0
15895,"Vidigal, Rio de Janeiro - RJ, Brasil",Sudeste,Rio de Janeiro,Rio de Janeiro,VIDIGAL,,VIDIGAL,-22.9939022000,-43.2358343000,"21/06/2018, 03:38:00",true,true,N�o identificado,Operação policial,,,false,0,0,0,0,0,0,0,0,0,0,0,0,0,0
15896,"Vidigal, Rio de Janeiro - RJ, Brasil",Sudeste,Rio de Janeiro,Rio de Janeiro,VIDIGAL,,VIDIGAL,-22.9939022000,-43.2358343000,"21/06/2018, 05:02:00",true,true,N�o identificado,Ação policial,,,false,0,0,0,0,0,0,0,0,0,0,0,0,0,0
15953,"Rua Cabo Basílio Júnior, 445 - Paciência, Rio de Janeiro - RJ, 23066-130, Brasil",Sudeste,Rio de Janeiro,Rio de Janeiro,PACIENCIA,,JARDIM PALMARES,-22.8845330000,-43.6366860000,"21/06/2018, 09:01:00",false,false,,Não identificado,,,false,0,0,0,0,0,0,0,0,0,0,0,0,0,0
15904,"Complexo do Rodo - Santa Cruz, Rio de Janeiro - RJ, Brasil",Sudeste,Rio de Janeiro,Rio de Janeiro,SANTA CRUZ,,COMPLEXO DO RODO,-22.9248917000,-43.6679172000,"21/06/2018, 10:40:00",false,false,,Não identificado,,,false,0,0,0,0,0,0,0,0,0,0,0,0,0,0
15905,"Morro do Adeus - Complexo do Alemão, Rio de Janeiro - RJ, Brasil",Sudeste,Rio de Janeiro,Rio de Janeiro,COMPLEXO DO ALEMAO,,MORRO DO ADEUS (COMPLEXO DO ALEMAO),-22.8649861000,-43.2618042000,"21/06/2018, 12:47:00",false,false,,Não identificado,,,false,0,0,0,0,0,0,0,0,0,0,0,0,0,0
15909,"Morro da Mineira - Catumbi, Rio de Janeiro - RJ, 20211-320, Brasil",Sudeste,Rio de Janeiro,Rio de Janeiro,ESTACIO,,MORRO DA MINEIRA (COMPLEXO DO SAO CARLOS),-22.9183006000,-43.2000983000,"21/06/2018, 13:57:00",false,false,,Não identificado,,,false,0,0,0,0,0,0,0,0,0,0,0,0,0,0
15907,"R. Iguaçu - Eng. Leal, Rio de Janeiro - RJ, Brasil",Sudeste,Rio de Janeiro,Rio de Janeiro,ENGENHEIRO LEAL,,MORRO DA PATOLINHA (COMPLEXO DA SERRINHA),-22.8748989000,-43.3279521000,"21/06/2018, 13:59:00",false,false,,Não identificado,,,false,0,0,0,0,0,0,0,0,0,0,0,0,0,0
15908,"Estrada Manoel Nogueira de Sá, S/N - Realengo, Rio de Janeiro - RJ, 21745-290, Brasil",Sudeste,Rio de Janeiro,Rio de Janeiro,REALENGO,,COMUNIDADE COSME E DAMIAO,-22.8925363000,-43.4175744000,"21/06/2018, 14:04:00",false,false,,Não identificado,,,false,0,0,0,0,0,0,0,0,0,0,0,0,0,0
15910,"Conjunto Manguariba - Paciência, Rio de Janeiro - RJ, Brasil",Sudeste,Rio de Janeiro,Rio de Janeiro,PACIENCIA,,CONJUNTO MANGUARIBA,-22.8714971000,-43.6304306000,"21/06/2018, 14:33:00",false,false,,Não identificado,,,false,0,0,0,0,0,0,0,0,0,0,0,0,0,0
15911,"Rocha Miranda, Rio de Janeiro - RJ, Brasil",Sudeste,Rio de Janeiro,Rio de Janeiro,ROCHA MIRANDA,,,-22.8520103000,-43.3468065000,"21/06/2018, 15:06:00",false,false,,Não identificado,,,false,0,0,0,0,0,0,0,0,0,0,0,0,0,0
15913,"R. Caxambú - Irajá, Rio de Janeiro - RJ, Brasil",Sudeste,Rio de Janeiro,Rio de Janeiro,IRAJA,,MORRO DO FAZ QUEM QUER (COMPLEXO DO CAJUEIRO),-22.8517391000,-43.3356911000,"21/06/2018, 15:59:00",false,false,,Não identificado,,,false,0,0,0,0,0,0,0,0,0,0,0,0,0,0
15914,"Morro do Sete Sete - Beco da Pedra - Realengo, Rio de Janeiro - RJ, Brasil",Sudeste,Rio de Janeiro,Rio de Janeiro,REALENGO,,MORRO DO SETE SETE,-22.8902529000,-43.4529337000,"21/06/2018, 16:46:00",false,false,,Não identificado,,,false,0,0,0,0,0,0,0,0,0,0,0,0,0,0
15915,"R. Bernardo, 132 - Engenho de Dentro, Rio de Janeiro - RJ, 20745-270, Brasil",Sudeste,Rio de Janeiro,Rio de Janeiro,ENGENHO DE DENTRO,,,-22.9029719000,-43.3033620000,"21/06/2018, 17:10:00",false,false,,Não identificado,,,false,0,0,0,0,0,0,0,0,0,0,0,0,0,0
15920,"R. Congo - Bangu, Rio de Janeiro - RJ, Brasil",Sudeste,Rio de Janeiro,Rio de Janeiro,VILA KENNEDY,,VILA KENNEDY,-22.8621466000,-43.4907856000,"21/06/2018, 17:58:00",false,false,,Não identificado,,,false,0,0,0,0,0,0,0,0,0,0,0,0,0,0
15921,"R. Congo - Bangu, Rio de Janeiro - RJ, Brasil",Sudeste,Rio de Janeiro,Rio de Janeiro,VILA KENNEDY,,VILA KENNEDY,-22.8621466000,-43.4907856000,"21/06/2018, 19:00:00",false,false,,Não identificado,,,false,0,0,0,0,0,0,0,0,0,0,0,0,0,0
15922,"Av. Dom Hélder Câmara, Rio de Janeiro - RJ, Brasil",Sudeste,Rio de Janeiro,Rio de Janeiro,CACHAMBI,,,-22.8867460000,-43.2803352000,"21/06/2018, 19:15:00",false,false,,Não identificado,,,false,0,0,0,0,0,0,0,0,0,0,0,0,0,0
15924,"Estr. do Tindiba, Rio de Janeiro - RJ, Brasil",Sudeste,Rio de Janeiro,Rio de Janeiro,TAQUARA,,,-22.9275426000,-43.3614956000,"22/06/2018, 02:05:00",false,false,,Não identificado,,,false,0,0,0,0,0,0,0,0,0,0,0,0,0,0
15928,"R. Assaí - Cavalcanti, Rio de Janeiro - RJ, Brasil",Sudeste,Rio de Janeiro,Rio de Janeiro,CAVALCANTI,,MORRO DA PRIMAVERA,-22.8673156000,-43.3181257000,"22/06/2018, 05:20:00",true,true,N�o identificado,Ação policial,,,false,0,0,0,0,0,0,0,0,0,0,0,0,0,0
15930,"R. Arquias Cordeiro, Todos os Santos, Rio de Janeiro - RJ, 20735-040, Brasil",Sudeste,Rio de Janeiro,Rio de Janeiro,TODOS OS SANTOS,,,-22.8973314000,-43.2833337000,"22/06/2018, 05:30:00",false,false,,Não identificado,,,false,0,0,0,0,0,0,0,0,0,0,0,0,0,0
15929,"Jardim America, Rio de Janeiro - RJ, Brasil",Sudeste,Rio de Janeiro,Rio de Janeiro,JARDIM AMERICA,,,-22.8114870000,-43.3207177000,"22/06/2018, 05:37:00",false,false,,Não identificado,,,false,0,0,0,0,0,0,0,0,0,0,0,0,0,0
15932,"Rua Valerio - Cascadura, Rio de Janeiro - RJ, Brasil",Sudeste,Rio de Janeiro,Rio de Janeiro,CASCADURA,,,-22.8783648000,-43.3175939000,"22/06/2018, 05:53:00",false,false,,Não identificado,,,false,0,0,0,0,0,0,0,0,0,0,0,0,0,0
15937,"R. Cardoso Quintão, Rio de Janeiro - RJ, Brasil",Sudeste,Rio de Janeiro,Rio de Janeiro,TOMAS COELHO,,,-22.8738205000,-43.3084994000,"22/06/2018, 06:20:00",false,false,,Homicidio/Tentativa,,,false,2,0,0,0,0,0,0,0,0,0,0,0,0,0
15940,"R. Cardoso Quintão, Rio de Janeiro - RJ, Brasil",Sudeste,Rio de Janeiro,Rio de Janeiro,TOMAS COELHO,,,-22.8738205000,-43.3084994000,"22/06/2018, 06:30:00",false,false,,Tentativa/Roubo,,,false,0,1,0,0,0,0,0,0,0,0,0,0,0,0
15939,"Barrão - Vila Kennedy - Bangu, Rio de Janeiro - RJ, 21850-007, Brasil",Sudeste,Rio de Janeiro,Rio de Janeiro,VILA KENNEDY,,VILA KENNEDY,-22.8604006000,-43.4884116000,"22/06/2018, 13:03:00",false,false,,Não identificado,,,false,0,0,0,0,0,0,0,0,0,0,0,0,0,0
15945,"Malvinas - Vila Kennedy - Bangu, Rio de Janeiro - RJ, 21850-007, Brasil",Sudeste,Rio de Janeiro,Rio de Janeiro,VILA KENNEDY,,VILA KENNEDY,-22.8604006000,-43.4884116000,"22/06/2018, 15:45:00",false,false,,Não identificado,,,false,0,0,0,0,0,0,0,0,0,0,0,0,0,0
15949,"Vila Kennedy - Bangu, Rio de Janeiro - RJ, 21850-020, Brasil",Sudeste,Rio de Janeiro,Rio de Janeiro,VILA KENNEDY,,VILA KENNEDY,-22.8604006000,-43.4884116000,"22/06/2018, 17:12:00",false,false,,Não identificado,,,false,0,0,0,0,0,0,0,0,0,0,0,0,0,0
15948,"Rua tejo esquina com Urucuia - Vila Valqueire, Rio de Janeiro - RJ, 21321-310, Brasil",Sudeste,Rio de Janeiro,Rio de Janeiro,VILA VALQUEIRE,,PARQUE TEJO,-22.8955654000,-43.3646298000,"22/06/2018, 18:41:00",false,false,,Não identificado,,,false,0,0,0,0,0,0,0,0,0,0,0,0,0,0
15966,"R. Itabaiana - Grajau, Rio de Janeiro - RJ, Brasil",Sudeste,Rio de Janeiro,Rio de Janeiro,GRAJAU,,,-22.9213803000,-43.2641528000,"22/06/2018, 19:00:00",true,true,N�o identificado,Tentativa/Roubo,,Perseguição,false,0,0,0,0,0,0,0,0,0,0,0,0,0,0
15950,"Rua Marangá - Praça Seca, Rio de Janeiro - RJ, Brasil",Sudeste,Rio de Janeiro,Rio de Janeiro,PRACA SECA,,MORRO SAO JOSE OPERARIO (OU MORRO DA BARAO),-22.9001487000,-43.3461767000,"22/06/2018, 19:42:00",false,false,,Não identificado,,,false,0,0,0,0,0,0,0,0,0,0,0,0,0,0
15965,"R. Visc. de Abaeté - Vila Isabel, Rio de Janeiro - RJ, Brasil",Sudeste,Rio de Janeiro,Rio de Janeiro,VILA ISABEL,,,-22.9150391000,-43.2440931000,"23/06/2018, 00:15:00",true,true,N�o identificado,Tentativa/Roubo,,,false,0,1,0,0,0,0,0,0,0,0,0,0,0,0
15968,"Av. Brasil, Rio de Janeiro - RJ, Brasil",Sudeste,Rio de Janeiro,Rio de Janeiro,PARADA DE LUCAS,,,-22.8153277000,-43.2990252000,"23/06/2018, 03:05:00",true,true,N�o identificado,Ação policial,,,false,0,0,0,0,0,0,0,0,0,0,0,0,0,0
15955,"Morro do Borel - Tijuca, Rio de Janeiro - RJ, Brasil",Sudeste,Rio de Janeiro,Rio de Janeiro,TIJUCA,,MORRO DO BOREL,-22.9366634000,-43.2566875000,"23/06/2018, 03:57:00",false,false,,Não identificado,,,false,0,0,0,0,0,0,0,0,0,0,0,0,0,0
15956,"Morro da Babilonia - Botafogo, Rio de Janeiro - RJ, 22010-011, Brasil",Sudeste,Rio de Janeiro,Rio de Janeiro,LEME,,BABILONIA,-22.9569444000,-43.1700000000,"23/06/2018, 04:25:00",false,false,,Disputa,,,false,1,1,0,0,0,0,0,0,0,0,0,0,0,0
15960,"Morro dos Macacos - Vila Isabel, Rio de Janeiro - RJ, Brasil",Sudeste,Rio de Janeiro,Rio de Janeiro,VILA ISABEL,,MORRO DOS MACACOS,-22.9167328000,-43.2508337000,"23/06/2018, 05:38:00",false,false,,Não identificado,,,false,0,0,0,0,0,0,0,0,0,0,0,0,0,0
15964,"Rua Doutor Sobral Pinto - Vidigal, Rio de Janeiro - RJ, Brasil",Sudeste,Rio de Janeiro,Rio de Janeiro,VIDIGAL,,VIDIGAL,-22.9957034000,-43.2378737000,"23/06/2018, 08:04:00",true,true,N�o identificado,Ação policial,,,false,0,0,0,0,0,0,0,0,0,0,0,0,0,0
15969,"Jacarezinho, Rio de Janeiro - RJ, Brasil",Sudeste,Rio de Janeiro,Rio de Janeiro,JACAREZINHO,,JACAREZINHO,-22.8875573000,-43.2581953000,"23/06/2018, 08:56:00",false,false,,Não identificado,,,false,0,0,0,0,0,0,0,0,0,0,0,0,0,0
15974,"R. Riachuelo, Rio de Janeiro - RJ, Brasil",Sudeste,Rio de Janeiro,Rio de Janeiro,CENTRO,,,-22.9149290000,-43.1869078000,"23/06/2018, 10:00:00",false,false,,Tiros a esmo,,,false,0,0,0,0,0,0,0,0,0,0,0,0,0,0
15970,"25-  Vidigal, Rio de Janeiro - RJ, Brasil",Sudeste,Rio de Janeiro,Rio de Janeiro,VIDIGAL,,VIDIGAL,-22.9939022000,-43.2358343000,"23/06/2018, 11:18:00",false,false,,Não identificado,,,false,0,0,0,0,0,0,0,0,0,0,0,0,0,0
15971,"R. Palatinado, 441 - Cascadura, Rio de Janeiro - RJ, 21380-130, Brasil",Sudeste,Rio de Janeiro,Rio de Janeiro,CASCADURA,,CONJUNTO HABITACIONAL SOLDADO ELIAS DOS SANTOS (POMBAL),-22.8835668000,-43.3211578000,"23/06/2018, 11:48:00",false,false,,Não identificado,,,false,0,0,0,0,0,0,0,0,0,0,0,0,0,0
15972,"Morro do Andarai - Andarai, Rio de Janeiro - RJ, 20531-490, Brasil",Sudeste,Rio de Janeiro,Rio de Janeiro,ANDARAI,,MORRO DO ANDARAI,-22.9352778000,-43.2563889000,"23/06/2018, 12:33:00",false,false,,Não identificado,,,false,0,0,0,0,0,0,0,0,0,0,0,0,0,0
15975,"R. Padre José Beltrão, 221 - Inhauma, Rio de Janeiro - RJ, 20760-540, Brasil",Sudeste,Rio de Janeiro,Rio de Janeiro,INHAUMA,,,-22.8788920000,-43.2862160000,"23/06/2018, 17:34:00",false,false,,Não identificado,,,false,0,0,0,0,0,0,0,0,0,0,0,0,0,0
15976,"Coração de Maria, 218 - Meier, Rio de Janeiro - RJ, 20775-050, Brasil",Sudeste,Rio de Janeiro,Rio de Janeiro,MEIER,,,-22.8952328000,-43.2772523000,"23/06/2018, 18:00:00",true,true,N�o identificado,Ação policial,,Perseguição,false,0,1,0,0,0,0,0,0,0,0,0,0,0,0
15978,"Praça Dolomitas, Vila Kennedy, Rio de Janeiro - RJ, 21853-370, Brasil",Sudeste,Rio de Janeiro,Rio de Janeiro,VILA KENNEDY,,VILA KENNEDY,-22.8551369000,-43.4920702000,"23/06/2018, 18:35:00",false,false,,Não identificado,,,false,0,0,0,0,0,0,0,0,0,0,0,0,0,0
15981,"Pavuna, Rio de Janeiro - RJ, Brasil",Sudeste,Rio de Janeiro,Rio de Janeiro,PAVUNA,,,-22.8112324000,-43.3625273000,"23/06/2018, 18:55:00",false,false,,Não identificado,,,false,0,0,0,0,0,0,0,0,0,0,0,0,0,0
15993,"Morro do Jorge Turco, Rio de Janeiro - RJ, Brasil",Sudeste,Rio de Janeiro,Rio de Janeiro,COELHO NETO,,MORRO JORGE TURCO,-22.8381463000,-43.3456599000,"23/06/2018, 19:00:00",false,false,,Disputa,,,false,1,0,0,0,0,0,0,0,0,0,0,0,0,0
15979,"Morro do Urubu, Pilares, Rio de Janeiro - RJ, 21381-150, Brasil",Sudeste,Rio de Janeiro,Rio de Janeiro,PIEDADE,,MORRO DO URUBU (COMPLEXO DO URUBU),-22.8767561000,-43.3079208000,"23/06/2018, 19:04:00",true,true,PM,Operação policial,,,false,2,0,0,0,0,0,0,0,0,0,0,0,0,0
15980,"R. Dom Pedro I - Santa Cruz, Rio de Janeiro - RJ, Brasil",Sudeste,Rio de Janeiro,Rio de Janeiro,SANTA CRUZ,,,-22.9156600000,-43.6805993000,"23/06/2018, 19:24:00",false,false,,Não identificado,,,false,0,0,0,0,0,0,0,0,0,0,0,0,0,0
15996,"Barata - Realengo, Rio de Janeiro - RJ, 20270-090, Brasil",Sudeste,Rio de Janeiro,Rio de Janeiro,REALENGO,,,-22.8978244000,-43.4451650000,"23/06/2018, 20:00:00",false,false,,Não identificado,,,false,0,0,0,0,0,0,0,0,0,0,0,0,0,0
15983,"Av. João Ribeiro, Rio de Janeiro - RJ, Brasil",Sudeste,Rio de Janeiro,Rio de Janeiro,PILARES,,,-22.8712817000,-43.2994645000,"23/06/2018, 20:33:00",false,false,,Não identificado,,,false,0,0,0,0,0,0,0,0,0,0,0,0,0,0
15985,"Av. Ten-Cel. Muniz de Aragão, Rio de Janeiro - RJ, Brasil",Sudeste,Rio de Janeiro,Rio de Janeiro,ANIL,,,-22.9535043000,-43.3470493000,"23/06/2018, 21:14:00",false,false,,Não identificado,,,false,0,0,0,0,0,0,0,0,0,0,0,0,0,0
15988,"R. Vinte e Seis - Padre Miguel, Rio de Janeiro - RJ, Brasil",Sudeste,Rio de Janeiro,Rio de Janeiro,PADRE MIGUEL,,,-22.8213117000,-43.2863896000,"24/06/2018, 02:45:00",false,false,,Não identificado,,,false,0,0,0,0,0,0,0,0,0,0,0,0,0,0
15989,"Santa Cruz, Rio de Janeiro - RJ, Brasil",Sudeste,Rio de Janeiro,Rio de Janeiro,SANTA CRUZ,,,-22.9196515000,-43.6843877000,"24/06/2018, 03:36:00",false,false,,Não identificado,,,false,0,0,0,0,0,0,0,0,0,0,0,0,0,0
15990,"Estrada do Guerenguê, Rio de Janeiro - RJ, Brasil",Sudeste,Rio de Janeiro,Rio de Janeiro,TAQUARA,,,-22.9356556000,-43.3825169000,"24/06/2018, 04:23:00",false,false,,Não identificado,,,false,0,0,0,0,0,0,0,0,0,0,0,0,0,0
15995,"15 - Cidade de Deus, Rio de Janeiro - RJ, 22773-300, Brasil",Sudeste,Rio de Janeiro,Rio de Janeiro,CIDADE DE DEUS,,CIDADE DE DEUS,-22.9462370000,-43.3653430000,"24/06/2018, 06:02:00",false,false,,Não identificado,,,false,0,0,0,0,0,0,0,0,0,0,0,0,0,0
15998,"R. Nossa Sra. das Graças - Ramos, Rio de Janeiro - RJ, Brasil",Sudeste,Rio de Janeiro,Rio de Janeiro,RAMOS,,,-22.8501873000,-43.2564742000,"24/06/2018, 07:13:00",false,false,,Não identificado,,,false,0,0,0,0,0,0,0,0,0,0,0,0,0,0
16001,"Av. Prof. Bernardino Rocha, 351 - Pavuna, Rio de Janeiro - RJ, 21650-450, Brasil",Sudeste,Rio de Janeiro,Rio de Janeiro,PAVUNA,,FAVELA VILA PRIVILEGIO,-22.8126287000,-43.3715366000,"24/06/2018, 08:20:00",false,false,,Não identificado,,,false,0,0,0,0,0,0,0,0,0,0,0,0,0,0
16010,"Rocinha, Rio de Janeiro - RJ, Brasil",Sudeste,Rio de Janeiro,Rio de Janeiro,ROCINHA,,ROCINHA,-22.9879841000,-43.2479825000,"24/06/2018, 16:22:00",false,false,,Não identificado,,,false,0,0,0,0,0,0,0,0,0,0,0,0,0,0
16014,"Sapo - Senador Camará, Rio de Janeiro - RJ, Brasil",Sudeste,Rio de Janeiro,Rio de Janeiro,SENADOR CAMARA,,FAVELA DO SAPO DE CAMARA (COMPLEXO DO SAPO DE CAMARA),-22.8968333000,-43.4877927000,"24/06/2018, 17:10:00",false,false,,Não identificado,,,false,0,0,0,0,0,0,0,0,0,0,0,0,0,0
16017,"Morro Jorge Turco - Colégio, Rio de Janeiro - RJ, 20765-630, Brasil",Sudeste,Rio de Janeiro,Rio de Janeiro,COLEGIO,,MORRO JORGE TURCO,-22.8386111000,-43.3447222000,"24/06/2018, 18:25:00",false,false,,Não identificado,,,false,0,0,0,0,0,0,0,0,0,0,0,0,0,0
16022,"Morro Jorge Turco - Colégio, Rio de Janeiro - RJ, 20765-630, Brasil",Sudeste,Rio de Janeiro,Rio de Janeiro,COLEGIO,,MORRO JORGE TURCO,-22.8386111000,-43.3447222000,"24/06/2018, 19:05:00",false,false,,Não identificado,,,false,0,0,0,0,0,0,0,0,0,0,0,0,0,0
16019,"Estr. dos Caboclos - Campo Grande, Rio de Janeiro - RJ, Brasil",Sudeste,Rio de Janeiro,Rio de Janeiro,CAMPO GRANDE,,,-22.9289322000,-43.5403144000,"24/06/2018, 19:22:00",false,false,,Não identificado,,,false,0,0,0,0,0,0,0,0,0,0,0,0,0,0
16026,"R. Itália Fausta - Itanhangá, Rio de Janeiro - RJ, 22641-440, Brasil",Sudeste,Rio de Janeiro,Rio de Janeiro,ITANHANGA,,MORRO DO BANCO,-22.9882557000,-43.2995009000,"24/06/2018, 21:21:00",false,false,,Não identificado,,,false,0,0,0,0,0,0,0,0,0,0,0,0,0,0
16027,"Morro da Providencia - Gambôa, Rio de Janeiro - RJ, 20221-310, Brasil",Sudeste,Rio de Janeiro,Rio de Janeiro,GAMBOA,,MORRO DA PROVIDENCIA,-22.9002778000,-43.1952778000,"25/06/2018, 02:25:00",true,true,N�o identificado,Ação policial,,,false,0,0,0,0,0,0,0,0,0,0,0,0,0,0
16031,"Morro da Providencia - Gambôa, Rio de Janeiro - RJ, 20221-310, Brasil",Sudeste,Rio de Janeiro,Rio de Janeiro,GAMBOA,,MORRO DA PROVIDENCIA,-22.9002778000,-43.1952778000,"25/06/2018, 03:59:00",true,true,N�o identificado,Ação policial,,,false,0,0,0,0,0,0,0,0,0,0,0,0,0,0
16028,"São Carlos - Estácio, Rio de Janeiro - RJ, Brasil",Sudeste,Rio de Janeiro,Rio de Janeiro,ESTACIO,,MORRO DO SAO CARLOS (COMPLEXO DO SAO CARLOS),-22.9171462000,-43.2047368000,"25/06/2018, 05:00:00",false,false,,Não identificado,,,false,0,0,0,0,0,0,0,0,0,0,0,0,0,0
16029,"Av. Prof. Bernardino Rocha, 351 - Pavuna, Rio de Janeiro - RJ, 21650-450, Brasil",Sudeste,Rio de Janeiro,Rio de Janeiro,PAVUNA,,FAVELA VILA PRIVILEGIO,-22.8126287000,-43.3715366000,"25/06/2018, 05:35:00",false,false,,Não identificado,,,false,0,0,0,0,0,0,0,0,0,0,0,0,0,0
16034,"Vila Cruzeiro - Penha, Rio de Janeiro - RJ, 21070-480, Brasil",Sudeste,Rio de Janeiro,Rio de Janeiro,PENHA,,VILA CRUZEIRO (COMPLEXO DA PENHA),-22.8470418000,-43.2841752000,"25/06/2018, 06:00:00",true,true,PM,Ação policial,,,false,0,0,0,0,0,0,0,0,0,0,0,0,0,0
16030,"Morro do Borel - Tijuca, Rio de Janeiro - RJ, Brasil",Sudeste,Rio de Janeiro,Rio de Janeiro,TIJUCA,,MORRO DO BOREL,-22.9325728000,-43.2410248000,"25/06/2018, 07:13:00",false,false,,Não identificado,,,false,0,0,0,0,0,0,0,0,0,0,0,0,0,0
16039,"R. da Grota - Complexo do Alemão, Rio de Janeiro - RJ, Brasil",Sudeste,Rio de Janeiro,Rio de Janeiro,COMPLEXO DO ALEMAO,,GROTA (COMPLEXO DO ALEMAO),-22.8608162000,-43.2741950000,"25/06/2018, 12:45:00",false,false,,Não identificado,,,false,0,0,0,0,0,0,0,0,0,0,0,0,0,0
16040,"R. Carolina Santos, Rio de Janeiro - RJ, Brasil",Sudeste,Rio de Janeiro,Rio de Janeiro,MEIER,,,-22.9070374000,-43.2847803000,"25/06/2018, 13:33:00",false,false,,Não identificado,,,false,0,0,0,0,0,0,0,0,0,0,0,0,0,0
16044,"Morro Santo Amaro - Catete, Rio de Janeiro - RJ, Brasil",Sudeste,Rio de Janeiro,Rio de Janeiro,CATETE,,SANTO AMARO,-22.9236111000,-43.1805556000,"25/06/2018, 14:41:00",false,false,,Não identificado,,,false,0,0,0,0,0,0,0,0,0,0,0,0,0,0
16052,"Estr. da Água Branca, Bangu, Rio de Janeiro - RJ, 21862-371, Brasil",Sudeste,Rio de Janeiro,Rio de Janeiro,BANGU,,VILA ALIANCA,-22.8632269000,-43.4694040000,"25/06/2018, 17:00:00",false,false,,Não identificado,,,false,0,0,0,0,0,0,0,0,0,0,0,0,0,0
16060,"R. Ciere - Anchieta, Rio de Janeiro - RJ, 21630-090, Brasil",Sudeste,Rio de Janeiro,Rio de Janeiro,ANCHIETA,,MARIOPOLIS,-22.8247456000,-43.4137343000,"25/06/2018, 20:12:00",false,false,,Não identificado,,,false,0,0,0,0,0,0,0,0,0,0,0,0,0,0
16061,"Estr. do Taquaral,  Senador Camará, Rio de Janeiro - RJ, 21842-000, Brasil",Sudeste,Rio de Janeiro,Rio de Janeiro,SENADOR CAMARA,,COMPLEXO DA COREIA DE SENADOR CAMARA,-22.8712460000,-43.4880760000,"25/06/2018, 20:16:00",false,false,,Não identificado,,,false,0,0,0,0,0,0,0,0,0,0,0,0,0,0
16065,"R. Dias da Cruz, Rio de Janeiro - RJ, Brasil",Sudeste,Rio de Janeiro,Rio de Janeiro,MEIER,,,-22.9046406000,-43.2883459000,"26/06/2018, 03:14:00",false,false,,Não identificado,,,false,0,0,0,0,0,0,0,0,0,0,0,0,0,0
16066,"Lins de Vasconcelos, Rio de Janeiro - RJ, Brasil",Sudeste,Rio de Janeiro,Rio de Janeiro,LINS DE VASCONCELOS,,COMPLEXO DO LINS,-22.9128703000,-43.2845545000,"26/06/2018, 03:40:00",false,false,,Não identificado,,,false,0,0,0,0,0,0,0,0,0,0,0,0,0,0
16067,"Bateau Mouche - Praça Seca, Rio de Janeiro - RJ, 22733-120, Brasil",Sudeste,Rio de Janeiro,Rio de Janeiro,PRACA SECA,,FAVELA BATEAU MOUCHE,-22.9048084000,-43.3550791000,"26/06/2018, 04:20:00",true,true,PM,Operação policial,,,false,0,0,0,0,0,0,0,0,0,0,0,0,0,0
16068,"Estr. da Covanca - Tanque, Rio de Janeiro - RJ, Brasil",Sudeste,Rio de Janeiro,Rio de Janeiro,TANQUE,,MORRO DA COVANCA,-22.9148888000,-43.3480613000,"26/06/2018, 04:27:00",true,true,PM,Operação policial,,,false,0,0,0,0,0,0,0,0,0,0,0,0,0,0
16070,"Bateau Mouche- Praça Seca, Rio de Janeiro - RJ, 22733-001, Brasil",Sudeste,Rio de Janeiro,Rio de Janeiro,PRACA SECA,,FAVELA BATEAU MOUCHE,-22.9065623000,-43.3535410000,"26/06/2018, 05:45:00",false,false,,Não identificado,,,false,0,0,0,0,0,0,0,0,0,0,0,0,0,0
16071,"Caixa D'Água -Tanque, Rio de Janeiro - RJ, Brasil",Sudeste,Rio de Janeiro,Rio de Janeiro,TANQUE,,MORRO DA CAIXA D'AGUA (TANQUE),-22.9180113000,-43.3610277000,"26/06/2018, 05:50:00",false,false,,Não identificado,,,false,0,0,0,0,0,0,0,0,0,0,0,0,0,0
16069,"Manguinhos, Rio de Janeiro - RJ, 20975-070, Brasil",Sudeste,Rio de Janeiro,Rio de Janeiro,MANGUINHOS,,COMPLEXO DE MANGUINHOS,-22.8826769000,-43.2478547000,"26/06/2018, 06:00:00",false,false,,Não identificado,,,false,0,0,0,0,0,0,0,0,0,0,0,0,0,0
16072,"R. Renato Meira Lima - Tanque, Rio de Janeiro - RJ, 22735-120, Brasil",Sudeste,Rio de Janeiro,Rio de Janeiro,TANQUE,,MORRO DA COVANCA,-22.9192364000,-43.3544384000,"26/06/2018, 06:19:00",false,false,,Não identificado,,,false,0,0,0,0,0,0,0,0,0,0,0,0,0,0
16073,"R. Dois, Alvorada  - Complexo do Alemão, Rio de Janeiro - RJ, Brasil",Sudeste,Rio de Janeiro,Rio de Janeiro,COMPLEXO DO ALEMAO,,ALVORADA (COMPLEXO DO ALEMAO),-22.8612593000,-43.2758573000,"26/06/2018, 06:37:00",false,false,,Não identificado,,,false,0,0,0,0,0,0,0,0,0,0,0,0,0,0
16074,"Costa Barros, Rio de Janeiro - RJ, 21010-400, Brasil",Sudeste,Rio de Janeiro,Rio de Janeiro,COSTA BARROS,,,-22.8220605000,-43.3701892000,"26/06/2018, 07:29:00",true,true,N�o identificado,Ação policial,,,false,0,0,0,0,0,0,0,0,0,0,0,0,0,0
16077,"Morro da Providencia - Gambôa, Rio de Janeiro - RJ, 20221-310, Brasil",Sudeste,Rio de Janeiro,Rio de Janeiro,GAMBOA,,MORRO DA PROVIDENCIA,-22.9002778000,-43.1952778000,"26/06/2018, 08:30:00",true,true,PM,Ação policial,,,false,0,0,0,0,0,0,0,0,0,0,0,0,0,0
16078,"R. Leopoldo Bulhões, 900 - Manguinhos, Rio de Janeiro - RJ, Brasil",Sudeste,Rio de Janeiro,Rio de Janeiro,MANGUINHOS,,COMPLEXO DE MANGUINHOS,-22.8814867000,-43.2496117000,"26/06/2018, 08:32:00",true,true,N�o identificado,Ação policial,,,false,0,0,0,0,0,0,0,0,0,0,0,0,0,0
16083,"Vila Ferrea, 5 - Pavuna, Rio de Janeiro - RJ, 21520-251, Brasil",Sudeste,Rio de Janeiro,Rio de Janeiro,PAVUNA,,FAVELINHA DO DENGO,-22.8129840000,-43.3703810000,"26/06/2018, 12:27:00",false,false,,Não identificado,,,false,0,0,0,0,0,0,0,0,0,0,0,0,0,0
16085,"Favela da Coreia - Senador Camará, Rio de Janeiro - RJ, Brasil",Sudeste,Rio de Janeiro,Rio de Janeiro,SENADOR CAMARA,,FAVELA DA COREIA (COMPLEXO DA COREIA DE SENADOR CAMARA),-22.8735829000,-43.4939655000,"26/06/2018, 13:40:00",false,false,,Não identificado,,,false,0,0,0,0,0,0,0,0,0,0,0,0,0,0
16088,"R. da Chácara - Praça Seca, Rio de Janeiro - RJ, Brasil",Sudeste,Rio de Janeiro,Rio de Janeiro,PRACA SECA,,FAVELA MORRO DO TUNEL,-22.8990215000,-43.3686919000,"26/06/2018, 15:16:00",false,false,,Não identificado,,,false,0,0,0,0,0,0,0,0,0,0,0,0,0,0
16089,"Morro São João - Engenho Novo, Rio de Janeiro - RJ, 20950-370, Brasil",Sudeste,Rio de Janeiro,Rio de Janeiro,ENGENHO NOVO,,MORRO SAO JOAO,-22.9075420000,-43.2648900000,"26/06/2018, 15:43:00",false,false,,Não identificado,,,false,0,0,0,0,0,0,0,0,0,0,0,0,0,0
16093,"Morro do Borel - Tijuca, Rio de Janeiro - RJ, 20530-480, Brasil",Sudeste,Rio de Janeiro,Rio de Janeiro,TIJUCA,,MORRO DO BOREL,-22.9437592000,-43.2605144000,"26/06/2018, 15:59:00",false,false,,Não identificado,,,false,0,0,0,0,0,0,0,0,0,0,0,0,0,0
16094,"Vidigal, Rio de Janeiro - RJ, Brasil",Sudeste,Rio de Janeiro,Rio de Janeiro,VIDIGAL,,VIDIGAL,-22.9939022000,-43.2358343000,"26/06/2018, 16:06:00",false,false,,Não identificado,,,false,0,0,0,0,0,0,0,0,0,0,0,0,0,0
16097,"Piedade, Rio de Janeiro - RJ, Brasil",Sudeste,Rio de Janeiro,Rio de Janeiro,PIEDADE,,,-22.8916397000,-43.3107394000,"26/06/2018, 19:50:00",false,false,,Não identificado,,,false,0,0,0,0,0,0,0,0,0,0,0,0,0,0
16115,"Av. Guignard - Recreio dos Bandeirantes, Rio de Janeiro - RJ, Brasil",Sudeste,Rio de Janeiro,Rio de Janeiro,RECREIO DOS BANDEIRANTES,,,-23.0120319000,-43.4499198000,"26/06/2018, 20:00:00",false,true,,Tentativa/Roubo,,,false,0,0,1,0,0,0,0,0,0,0,0,0,0,0
16116,"Av. Meriti, Rio de Janeiro - RJ, Brasil",Sudeste,Rio de Janeiro,Rio de Janeiro,CORDOVIL,,,-22.8290764000,-43.3100328000,"26/06/2018, 20:30:00",false,false,,Arrastão,,,false,0,1,0,0,0,0,0,0,0,0,0,0,0,0
16106,"R. Araújo Leitão, 546 - Engenho Novo, Rio de Janeiro - RJ, 20715-310, Brasil",Sudeste,Rio de Janeiro,Rio de Janeiro,ENGENHO NOVO,,,-22.9135381000,-43.2714912000,"27/06/2018, 01:07:00",false,false,,Não identificado,,,false,0,0,0,0,0,0,0,0,0,0,0,0,0,0
16108,"R. Ferreira Pontes, Rio de Janeiro - RJ, Brasil",Sudeste,Rio de Janeiro,Rio de Janeiro,ANDARAI,,MORRO DO ANDARAI,-22.9280938000,-43.2557426000,"27/06/2018, 05:00:00",false,true,,Tentativa/Roubo,,,false,0,1,1,0,0,0,0,0,0,0,0,0,0,0
16129,"Rua Adolfo Bergamini - Engenho de Dentro, Rio de Janeiro - RJ, Brasil",Sudeste,Rio de Janeiro,Rio de Janeiro,ENGENHO DE DENTRO,,,-22.9000737000,-43.2959948000,"27/06/2018, 06:27:00",false,true,,Tentativa/Roubo,,,false,0,0,1,0,0,0,0,0,0,0,0,0,0,0
16119,"R. Menezes Prado - Irajá, Rio de Janeiro - RJ, 21230-120, Brasil",Sudeste,Rio de Janeiro,Rio de Janeiro,IRAJA,,,-22.8256895000,-43.3311221000,"27/06/2018, 08:45:00",false,false,,Não identificado,,,false,0,0,0,0,0,0,0,0,0,0,0,0,0,0
16132,"R. Sen. Nabuco - Vila Isabel, Rio de Janeiro - RJ, Brasil",Sudeste,Rio de Janeiro,Rio de Janeiro,VILA ISABEL,,MORRO DOS MACACOS,-22.9138209000,-43.2525027000,"27/06/2018, 12:00:00",false,true,,Tentativa/Roubo,,,false,0,0,0,1,0,0,0,0,0,0,0,0,0,0
16123,"Estr. Srg. Miguel Filho - Bangu, Rio de Janeiro - RJ, Brasil",Sudeste,Rio de Janeiro,Rio de Janeiro,VILA KENNEDY,,VILA KENNEDY,-22.8588961000,-43.4870104000,"27/06/2018, 14:47:00",false,false,,Não identificado,,,false,0,0,0,0,0,0,0,0,0,0,0,0,0,0
16128,"Jardim America, Rio de Janeiro - RJ, Brasil",Sudeste,Rio de Janeiro,Rio de Janeiro,JARDIM AMERICA,,,-22.8114870000,-43.3207177000,"27/06/2018, 15:41:00",false,false,,Não identificado,,,false,0,0,0,0,0,0,0,0,0,0,0,0,0,0
16133,"Complexo do Alemão, Rio de Janeiro - RJ, Brasil",Sudeste,Rio de Janeiro,Rio de Janeiro,COMPLEXO DO ALEMAO,,COMPLEXO DO ALEMAO,-22.8593331000,-43.2754759000,"27/06/2018, 17:27:00",false,false,,Não identificado,,,false,0,0,0,0,0,0,0,0,0,0,0,0,0,0
16140,"R. Dr. Bernardino, 181 - Praça Seca, Rio de Janeiro - RJ, 21320-020, Brasil",Sudeste,Rio de Janeiro,Rio de Janeiro,PRACA SECA,,MORRO SAO JOSE OPERARIO (OU MORRO DA BARAO),-22.8960380000,-43.3484220000,"27/06/2018, 21:31:00",false,false,,Não identificado,,,false,0,0,0,0,0,0,0,0,0,0,0,0,0,0
16139,"R. Vila Nova Ac Comendador Guerra, 22 - Pavuna, Rio de Janeiro - RJ, 21520-211, Brasil",Sudeste,Rio de Janeiro,Rio de Janeiro,PAVUNA,,FAVELA VILA PRIVILEGIO,-22.8139250000,-43.3705780000,"27/06/2018, 21:32:00",false,false,,Não identificado,,,false,0,0,0,0,0,0,0,0,0,0,0,0,0,0
16141,"Vila Sérvio Túlio - Ramos, Rio de Janeiro - RJ, 21061-520, Brasil",Sudeste,Rio de Janeiro,Rio de Janeiro,INHAUMA,,CONDOMINIO LOTEAMENTO CASTROL,-22.8685532000,-43.2790364000,"27/06/2018, 21:54:00",false,false,,Não identificado,,,false,0,0,0,0,0,0,0,0,0,0,0,0,0,0
16143,"Morro do Juramento - Tomaz Coelho, Rio de Janeiro - RJ, Brasil",Sudeste,Rio de Janeiro,Rio de Janeiro,TOMAS COELHO,,MORRO DO JURAMENTO (COMPLEXO DO JURAMENTO),-22.8627778000,-43.3152778000,"27/06/2018, 22:04:00",false,false,,Disputa,,,false,0,0,0,0,0,0,0,0,0,0,0,0,0,0
16150,"Morro dos Macacos -Vila Isabel, Rio de Janeiro - RJ, Brasil",Sudeste,Rio de Janeiro,Rio de Janeiro,VILA ISABEL,,MORRO DOS MACACOS,-22.9167328000,-43.2508337000,"28/06/2018, 02:30:00",false,false,,Não identificado,,,false,0,0,0,0,0,0,0,0,0,0,0,0,0,0
16145,"Morro dos Macacos - Sampaio, Rio de Janeiro - RJ, Brasil",Sudeste,Rio de Janeiro,Rio de Janeiro,SAMPAIO,,MORRO DOS MACACOS,-22.9100000000,-43.2575000000,"28/06/2018, 03:50:00",true,true,PM,Operação policial,,,false,0,0,1,0,0,0,0,0,0,0,0,0,0,0
16149,"Morro dos Macacos - Vila Isabel, Rio de Janeiro - RJ, Brasil",Sudeste,Rio de Janeiro,Rio de Janeiro,VILA ISABEL,,MORRO DOS MACACOS,-22.9167328000,-43.2508337000,"28/06/2018, 04:20:00",true,true,N�o identificado,Ação policial,,,false,0,0,0,0,0,0,0,0,0,0,0,0,0,0
16154,"Morro dos Macacos - Vila Isabel, Rio de Janeiro - RJ, Brasil",Sudeste,Rio de Janeiro,Rio de Janeiro,VILA ISABEL,,MORRO DOS MACACOS,-22.9167328000,-43.2508337000,"28/06/2018, 04:48:00",false,false,,Não identificado,,,false,0,0,0,0,0,0,0,0,0,0,0,0,0,0
16153,"R. 2 - Rocinha, Rio de Janeiro - RJ, Brasil",Sudeste,Rio de Janeiro,Rio de Janeiro,ROCINHA,,ROCINHA,-22.9895932000,-43.2464165000,"28/06/2018, 05:24:00",false,false,,Não identificado,,,false,0,0,0,0,0,0,0,0,0,0,0,0,0,0
16158,"Chapadão - Costa  Barros, Rio de Janeiro - RJ, 21650-350, Brasil",Sudeste,Rio de Janeiro,Rio de Janeiro,PAVUNA,,COMPLEXO DO CHAPADAO,-22.8164752000,-43.3729863000,"28/06/2018, 06:20:00",true,true,N�o identificado,Operação policial,,,false,1,0,0,0,0,0,0,0,0,0,0,0,0,0
16157,"Complexo do Lins - Lins de Vasconcelos, Rio de Janeiro - RJ, Brasil",Sudeste,Rio de Janeiro,Rio de Janeiro,LINS DE VASCONCELOS,,COMPLEXO DO LINS,-22.9128703000,-43.2845545000,"28/06/2018, 07:55:00",true,true,N�o identificado,Operação policial,,Tiros de Helicóptero,false,0,0,0,0,0,0,0,0,0,0,0,0,0,0
16197,"Comunidade Júlio Otoni - Rua 1, 6 - Laranjeiras, Rio de Janeiro - RJ, 20241-263, Brasil",Sudeste,Rio de Janeiro,Rio de Janeiro,LARANJEIRAS,,JULIO OTONI,-22.9336540000,-43.1943310000,"28/06/2018, 12:00:00",false,false,,Não identificado,,,false,0,1,0,0,0,0,0,0,0,0,0,0,0,0
16162,"Morro do Jordão - Tanque, Rio de Janeiro - RJ, 22725-549, Brasil",Sudeste,Rio de Janeiro,Rio de Janeiro,TANQUE,,MORRO DO JORDAO,-22.9082076000,-43.3718951000,"28/06/2018, 13:15:00",false,false,,Não identificado,,,false,0,0,0,0,0,0,0,0,0,0,0,0,0,0
16166,"Morro do Jordão - Tanque, Rio de Janeiro - RJ, Brasil",Sudeste,Rio de Janeiro,Rio de Janeiro,TANQUE,,MORRO DO JORDAO,-22.9110545000,-43.3721919000,"28/06/2018, 14:27:00",false,false,,Não identificado,,,false,0,0,0,0,0,0,0,0,0,0,0,0,0,0
16168,"Av. dos Democráticos, 2 - Manguinhos, Rio de Janeiro - RJ, 21050-000, Brasil",Sudeste,Rio de Janeiro,Rio de Janeiro,MANGUINHOS,,MANGUINHOS (COMPLEXO DE MANGUINHOS),-22.8827138000,-43.2535363000,"28/06/2018, 15:14:00",true,true,UPP (Manguinhos),Ação policial,,Tiroteio contínuo,false,0,0,0,0,0,0,0,0,0,0,0,0,0,0
16171,"Rua Um, 72 - Manguinhos, Rio de Janeiro - RJ, Brasil",Sudeste,Rio de Janeiro,Rio de Janeiro,MANGUINHOS,,MANDELA (COMPLEXO DE MANGUINHOS),-22.8823665000,-43.2459726000,"28/06/2018, 16:25:00",false,false,,Não identificado,,,false,0,0,0,0,0,0,0,0,0,0,0,0,0,0
16172,"Morro Sao Joao - Sampaio, Rio de Janeiro - RJ, Brasil",Sudeste,Rio de Janeiro,Rio de Janeiro,SAMPAIO,,MORRO SAO JOAO,-22.9077778000,-43.2616667000,"28/06/2018, 17:25:00",false,false,,Não identificado,,,false,0,0,0,0,0,0,0,0,0,0,0,0,0,0
16178,"Manguinhos, Rio de Janeiro - RJ, Brasil",Sudeste,Rio de Janeiro,Rio de Janeiro,MANGUINHOS,,COMPLEXO DE MANGUINHOS,-22.8830377000,-43.2457507000,"28/06/2018, 19:02:00",false,false,,Não identificado,,,false,0,0,0,0,0,0,0,0,0,0,0,0,0,0
16181,"Estr. Srg. Miguel Filho, 491 - Bangu, Rio de Janeiro - RJ, Brasil",Sudeste,Rio de Janeiro,Rio de Janeiro,VILA KENNEDY,,VILA KENNEDY,-22.8605116000,-43.4886835000,"28/06/2018, 20:33:00",false,false,,Não identificado,,,false,0,0,0,0,0,0,0,0,0,0,0,0,0,0
16188,"Av. Augusto Severo, 1411 - Glória, Rio de Janeiro - RJ, 20021-040, Brasil",Sudeste,Rio de Janeiro,Rio de Janeiro,GLORIA,,,-22.9170535000,-43.1764954000,"28/06/2018, 21:08:00",false,false,,Não identificado,,,false,0,0,0,0,0,0,0,0,0,0,0,0,0,0
16189,"Morrp do Jordão - Taquara /  Tanque, Rio de Janeiro - RJ, 22725-000, Brasil",Sudeste,Rio de Janeiro,Rio de Janeiro,TANQUE,,MORRO DO JORDAO,-22.9069476000,-43.3705994000,"28/06/2018, 21:42:00",false,false,,Não identificado,,,false,0,0,0,0,0,0,0,0,0,0,0,0,0,0
16192,"R. da Teresinha Pietro Bom - Tanque, Rio de Janeiro - RJ, Brasil",Sudeste,Rio de Janeiro,Rio de Janeiro,TANQUE,,MORRO DO JORDAO,-22.9077025000,-43.3704636000,"28/06/2018, 22:19:00",false,false,,Não identificado,,,false,0,0,0,0,0,0,0,0,0,0,0,0,0,0
16196,"Complexo do São Carlos - Estácio, Rio de Janeiro - RJ, 20250-053, Brasil",Sudeste,Rio de Janeiro,Rio de Janeiro,ESTACIO,,COMPLEXO DO SAO CARLOS,-22.9185946000,-43.2040269000,"29/06/2018, 02:44:00",true,true,BOPE,Operação policial,,,false,0,0,0,0,0,0,0,0,0,0,0,0,0,0
16193,"Morro da Mineira - Catumbi, Rio de Janeiro - RJ, 20211-320, Brasil",Sudeste,Rio de Janeiro,Rio de Janeiro,CATUMBI,,MORRO DA MINEIRA (COMPLEXO DO SAO CARLOS),-22.9192434000,-43.1991342000,"29/06/2018, 03:21:00",false,false,,Não identificado,,,false,0,0,0,0,0,0,0,0,0,0,0,0,0,0
16195,"Estrada de Manguariba - Paciência, Rio de Janeiro - RJ, Brasil",Sudeste,Rio de Janeiro,Rio de Janeiro,PACIENCIA,,CONJUNTO MANGUARIBA,-22.8752300000,-43.6349088000,"29/06/2018, 04:59:00",false,false,,Não identificado,,,false,0,0,0,0,0,0,0,0,0,0,0,0,0,0
16204,"Leão - Vila Kennedy - Bangu, Rio de Janeiro - RJ, 21850-007, Brasil",Sudeste,Rio de Janeiro,Rio de Janeiro,VILA KENNEDY,,VILA KENNEDY,-22.8604006000,-43.4884116000,"29/06/2018, 10:02:00",false,false,,Não identificado,,,false,0,0,0,0,0,0,0,0,0,0,0,0,0,0
16207,"R. Jordão - Tanque, Rio de Janeiro - RJ, Brasil",Sudeste,Rio de Janeiro,Rio de Janeiro,TANQUE,,MORRO DO JORDAO,-22.9110545000,-43.3721919000,"29/06/2018, 11:03:00",false,false,,Não identificado,,,false,0,0,0,0,0,0,0,0,0,0,0,0,0,0
16211,"Morro do Andarai - Andarai, Rio de Janeiro - RJ, 20531-490, Brasil",Sudeste,Rio de Janeiro,Rio de Janeiro,ANDARAI,,MORRO DO ANDARAI,-22.9352778000,-43.2563889000,"29/06/2018, 12:14:00",false,false,,Não identificado,,,false,0,0,0,0,0,0,0,0,0,0,0,0,0,0
16213,"Morro do Jordao - Tanque, Rio de Janeiro - RJ, 22725-000, Brasil",Sudeste,Rio de Janeiro,Rio de Janeiro,TANQUE,,MORRO DO JORDAO,-22.9086111000,-43.3750000000,"29/06/2018, 12:20:00",false,false,,Não identificado,,,false,0,0,0,0,0,0,0,0,0,0,0,0,0,0
16246,"Complexo do São Carlos -  Rio Comprido, Rio de Janeiro - RJ, Brasil",Sudeste,Rio de Janeiro,Rio de Janeiro,RIO COMPRIDO,,COMPLEXO DO SAO CARLOS,-22.9252336000,-43.2053404000,"29/06/2018, 13:00:00",true,true,BOPE,Operação policial,,,false,0,0,0,0,0,0,0,0,0,0,0,0,0,0
16218,"Morro da Mineira , Complexo do São Carlos - Rio Comprido, Rio de Janeiro - RJ, Brasil",Sudeste,Rio de Janeiro,Rio de Janeiro,RIO COMPRIDO,,MORRO DA MINEIRA (COMPLEXO DO SAO CARLOS),-22.9252336000,-43.2053404000,"29/06/2018, 14:10:00",false,false,,Não identificado,,,false,0,0,0,0,0,0,0,0,0,0,0,0,0,0
16245,"Linha Amarela, Rio de Janeiro - RJ, Brasil",Sudeste,Rio de Janeiro,Rio de Janeiro,BARRA DA TIJUCA,,,-22.9792554000,-43.3657768000,"29/06/2018, 16:00:00",false,false,,Ataque a civis,,,false,0,2,0,0,0,0,0,0,0,0,0,0,0,0
16220,"Jordão - Taquara, Rio de Janeiro - RJ, Brasil",Sudeste,Rio de Janeiro,Rio de Janeiro,TAQUARA,,MORRO DO JORDAO,-22.9230494000,-43.3739788000,"29/06/2018, 16:20:00",false,false,,Não identificado,,,false,0,0,0,0,0,0,0,0,0,0,0,0,0,0
16221,"Jordão - Taquara, Rio de Janeiro - RJ, Brasil",Sudeste,Rio de Janeiro,Rio de Janeiro,TAQUARA,,MORRO DO JORDAO,-22.9230494000,-43.3739788000,"29/06/2018, 17:44:00",false,false,,Não identificado,,,false,0,0,0,0,0,0,0,0,0,0,0,0,0,0
16225,"Vigário Geral, Rio de Janeiro - RJ, Brasil",Sudeste,Rio de Janeiro,Rio de Janeiro,VIGARIO GERAL,,,-22.8094553000,-43.3089519000,"29/06/2018, 19:03:00",false,false,,Não identificado,,,false,0,0,0,0,0,0,0,0,0,0,0,0,0,0
16226,"Morro da Boiuna - Taquara, Rio de Janeiro - RJ, Brasil",Sudeste,Rio de Janeiro,Rio de Janeiro,TAQUARA,,BOIUNA,-22.9105556000,-43.4108333000,"29/06/2018, 19:31:00",false,false,,Não identificado,,,false,0,0,0,0,0,0,0,0,0,0,0,0,0,0
16229,"Bateau Mouche - Praça Seca, Rio de Janeiro - RJ, 22733-120, Brasil",Sudeste,Rio de Janeiro,Rio de Janeiro,PRACA SECA,,FAVELA BATEAU MOUCHE,-22.9048084000,-43.3550791000,"29/06/2018, 19:33:00",false,false,,Não identificado,,,false,0,0,0,0,0,0,0,0,0,0,0,0,0,0
16227,"Beira Rio -Vila Kennedy - Bangu, Rio de Janeiro - RJ, 21850-007, Brasil",Sudeste,Rio de Janeiro,Rio de Janeiro,VILA KENNEDY,,VILA KENNEDY,-22.8604006000,-43.4884116000,"29/06/2018, 19:45:00",false,false,,Não identificado,,,false,0,0,0,0,0,0,0,0,0,0,0,0,0,0
16228,"Jordão - Tanque, Rio de Janeiro - RJ, Brasil",Sudeste,Rio de Janeiro,Rio de Janeiro,TANQUE,,MORRO DO JORDAO,-22.9110545000,-43.3721919000,"29/06/2018, 19:47:00",false,false,,Não identificado,,,false,0,0,0,0,0,0,0,0,0,0,0,0,0,0
16230,"Vila Kennedy - Bangu, Rio de Janeiro - RJ, 21850-007, Brasil",Sudeste,Rio de Janeiro,Rio de Janeiro,VILA KENNEDY,,VILA KENNEDY,-22.8604006000,-43.4884116000,"29/06/2018, 20:43:00",false,false,,Não identificado,,,false,0,0,0,0,0,0,0,0,0,0,0,0,0,0
16262,"Morro do Jordao - Tanque, Rio de Janeiro - RJ, 22725-000, Brasil",Sudeste,Rio de Janeiro,Rio de Janeiro,TANQUE,,MORRO DO JORDAO,-22.9086111000,-43.3750000000,"29/06/2018, 21:00:00",false,false,,Não identificado,,,false,0,0,0,0,0,0,0,0,0,0,0,0,0,0
16247,"Morro doJordão - Tanque, Rio de Janeiro - RJ, Brasil",Sudeste,Rio de Janeiro,Rio de Janeiro,TANQUE,,MORRO DO JORDAO,-22.9110545000,-43.3721919000,"29/06/2018, 21:30:00",false,false,,Disputa,,,false,0,0,0,0,0,0,0,0,0,0,0,0,0,0
16233,"Estrada do Guerenguê, Rio de Janeiro - RJ, Brasil",Sudeste,Rio de Janeiro,Rio de Janeiro,TAQUARA,,COLONIA JULIANO MOREIRA,-22.9356556000,-43.3825169000,"29/06/2018, 21:45:00",false,false,,Não identificado,,,false,0,0,0,0,0,0,0,0,0,0,0,0,0,0
16241,"Morro dos Macacos - Sampaio, Rio de Janeiro - RJ, Brasil",Sudeste,Rio de Janeiro,Rio de Janeiro,SAMPAIO,,MORRO DOS MACACOS,-22.9100000000,-43.2575000000,"30/06/2018, 00:15:00",true,true,N�o identificado,Ação policial,,,false,0,0,0,0,0,0,0,0,0,0,0,0,0,0
16244,"Morro do Pavão Pavãozinho e Cantagalo - Copacabana, Rio de Janeiro - RJ, 22071-060, Brasil",Sudeste,Rio de Janeiro,Rio de Janeiro,COPACABANA,,MORRO DO CANTAGALO,-22.9811111000,-43.1975000000,"30/06/2018, 02:15:00",false,false,,Não identificado,,,false,0,0,0,0,0,0,0,0,0,0,0,0,0,0
16237,"Senador Camará, Rio de Janeiro - RJ, Brasil",Sudeste,Rio de Janeiro,Rio de Janeiro,SENADOR CAMARA,,,-22.8968333000,-43.4877927000,"30/06/2018, 03:03:00",false,false,,Não identificado,,,false,0,0,0,0,0,0,0,0,0,0,0,0,0,0
16238,"R. Pavãozinho - Copacabana, Rio de Janeiro - RJ, 22071-060, Brasil",Sudeste,Rio de Janeiro,Rio de Janeiro,COPACABANA,,MORRO DO PAVAO-PAVAOZINHO,-22.9807799000,-43.1966495000,"30/06/2018, 03:19:00",true,true,N�o identificado,Ação policial,,,false,0,0,0,0,0,0,0,0,0,0,0,0,0,0
16239,"R. Visc. de Pirajá, 29 A - Ipanema, Rio de Janeiro - RJ, 22410-001, Brasil",Sudeste,Rio de Janeiro,Rio de Janeiro,IPANEMA,,,-22.9849810000,-43.1963540000,"30/06/2018, 03:24:00",false,false,,Não identificado,,,false,0,0,0,0,0,0,0,0,0,0,0,0,0,0
16256,"Morro do Jordao - Tanque, Rio de Janeiro - RJ, 22725-000, Brasil",Sudeste,Rio de Janeiro,Rio de Janeiro,TANQUE,,MORRO DO JORDAO,-22.9086111000,-43.3750000000,"30/06/2018, 11:47:00",false,false,,Não identificado,,,false,0,0,0,0,0,0,0,0,0,0,0,0,0,0
16258,"Jardim America, Rio de Janeiro - RJ, Brasil",Sudeste,Rio de Janeiro,Rio de Janeiro,JARDIM AMERICA,,,-22.8114870000,-43.3207177000,"30/06/2018, 14:12:00",false,false,,Não identificado,,,false,0,0,0,0,0,0,0,0,0,0,0,0,0,0
16260,"Morro dos Macacos - Sampaio, Rio de Janeiro - RJ, Brasil",Sudeste,Rio de Janeiro,Rio de Janeiro,SAMPAIO,,MORRO DOS MACACOS,-22.9100000000,-43.2575000000,"30/06/2018, 14:18:00",false,false,,Não identificado,,,false,0,0,0,0,0,0,0,0,0,0,0,0,0,0
16265,"Morro do Jordão - Taquara, Rio de Janeiro - RJ, 22725-031, Brasil",Sudeste,Rio de Janeiro,Rio de Janeiro,TAQUARA,,MORRO DO JORDAO,-22.9122730000,-43.3768290000,"30/06/2018, 15:00:00",false,false,,Não identificado,,,false,0,0,0,0,0,0,0,0,0,0,0,0,0,0
16267,"Morro do Jordão - Taquara, Rio de Janeiro - RJ, 22725-031, Brasil",Sudeste,Rio de Janeiro,Rio de Janeiro,TAQUARA,,MORRO DO JORDAO,-22.9122730000,-43.3768290000,"30/06/2018, 16:23:00",false,false,,Não identificado,,,false,0,0,0,0,0,0,0,0,0,0,0,0,0,0
16268,"R. Quito - Penha, Rio de Janeiro - RJ, Brasil",Sudeste,Rio de Janeiro,Rio de Janeiro,PENHA,,,-22.8382446000,-43.2752961000,"30/06/2018, 17:31:00",false,false,,Não identificado,,,false,0,0,0,0,0,0,0,0,0,0,0,0,0,0
16269,"R. Poço Central, Cidade Alta - Cordovil, Rio de Janeiro - RJ, 21010-260, Brasil",Sudeste,Rio de Janeiro,Rio de Janeiro,CORDOVIL,,CIDADE ALTA (COMPLEXO DE ISRAEL),-22.8168022000,-43.2919855000,"30/06/2018, 18:22:00",false,false,,Não identificado,,,false,0,0,0,0,0,0,0,0,0,0,0,0,0,0
16302,"Estr. João Paulo, Rio de Janeiro - RJ, Brasil",Sudeste,Rio de Janeiro,Rio de Janeiro,BARROS FILHO,,PROENCA ROSA,-22.8393577000,-43.3623663000,"30/06/2018, 19:00:00",true,true,PM,Tentativa/Roubo,,,false,2,0,0,0,0,0,0,0,0,0,0,0,0,0
16276,"Morro do Querosene, Estácio, Rio de Janeiro - RJ, Brasil",Sudeste,Rio de Janeiro,Rio de Janeiro,RIO COMPRIDO,,MORRO DO QUEROSENE (COMPLEXO DO SAO CARLOS),-22.9224332000,-43.2019943000,"30/06/2018, 20:38:00",false,false,,Não identificado,,,false,0,0,0,0,0,0,0,0,0,0,0,0,0,0
16287,"Morro da Coroa e Mineira - Catumbi, Rio de Janeiro - RJ, Brasil",Sudeste,Rio de Janeiro,Rio de Janeiro,CATUMBI,,MORRO DA COROA,-22.9198664000,-43.1977170000,"30/06/2018, 23:00:00",false,false,,Não identificado,,,false,0,0,0,0,0,0,0,0,0,0,0,0,0,0
16300,"Catumbi, Rio de Janeiro - RJ, 20250-490, Brasil",Sudeste,Rio de Janeiro,Rio de Janeiro,CATUMBI,,,-22.9213483000,-43.2056610000,"01/07/2018, 05:00:00",false,false,,Disputa,,,false,0,1,0,0,0,0,0,0,0,0,0,0,0,0
16279,"Morro do Jordão - Tanque, Rio de Janeiro - RJ, Brasil",Sudeste,Rio de Janeiro,Rio de Janeiro,TANQUE,,MORRO DO JORDAO,-22.9110545000,-43.3721919000,"01/07/2018, 05:33:00",false,false,,Não identificado,,,false,0,0,0,0,0,0,0,0,0,0,0,0,0,0
16282,"Morro do Jordão - Taquara, Rio de Janeiro - RJ, Brasil",Sudeste,Rio de Janeiro,Rio de Janeiro,TAQUARA,,MORRO DO JORDAO,-22.9110545000,-43.3721919000,"01/07/2018, 06:37:00",true,true,N�o identificado,Operação policial,,,false,0,0,0,0,0,0,0,0,0,0,0,0,0,0
16284,"Jacaré, Rio de Janeiro - RJ, Brasil",Sudeste,Rio de Janeiro,Rio de Janeiro,JACARE,,,-22.8923272000,-43.2581953000,"01/07/2018, 06:50:00",false,false,,Não identificado,,,false,0,0,0,0,0,0,0,0,0,0,0,0,0,0
16283,"Morro do São Carlos - Estácio, Rio de Janeiro - RJ, Brasil",Sudeste,Rio de Janeiro,Rio de Janeiro,ESTACIO,,MORRO DO SAO CARLOS (COMPLEXO DO SAO CARLOS),-22.9174205000,-43.2049783000,"01/07/2018, 07:14:00",true,true,N�o identificado,Ação policial,,,false,0,1,0,0,0,0,0,0,0,0,0,0,0,0
16290,"Morro do Juramento - Vicente de Carvalho, Rio de Janeiro - RJ, Brasil",Sudeste,Rio de Janeiro,Rio de Janeiro,VICENTE DE CARVALHO,,MORRO DO JURAMENTO (COMPLEXO DO JURAMENTO),-22.8627778000,-43.3152778000,"01/07/2018, 08:33:00",false,false,,Não identificado,,,false,0,0,0,0,0,0,0,0,0,0,0,0,0,0
16291,"R. José Azevedo - Acari, Rio de Janeiro - RJ, 21230-125, Brasil",Sudeste,Rio de Janeiro,Rio de Janeiro,IRAJA,,CONJUNTO IAPC DE IRAJA,-22.8218555000,-43.3341992000,"01/07/2018, 08:38:00",false,false,,Não identificado,,,false,0,0,0,0,0,0,0,0,0,0,0,0,0,0
16292,"Morro dos Macacos - Sampaio, Rio de Janeiro - RJ, Brasil",Sudeste,Rio de Janeiro,Rio de Janeiro,SAMPAIO,,MORRO DOS MACACOS,-22.9100000000,-43.2575000000,"01/07/2018, 15:13:00",false,false,,Não identificado,,,false,0,0,0,0,0,0,0,0,0,0,0,0,0,0
16294,"Morro do Urubu - Piedade, Rio de Janeiro - RJ, Brasil",Sudeste,Rio de Janeiro,Rio de Janeiro,PIEDADE,,MORRO DO URUBU (COMPLEXO DO URUBU),-22.8756755000,-43.3075656000,"01/07/2018, 16:35:00",false,false,,Não identificado,,,false,0,0,0,0,0,0,0,0,0,0,0,0,0,0
16296,"Av. Marrocos, Vila Kennedy, Rio de Janeiro - RJ, 21850-560, Brasil",Sudeste,Rio de Janeiro,Rio de Janeiro,VILA KENNEDY,,VILA KENNEDY,-22.8595632000,-43.4917493000,"01/07/2018, 16:52:00",false,false,,Não identificado,,,false,0,0,0,0,0,0,0,0,0,0,0,0,0,0
16339,"Jardim America, Rio de Janeiro - RJ, Brasil",Sudeste,Rio de Janeiro,Rio de Janeiro,JARDIM AMERICA,,,-22.8114870000,-43.3207177000,"01/07/2018, 19:00:00",true,true,PM,Ação policial,,Perseguição,false,0,0,0,0,0,0,0,0,0,0,0,0,0,0
16303,"R. Domingos Lopes - Madureira, Rio de Janeiro - RJ, Brasil",Sudeste,Rio de Janeiro,Rio de Janeiro,MADUREIRA,,,-22.8793707000,-43.3414537000,"01/07/2018, 20:10:00",false,false,,Não identificado,,,false,0,0,0,0,0,0,0,0,0,0,0,0,0,0
16311,"Rua Silva Rêgo - Jacaré, Rio de Janeiro - RJ, Brasil",Sudeste,Rio de Janeiro,Rio de Janeiro,JACARE,,,-22.8928997000,-43.2581144000,"01/07/2018, 21:30:00",false,false,,Não identificado,,,false,0,0,0,0,0,0,0,0,0,0,0,0,0,0
16307,"R. Jordão - Tanque, Rio de Janeiro - RJ, Brasil",Sudeste,Rio de Janeiro,Rio de Janeiro,TANQUE,,MORRO DO JORDAO,-22.9110545000,-43.3721919000,"01/07/2018, 22:45:00",false,false,,Não identificado,,,false,0,0,0,0,0,0,0,0,0,0,0,0,0,0
16313,"Morro do Jordão - Taquara, Rio de Janeiro - RJ, Brasil",Sudeste,Rio de Janeiro,Rio de Janeiro,TAQUARA,,MORRO DO JORDAO,-22.9230494000,-43.3739788000,"02/07/2018, 00:07:00",false,false,,Não identificado,,,false,0,0,0,0,0,0,0,0,0,0,0,0,0,0
16312,"Morro do Jordão -Taquara, Rio de Janeiro - RJ, Brasil",Sudeste,Rio de Janeiro,Rio de Janeiro,TAQUARA,,MORRO DO JORDAO,-22.9230494000,-43.3739788000,"02/07/2018, 03:07:00",false,false,,Não identificado,,,false,0,0,0,0,0,0,0,0,0,0,0,0,0,0
16308,"Av. Mal. Rondon, Rio de Janeiro - RJ, Brasil",Sudeste,Rio de Janeiro,Rio de Janeiro,SAO FRANCISCO XAVIER,,,-22.9053179000,-43.2440352000,"02/07/2018, 03:41:00",true,true,N�o identificado,Ação policial,,Perseguição,false,1,0,0,0,0,0,0,0,0,0,0,0,0,0
16309,"Morro do Jordão -  Taquara, Rio de Janeiro - RJ, Brasil",Sudeste,Rio de Janeiro,Rio de Janeiro,TAQUARA,,MORRO DO JORDAO,-22.9230494000,-43.3739788000,"02/07/2018, 04:31:00",true,true,N�o identificado,Disputa,,,false,0,0,0,0,0,0,0,0,0,0,0,0,0,0
16310,"Morro da Babilônia - Leme, Rio de Janeiro - RJ, 22010-060, Brasil",Sudeste,Rio de Janeiro,Rio de Janeiro,LEME,,BABILONIA,-22.9601461000,-43.1704097000,"02/07/2018, 04:32:00",false,false,,Disputa,,,false,0,0,0,0,0,0,0,0,0,0,0,0,0,0
16350,"Morro do Juramento - Vicente de Carvalho, Rio de Janeiro - RJ, Brasil",Sudeste,Rio de Janeiro,Rio de Janeiro,VICENTE DE CARVALHO,,MORRO DO JURAMENTO (COMPLEXO DO JURAMENTO),-22.8627778000,-43.3152778000,"02/07/2018, 05:00:00",true,true,N�o identificado,Operação policial,,,false,0,1,0,0,0,0,0,0,0,0,0,0,0,0
16314,"R. Clara Nunes, Rio de Janeiro - RJ, Brasil",Sudeste,Rio de Janeiro,Rio de Janeiro,OSVALDO CRUZ,,,-22.8711561000,-43.3436242000,"02/07/2018, 08:04:00",false,false,,Não identificado,,,false,0,0,0,0,0,0,0,0,0,0,0,0,0,0
16315,"Cordovil, Rio de Janeiro - RJ, Brasil",Sudeste,Rio de Janeiro,Rio de Janeiro,CORDOVIL,,,-22.8234412000,-43.2959357000,"02/07/2018, 09:50:00",false,false,,Não identificado,,,false,0,0,0,0,0,0,0,0,0,0,0,0,0,0
16341,"Av. Pastor Martin Luther King Junior, 126 - Del Castilho, Rio de Janeiro - RJ, 20765-000, Brasil",Sudeste,Rio de Janeiro,Rio de Janeiro,DEL CASTILHO,,,-22.8781778000,-43.2720136000,"02/07/2018, 12:00:00",true,true,N�o identificado,Tentativa/Roubo,,Shopping,false,0,2,0,0,0,0,0,0,0,0,0,0,0,0
16317,"Estr. Srg. Miguel Filho - Bangu, Rio de Janeiro - RJ, Brasil",Sudeste,Rio de Janeiro,Rio de Janeiro,VILA KENNEDY,,VILA KENNEDY,-22.8588961000,-43.4870104000,"02/07/2018, 13:30:00",false,false,,Não identificado,,,false,0,0,0,0,0,0,0,0,0,0,0,0,0,0
16320,"R. Congo - Bangu, Rio de Janeiro - RJ, Brasil",Sudeste,Rio de Janeiro,Rio de Janeiro,VILA KENNEDY,,VILA KENNEDY,-22.8621466000,-43.4907856000,"02/07/2018, 13:39:00",false,false,,Não identificado,,,false,0,0,0,0,0,0,0,0,0,0,0,0,0,0
16325,"Estr. do Taquaral - Senador Camará, Rio de Janeiro - RJ, 21842-550, Brasil",Sudeste,Rio de Janeiro,Rio de Janeiro,SENADOR CAMARA,,,-22.8713057000,-43.4859222000,"02/07/2018, 14:54:00",false,false,,Não identificado,,,false,0,0,0,0,0,0,0,0,0,0,0,0,0,0
16329,"Morro da Chacrinha - Praça Seca, Rio de Janeiro - RJ, 22733-040, Brasil",Sudeste,Rio de Janeiro,Rio de Janeiro,PRACA SECA,,FAVELA DA CHACRINHA,-22.9017589000,-43.3622460000,"02/07/2018, 16:06:00",false,false,,Não identificado,,,false,0,0,0,0,0,0,0,0,0,0,0,0,0,0
16342,"Cidade Alta - Cordovil, Rio de Janeiro - RJ, 21010-150, Brasil",Sudeste,Rio de Janeiro,Rio de Janeiro,CORDOVIL,,CIDADE ALTA (COMPLEXO DE ISRAEL),-22.8197204000,-43.2956836000,"02/07/2018, 17:00:00",false,false,,Disputa,,,false,0,0,0,0,0,0,0,0,0,0,0,0,0,0
16332,"Mangueira, Rio de Janeiro - RJ, Brasil",Sudeste,Rio de Janeiro,Rio de Janeiro,MANGUEIRA,,MANGUEIRA,-22.9052507000,-43.2340127000,"02/07/2018, 17:38:00",false,false,,Não identificado,,,false,0,0,0,0,0,0,0,0,0,0,0,0,0,0
16337,"R. Luís Réis, 503-429 - Anchieta, Rio de Janeiro - RJ, 21645-350, Brasil",Sudeste,Rio de Janeiro,Rio de Janeiro,ANCHIETA,,PARQUE ESPERANCA (COMPLEXO DO CHAPADAO),-22.8265649000,-43.3942104000,"02/07/2018, 18:04:00",false,false,,Não identificado,,,false,0,0,0,0,0,0,0,0,0,0,0,0,0,0
16357,"R. Honório, Rio de Janeiro - RJ, Brasil",Sudeste,Rio de Janeiro,Rio de Janeiro,TODOS OS SANTOS,,,-22.8884662000,-43.2774827000,"02/07/2018, 18:06:00",false,false,,Não identificado,,,false,0,0,0,0,0,0,0,0,0,0,0,0,0,0
16338,"Rua Santa Alexandrina, 416 - Rio Comprido, Rio de Janeiro - RJ, 20261-232, Brasil",Sudeste,Rio de Janeiro,Rio de Janeiro,RIO COMPRIDO,,,-22.9283073000,-43.2082956000,"02/07/2018, 18:46:00",false,false,,Não identificado,,,false,0,0,0,0,0,0,0,0,0,0,0,0,0,0
16340,"Morro dos Macacos - Vila Isabel, Rio de Janeiro - RJ, Brasil",Sudeste,Rio de Janeiro,Rio de Janeiro,VILA ISABEL,,MORRO DOS MACACOS,-22.9105457000,-43.2534821000,"02/07/2018, 19:09:00",false,false,,Não identificado,,,false,0,0,0,0,0,0,0,0,0,0,0,0,0,0
16358,"Morro do Jordão - Taquara, Rio de Janeiro - RJ, 22725-030, Brasil",Sudeste,Rio de Janeiro,Rio de Janeiro,TAQUARA,,MORRO DO JORDAO,-22.9121757000,-43.3774649000,"02/07/2018, 22:15:00",true,true,BOPE,Operação policial,,,false,1,0,0,0,0,0,0,0,0,0,0,0,0,0
16361,"Túnel Santa Bárbara - Santa Teresa, Rio de Janeiro - RJ, Brasil",Sudeste,Rio de Janeiro,Rio de Janeiro,SANTA TERESA,,,-22.9255155000,-43.1900489000,"02/07/2018, 22:43:00",false,false,,Não identificado,,,false,0,0,0,0,0,0,0,0,0,0,0,0,0,0
16362,"Chapeu Mangueira - Leme, Rio de Janeiro - RJ, Brasil",Sudeste,Rio de Janeiro,Rio de Janeiro,LEME,,CHAPEU-MANGUEIRA,-22.9615018000,-43.1662396000,"03/07/2018, 03:30:00",true,true,PM,Operação policial,,,false,0,0,0,0,0,0,0,0,0,0,0,0,0,0
16363,"Complexo do Alemão, Rio de Janeiro - RJ, Brasil",Sudeste,Rio de Janeiro,Rio de Janeiro,COMPLEXO DO ALEMAO,,COMPLEXO DO ALEMAO,-22.8593331000,-43.2754759000,"03/07/2018, 04:10:00",false,false,,Não identificado,,,false,0,0,0,0,0,0,0,0,0,0,0,0,0,0
16364,"Cidade Alta - Cordovil, Rio de Janeiro - RJ, 21010-200, Brasil",Sudeste,Rio de Janeiro,Rio de Janeiro,CORDOVIL,,CIDADE ALTA (COMPLEXO DE ISRAEL),-22.8196976000,-43.2943395000,"03/07/2018, 04:40:00",true,true,PM,Operação policial,,,false,0,0,0,0,0,0,0,0,0,0,0,0,0,0
16366,"Morro Chapéu Mangueira - Leme, Rio de Janeiro - RJ, 22010-060, Brasil",Sudeste,Rio de Janeiro,Rio de Janeiro,LEME,,CHAPEU-MANGUEIRA,-22.9597702000,-43.1713128000,"03/07/2018, 04:55:00",false,false,,Não identificado,,,false,0,0,0,0,0,0,0,0,0,0,0,0,0,0
16367,"Pilares, Rio de Janeiro - RJ, Brasil",Sudeste,Rio de Janeiro,Rio de Janeiro,PILARES,,,-22.8814021000,-43.2934758000,"03/07/2018, 06:16:00",false,false,,Não identificado,,,false,0,0,0,0,0,0,0,0,0,0,0,0,0,0
16368,"Karatê - Cidade de Deus, Rio de Janeiro - RJ, Brasil",Sudeste,Rio de Janeiro,Rio de Janeiro,CIDADE DE DEUS,,CIDADE DE DEUS,-22.9481688000,-43.3626721000,"03/07/2018, 06:40:00",false,false,,Não identificado,,,false,0,0,0,0,0,0,0,0,0,0,0,0,0,0
16369,"Av. Brasil, 19001 - Irajá, Rio de Janeiro - RJ, 21530-000, Brasil",Sudeste,Rio de Janeiro,Rio de Janeiro,IRAJA,,,-22.8322793000,-43.3372235000,"03/07/2018, 07:13:00",false,false,,Não identificado,,,false,0,0,0,0,0,0,0,0,0,0,0,0,0,0
16373,"Madureira, Rio de Janeiro - RJ, 21310-290, Brasil",Sudeste,Rio de Janeiro,Rio de Janeiro,MADUREIRA,,,-22.8772946000,-43.3365402000,"03/07/2018, 10:29:00",false,false,,Não identificado,,,false,0,0,0,0,0,0,0,0,0,0,0,0,0,0
16374,"Morro do Adeus - Complexo do Alemão, Rio de Janeiro - RJ, Brasil",Sudeste,Rio de Janeiro,Rio de Janeiro,COMPLEXO DO ALEMAO,,MORRO DO ADEUS (COMPLEXO DO ALEMAO),-22.8654866000,-43.2619815000,"03/07/2018, 11:07:00",false,false,,Não identificado,,,false,0,0,0,0,0,0,0,0,0,0,0,0,0,0
16376,"R. Leopoldo Bulhões - Benfica, Rio de Janeiro - RJ, Brazil",Sudeste,Rio de Janeiro,Rio de Janeiro,MANGUINHOS,,COMPLEXO DE MANGUINHOS,-22.8801395000,-43.2503891000,"03/07/2018, 12:06:00",false,false,,Não identificado,,,false,0,0,0,0,0,0,0,0,0,0,0,0,0,0
16377,"R. Santana do Livramento - Manguinhos, Rio de Janeiro - RJ, Brasil",Sudeste,Rio de Janeiro,Rio de Janeiro,MANGUINHOS,,VILA TURISMO (COMPLEXO DE MANGUINHOS),-22.8782184000,-43.2529793000,"03/07/2018, 12:11:00",true,true,N�o identificado,Ação policial,,,false,0,1,0,0,0,0,0,0,0,0,0,0,0,0
16379,"R. Merendiba, 72, Complexo do Alemão, Rio de Janeiro - RJ, 21070-730, Brasil",Sudeste,Rio de Janeiro,Rio de Janeiro,OLARIA,,MORRO DA MERENDIBA (COMPLEXO DA PENHA),-22.8463520000,-43.2761570000,"03/07/2018, 12:53:00",false,false,,Não identificado,,,false,0,0,0,0,0,0,0,0,0,0,0,0,0,0
16382,"Av. dos Democráticos, 51 - Manguinhos, Rio de Janeiro - RJ, Brasil",Sudeste,Rio de Janeiro,Rio de Janeiro,MANGUINHOS,,COREIA (COMPLEXO DE MANGUINHOS),-22.8820427000,-43.2536180000,"03/07/2018, 13:11:00",true,true,N�o identificado,Ação policial,,,false,0,0,0,0,0,0,0,0,0,0,0,0,0,0
16381,"Vila Kennedy - Bangu, Rio de Janeiro - RJ, 21850-007, Brasil",Sudeste,Rio de Janeiro,Rio de Janeiro,VILA KENNEDY,,VILA KENNEDY,-22.8604006000,-43.4884116000,"03/07/2018, 13:13:00",false,false,,Não identificado,,,false,0,0,0,0,0,0,0,0,0,0,0,0,0,0
16387,"Beco da esperança, Vila Cruzeiro, Rio de janeiro-RJ",Sudeste,Rio de Janeiro,Rio de Janeiro,OLARIA,,VILA CRUZEIRO (COMPLEXO DA PENHA),-22.8503090000,-43.2824282000,"03/07/2018, 14:00:00",true,true,N�o identificado,Ação policial,,,false,0,0,0,0,0,0,0,0,0,0,0,0,0,0
16391,"Av. Central - Bangu, Rio de Janeiro - RJ, Brasil",Sudeste,Rio de Janeiro,Rio de Janeiro,VILA KENNEDY,,VILA KENNEDY,-22.8569021000,-43.4866968000,"03/07/2018, 16:31:00",false,false,,Não identificado,,,false,0,0,0,0,0,0,0,0,0,0,0,0,0,0
16394,"Morro do Jordao - Tanque, Rio de Janeiro - RJ, 22725-000, Brasil",Sudeste,Rio de Janeiro,Rio de Janeiro,TANQUE,,MORRO DO JORDAO,-22.9086111000,-43.3750000000,"03/07/2018, 16:51:00",false,false,,Não identificado,,,false,0,0,0,0,0,0,0,0,0,0,0,0,0,0
16396,"Morro do Jordao - Tanque, Rio de Janeiro - RJ, 22725-000, Brasil",Sudeste,Rio de Janeiro,Rio de Janeiro,TANQUE,,MORRO DO JORDAO,-22.9086111000,-43.3750000000,"03/07/2018, 18:51:00",false,false,,Não identificado,,,false,0,0,0,0,0,0,0,0,0,0,0,0,0,0
16401,"R. Araújo Lima, Rio de Janeiro - RJ, Brasil",Sudeste,Rio de Janeiro,Rio de Janeiro,VILA ISABEL,,,-22.9219137000,-43.2417877000,"03/07/2018, 22:38:00",false,false,,Não identificado,,,false,0,0,0,0,0,0,0,0,0,0,0,0,0,0
16402,"R. A, 17 - Santa Cruz, Rio de Janeiro - RJ, 23510-220, Brasil",Sudeste,Rio de Janeiro,Rio de Janeiro,SANTA CRUZ,,JARDIM DAS PEDRINHAS,-22.9203023000,-43.6747736000,"03/07/2018, 22:58:00",true,true,N�o identificado,Ação policial,,,false,0,0,0,0,0,0,0,0,0,0,0,0,0,0
16406,"Divisa - Maré, Rio de Janeiro - RJ, Brasil",Sudeste,Rio de Janeiro,Rio de Janeiro,MARE,,BAIXA DO SAPATEIRO (COMPLEXO DA MARE),-22.8584381000,-43.2417860000,"04/07/2018, 03:20:00",false,false,,Não identificado,,,false,0,0,0,0,0,0,0,0,0,0,0,0,0,0
16403,"Morro da Providencia - Gambôa, Rio de Janeiro - RJ, 20221-310, Brasil",Sudeste,Rio de Janeiro,Rio de Janeiro,GAMBOA,,MORRO DA PROVIDENCIA,-22.9002778000,-43.1952778000,"04/07/2018, 04:33:00",true,true,N�o identificado,Operação policial,,,false,0,0,0,0,0,0,0,0,0,0,0,0,0,0
16404,"Morro do São Carlos e Querosene  - Estácio, Rio de Janeiro - RJ, Brasil",Sudeste,Rio de Janeiro,Rio de Janeiro,RIO COMPRIDO,,MORRO DO QUEROSENE (COMPLEXO DO SAO CARLOS),-22.9174205000,-43.2049783000,"04/07/2018, 05:24:00",true,true,PM,Operação policial,,,false,0,0,0,0,0,0,0,0,0,0,0,0,0,0
16409,"Alto do Morro, no Congo -Vila Kennedy - Bangu, Rio de Janeiro - RJ, 21850-007, Brasil",Sudeste,Rio de Janeiro,Rio de Janeiro,VILA KENNEDY,,VILA KENNEDY,-22.8604006000,-43.4884116000,"04/07/2018, 07:30:00",false,false,,Não identificado,,,false,0,0,0,0,0,0,0,0,0,0,0,0,0,0
16411,"Vila Kennedy - Bangu, Rio de Janeiro - RJ, 21850-007, Brasil",Sudeste,Rio de Janeiro,Rio de Janeiro,VILA KENNEDY,,VILA KENNEDY,-22.8604006000,-43.4884116000,"04/07/2018, 12:10:00",false,false,,Não identificado,,,false,0,0,0,0,0,0,0,0,0,0,0,0,0,0
16413,"R. Isaque - Cidade de Deus, Rio de Janeiro - RJ, 22773-320, Brasil",Sudeste,Rio de Janeiro,Rio de Janeiro,CIDADE DE DEUS,,CIDADE DE DEUS,-22.9461500000,-43.3644790000,"04/07/2018, 14:14:00",true,true,N�o identificado,Ação policial,,,false,0,0,0,0,0,0,0,0,0,0,0,0,0,0
16415,"Morro do Jordao - Tanque, Rio de Janeiro - RJ, 22725-000, Brasil",Sudeste,Rio de Janeiro,Rio de Janeiro,TANQUE,,MORRO DO JORDAO,-22.9086111000,-43.3750000000,"04/07/2018, 14:21:00",false,false,,Não identificado,,,false,0,0,0,0,0,0,0,0,0,0,0,0,0,0
16418,"R. Barão de Itapagipe, Rio de Janeiro - RJ, Brasil",Sudeste,Rio de Janeiro,Rio de Janeiro,RIO COMPRIDO,,MORRO DO TURANO,-22.9222076000,-43.2156585000,"04/07/2018, 15:12:00",false,false,,Não identificado,,,false,0,0,0,0,0,0,0,0,0,0,0,0,0,0
16421,"Manilha - Vila Kennedy, Rio de Janeiro - RJ, 21850-650, Brasil",Sudeste,Rio de Janeiro,Rio de Janeiro,VILA KENNEDY,,VILA KENNEDY,-22.8592930000,-43.4895780000,"04/07/2018, 16:09:00",false,false,,Não identificado,,,false,0,0,0,0,0,0,0,0,0,0,0,0,0,0
16420,"Morro da Congonha - Madureira, Rio de Janeiro - RJ, 21360-430, Brasil",Sudeste,Rio de Janeiro,Rio de Janeiro,MADUREIRA,,MORRO DA CONGONHA (COMPLEXO DO CAJUEIRO),-22.8626978000,-43.3334084000,"04/07/2018, 16:30:00",false,false,,Não identificado,,,false,0,0,0,0,0,0,0,0,0,0,0,0,0,0
16422,"Favela Beira-Pica Pau - Cordovil, Rio de Janeiro - RJ, 21012-040, Brasil",Sudeste,Rio de Janeiro,Rio de Janeiro,CORDOVIL,,FAVELA DO PICA PAU (COMPLEXO DE ISRAEL),-22.8204011000,-43.2896745000,"04/07/2018, 16:34:00",false,false,,Não identificado,,,false,0,0,0,0,0,0,0,0,0,0,0,0,0,0
16423,"Rua Barão, 160 - Praça Seca, Rio de Janeiro - RJ, 21321-620, Brasil",Sudeste,Rio de Janeiro,Rio de Janeiro,PRACA SECA,,MORRO SAO JOSE OPERARIO (OU MORRO DA BARAO),-22.9028889000,-43.3464270000,"04/07/2018, 17:35:00",false,false,,Não identificado,,,false,0,0,0,0,0,0,0,0,0,0,0,0,0,0
16438,"Morro do Jordão - Taquara, Rio de Janeiro - RJ, 22725-430, Brasil",Sudeste,Rio de Janeiro,Rio de Janeiro,TAQUARA,,MORRO DO JORDAO,-22.9114200000,-43.3800800000,"04/07/2018, 21:05:00",false,false,,Disputa,,,false,0,0,0,0,0,0,0,0,0,0,0,0,0,0
16434,"Largo da Segunda-feira - Tijuca, Rio de Janeiro - RJ, 20261-120, Brasil",Sudeste,Rio de Janeiro,Rio de Janeiro,TIJUCA,,,-22.9219090000,-43.2215506000,"05/07/2018, 00:30:00",false,false,,Não identificado,,,false,0,0,0,0,0,0,0,0,0,0,0,0,0,0
16430,"Acari, Rio de Janeiro - RJ, Brasil",Sudeste,Rio de Janeiro,Rio de Janeiro,ACARI,,,-22.8255312000,-43.3444600000,"05/07/2018, 02:10:00",true,true,N�o identificado,Ação policial,,,false,0,0,0,0,0,0,0,0,0,0,0,0,0,0
16433,"Morro do Turano - Rio Comprido, Rio de Janeiro - RJ, 20261-004, Brasil",Sudeste,Rio de Janeiro,Rio de Janeiro,RIO COMPRIDO,,MORRO DO TURANO,-22.9256516000,-43.2154698000,"05/07/2018, 02:26:00",true,true,PM,Operação policial,,,false,0,0,0,1,0,0,0,0,0,0,0,0,0,0
16435,"R. Água Doce, 40 - Cordovil, Rio de Janeiro - RJ, 21010-200, Brasil",Sudeste,Rio de Janeiro,Rio de Janeiro,CORDOVIL,,CIDADE ALTA (COMPLEXO DE ISRAEL),-22.8196976000,-43.2943395000,"05/07/2018, 03:40:00",true,true,BOPE,Ação policial,,,false,0,0,0,0,0,0,0,0,0,0,0,0,0,0
16454,"Kelson's - Penha Circular, Rio de Janeiro - RJ, 21011-723, Brasil",Sudeste,Rio de Janeiro,Rio de Janeiro,PENHA CIRCULAR,,FAVELA DA KELSONS,-22.8198890000,-43.2719350000,"05/07/2018, 05:00:00",true,true,N�o identificado,Ação policial,,,false,0,0,0,0,0,0,0,0,0,0,0,0,0,0
16440,"Rua Barão, 350 - Praça Seca, Rio de Janeiro - RJ, 21321-620, Brasil",Sudeste,Rio de Janeiro,Rio de Janeiro,PRACA SECA,,MORRO SAO JOSE OPERARIO (OU MORRO DA BARAO),-22.9019548000,-43.3480770000,"05/07/2018, 07:59:00",false,false,,Não identificado,,,false,0,0,0,0,0,0,0,0,0,0,0,0,0,0
16443,"Cesarão, Santa Cruz, Rio de Janeiro - RJ, Brasil",Sudeste,Rio de Janeiro,Rio de Janeiro,SANTA CRUZ,,CESARAO,-22.9354721000,-43.6574149000,"05/07/2018, 09:28:00",false,false,,Não identificado,,,false,0,0,0,0,0,0,0,0,0,0,0,0,0,0
16448,"Cidade Alta - Cordovil, Rio de Janeiro - RJ, 21010-200, Brasil",Sudeste,Rio de Janeiro,Rio de Janeiro,CORDOVIL,,CIDADE ALTA (COMPLEXO DE ISRAEL),-22.8196976000,-43.2943395000,"05/07/2018, 12:00:00",true,true,PM,Operação policial,,,false,0,1,0,0,0,0,0,0,0,0,0,0,0,0
16450,"Favela Bandeira 2 - Del Castilho, Rio de Janeiro - RJ, Brasil",Sudeste,Rio de Janeiro,Rio de Janeiro,DEL CASTILHO,,FAVELA BANDEIRA 2,-22.8817976000,-43.2684935000,"05/07/2018, 13:58:00",true,true,N�o identificado,Ação policial,,,false,0,0,0,2,0,0,0,0,0,0,0,0,0,0
16452,"Rua Barão, 160 - Praça Seca, Rio de Janeiro - RJ, 21321-620, Brasil",Sudeste,Rio de Janeiro,Rio de Janeiro,PRACA SECA,,MORRO SAO JOSE OPERARIO (OU MORRO DA BARAO),-22.9028889000,-43.3464270000,"05/07/2018, 14:39:00",false,false,,Não identificado,,,false,0,0,0,0,0,0,0,0,0,0,0,0,0,0
16453,"Bandeira 2 - Del Castilho, Rio de Janeiro - RJ, Brasil",Sudeste,Rio de Janeiro,Rio de Janeiro,DEL CASTILHO,,FAVELA BANDEIRA 2,-22.8817976000,-43.2684935000,"05/07/2018, 15:01:00",true,true,N�o identificado,Ação policial,,,false,0,0,0,0,0,0,0,0,0,0,0,0,0,0
16462,"R. Arquias Cordeiro, 1398 - Meier, Rio de Janeiro - RJ, Brasil",Sudeste,Rio de Janeiro,Rio de Janeiro,MEIER,,,-22.8951888000,-43.2933534000,"05/07/2018, 18:10:00",false,false,,Não identificado,,,false,0,1,0,0,0,0,0,0,0,0,0,0,0,0
16517,"Estácio, Rio de Janeiro - RJ, 20250-052, Brasil",Sudeste,Rio de Janeiro,Rio de Janeiro,ESTACIO,,,-22.9137480000,-43.2043763000,"05/07/2018, 19:00:00",true,true,N�o identificado,Ação policial,,,false,0,1,0,0,0,0,0,0,0,0,0,0,0,0
16518,"Av. Paulo de Frontin, Rio de Janeiro - RJ, Brasil",Sudeste,Rio de Janeiro,Rio de Janeiro,RIO COMPRIDO,,,-22.9256905000,-43.2096143000,"05/07/2018, 20:00:00",true,true,N�o identificado,Ação policial,,Perseguição,false,0,0,0,0,0,0,0,0,0,0,0,0,0,0
16461,"Morro do Juramento - Av. Igramirim, 192 - Vicente de Carvalho, Rio de Janeiro - RJ, 21371-010, Brasil",Sudeste,Rio de Janeiro,Rio de Janeiro,VICENTE DE CARVALHO,,MORRO DO JURAMENTO (COMPLEXO DO JURAMENTO),-22.8574572000,-43.3151647000,"05/07/2018, 20:33:00",false,false,,Não identificado,,,false,0,0,0,0,0,0,0,0,0,0,0,0,0,0
16469,"R. Marquês de Olinda - Botafogo, Rio de Janeiro - RJ, Brasil",Sudeste,Rio de Janeiro,Rio de Janeiro,BOTAFOGO,,,-22.9437421000,-43.1843585000,"05/07/2018, 23:21:00",true,true,N�o identificado,Ação policial,,Perseguição,false,0,0,0,0,0,0,0,0,0,0,0,0,0,0
16467,"15 - Cidade de Deus, Rio de Janeiro - RJ, 22773-060, Brasil",Sudeste,Rio de Janeiro,Rio de Janeiro,CIDADE DE DEUS,,CIDADE DE DEUS,-22.9473550000,-43.3670310000,"06/07/2018, 03:16:00",false,false,,Não identificado,,,false,0,0,0,0,0,0,0,0,0,0,0,0,0,0
16479,"001 - Pavuna, Rio de Janeiro - RJ, 20765-630, Brasil",Sudeste,Rio de Janeiro,Rio de Janeiro,PAVUNA,,,-22.8066608000,-43.3649170000,"06/07/2018, 12:30:00",true,true,N�o identificado,Ação policial,,,false,0,1,0,1,0,0,0,0,0,0,0,0,0,0
16480,"Estr. da Covanca - Tanque, Rio de Janeiro - RJ, Brasil",Sudeste,Rio de Janeiro,Rio de Janeiro,TANQUE,,MORRO DA COVANCA,-22.9148888000,-43.3480613000,"06/07/2018, 15:35:00",false,false,,Não identificado,,,false,0,0,0,0,0,0,0,0,0,0,0,0,0,0
16483,"Favela da Light - Jardim Novo, Realengo, Rio de Janeiro - RJ, 21745-265, Brasil",Sudeste,Rio de Janeiro,Rio de Janeiro,REALENGO,,COMUNIDADE DA LIGHT (OU FAVELA DO ALMIRANTE),-22.8840690000,-43.4069560000,"06/07/2018, 15:43:00",false,false,,Não identificado,,,false,0,0,0,0,0,0,0,0,0,0,0,0,0,0
16487,"Morro da Caixa D'ÁguaTanque, Rio de Janeiro - RJ, Brasil",Sudeste,Rio de Janeiro,Rio de Janeiro,TANQUE,,MORRO DA CAIXA D'AGUA (TANQUE),-22.9180113000,-43.3610277000,"06/07/2018, 17:02:00",false,false,,Não identificado,,,false,0,0,0,0,0,0,0,0,0,0,0,0,0,0
16492,"R. Felipe Camarão - Tijuca, Rio de Janeiro - RJ, 20550-011, Brasil",Sudeste,Rio de Janeiro,Rio de Janeiro,VILA ISABEL,,,-22.9158368000,-43.2352855000,"06/07/2018, 19:27:00",false,false,,Não identificado,,,false,0,0,0,0,0,0,0,0,0,0,0,0,0,0
16495,"13, Ap e Pantanal - Cidade de Deus, Rio de Janeiro - RJ, Brasil",Sudeste,Rio de Janeiro,Rio de Janeiro,CIDADE DE DEUS,,CIDADE DE DEUS,-22.9481688000,-43.3626721000,"06/07/2018, 20:15:00",true,true,UPP (Cidade de Deus),Ação policial,,,false,1,0,0,0,0,0,0,0,0,0,0,0,0,0
16504,"R. Araújo Leitão - Engenho Novo, Rio de Janeiro - RJ, Brasil",Sudeste,Rio de Janeiro,Rio de Janeiro,ENGENHO NOVO,,,-22.9137137000,-43.2716753000,"06/07/2018, 21:40:00",false,false,,Não identificado,,,false,0,0,0,0,0,0,0,0,0,0,0,0,0,0
16521,"AutoEstrada Grajaú - Jacarepaguá - Engenho Novo, Rio de Janeiro - RJ, Brasil",Sudeste,Rio de Janeiro,Rio de Janeiro,ENGENHO NOVO,,COMPLEXO DO LINS,-22.9210934000,-43.2850215000,"07/07/2018, 05:00:00",true,true,PM,Ação policial,,,false,0,2,0,0,0,0,0,0,0,0,0,0,0,0
16510,"R. da Light - Realengo, Rio de Janeiro - RJ, 21765-700, Brasil",Sudeste,Rio de Janeiro,Rio de Janeiro,REALENGO,,,-22.8398276000,-43.3666786000,"07/07/2018, 10:48:00",false,false,,Não identificado,,,false,0,0,0,0,0,0,0,0,0,0,0,0,0,0
16513,"Favela do Az de Ouro- Anchieta, Rio de Janeiro - RJ, 21630-130, Brasil",Sudeste,Rio de Janeiro,Rio de Janeiro,ANCHIETA,,FAVELA AZ DE OURO (OU BEIRA-RIO),-22.8212310000,-43.4123500000,"07/07/2018, 17:27:00",true,true,PM,Ação policial,,,false,0,1,0,0,0,0,0,0,0,0,0,0,0,0
16516,"R. Sargento rego,  Ricardo de Albuquerque, Rio de Janeiro - RJ, 21640-090, Brasil",Sudeste,Rio de Janeiro,Rio de Janeiro,RICARDO DE ALBUQUERQUE,,CONJUNTO SANTA EDWIGES,-22.8327713000,-43.3941204000,"07/07/2018, 18:40:00",false,false,,Não identificado,,,false,0,0,0,0,0,0,0,0,0,0,0,0,0,0
16527,"R. Canitar, Complexo do Alemão - Rio de Janeiro - RJ, Brasil",Sudeste,Rio de Janeiro,Rio de Janeiro,COMPLEXO DO ALEMAO,,MORRO DAS PALMEIRAS (COMPLEXO DO ALEMAO),-22.8602971000,-43.2814254000,"07/07/2018, 20:55:00",false,false,,Não identificado,,,false,0,0,0,0,0,0,0,0,0,0,0,0,0,0
16533,"Morro da Covanca - Tanque, Rio de Janeiro - RJ, 22735-040, Brasil",Sudeste,Rio de Janeiro,Rio de Janeiro,TANQUE,,MORRO DA COVANCA,-22.9138700000,-43.3443580000,"07/07/2018, 21:51:00",false,false,,Não identificado,,,false,0,0,0,0,0,0,0,0,0,0,0,0,0,0
16532,"comunidade do muquico - Mal. Hermes, Rio de Janeiro - RJ, 21675-230, Brasil",Sudeste,Rio de Janeiro,Rio de Janeiro,MARECHAL HERMES,,FAVELA DO MUQUICO,-22.8509020000,-43.3717690000,"08/07/2018, 00:12:00",false,false,,Não identificado,,,false,0,0,0,0,0,0,0,0,0,0,0,0,0,0
16573,"Gardênia Azul, Rio de Janeiro - RJ, Brasil",Sudeste,Rio de Janeiro,Rio de Janeiro,GARDENIA AZUL,,,-22.9583230000,-43.3517018000,"08/07/2018, 01:30:00",false,false,,Ataque a civis,,Ataques armados sobre rodas,false,0,5,0,0,0,0,0,0,0,0,0,0,0,0
16544,"Gardênia Azul, Rio de Janeiro - RJ, Brasil",Sudeste,Rio de Janeiro,Rio de Janeiro,GARDENIA AZUL,,,-22.9583230000,-43.3517018000,"08/07/2018, 03:30:00",false,false,,Não identificado,,,false,0,0,0,0,0,0,0,0,0,0,0,0,0,0
16537,"PAC - Complexo de Manguinhos Rio de Janeiro - RJ, Brasil",Sudeste,Rio de Janeiro,Rio de Janeiro,MANGUINHOS,,COMPLEXO DE MANGUINHOS,-22.8871114000,-43.2475736000,"08/07/2018, 04:17:00",false,false,,Não identificado,,,false,0,0,0,0,0,0,0,0,0,0,0,0,0,0
16538,"Morro do Borel - Tijuca, Rio de Janeiro - RJ, 20530-003, Brasil",Sudeste,Rio de Janeiro,Rio de Janeiro,TIJUCA,,MORRO DO BOREL,-22.9384726000,-43.2544331000,"08/07/2018, 04:42:00",false,false,,Não identificado,,,false,0,0,0,0,0,0,0,0,0,0,0,0,0,0
16540,"Chatuba - Penha, Rio de Janeiro - RJ, 21070-355, Brasil",Sudeste,Rio de Janeiro,Rio de Janeiro,PENHA,,CHATUBA (COMPLEXO DA PENHA),-22.8461530000,-43.2915550000,"08/07/2018, 04:43:00",false,false,,Não identificado,,,false,0,0,0,0,0,0,0,0,0,0,0,0,0,0
16539,"Morro do Juramento - Vicente de Carvalho, Rio de Janeiro - RJ, Brasil",Sudeste,Rio de Janeiro,Rio de Janeiro,VICENTE DE CARVALHO,,MORRO DO JURAMENTO (COMPLEXO DO JURAMENTO),-22.8584300000,-43.3167307000,"08/07/2018, 04:44:00",false,false,,Não identificado,,,false,0,0,0,0,0,0,0,0,0,0,0,0,0,0
16541,"Vila Vintém - Padre Miguel, Rio de Janeiro - RJ, 21721-021, Brasil",Sudeste,Rio de Janeiro,Rio de Janeiro,PADRE MIGUEL,,VILA VINTEM,-22.8705391000,-43.4426109000,"08/07/2018, 05:54:00",false,false,,Não identificado,,,false,0,0,0,0,0,0,0,0,0,0,0,0,0,0
16545,"Vila Vintém - Padre Miguel, Rio de Janeiro - RJ, 21721-021, Brasil",Sudeste,Rio de Janeiro,Rio de Janeiro,PADRE MIGUEL,,VILA VINTEM,-22.8709633000,-43.4426703000,"08/07/2018, 06:54:00",false,false,,Não identificado,,,false,0,0,0,0,0,0,0,0,0,0,0,0,0,0
16549,"R. Mesquita, Rio de Janeiro - RJ, Brasil",Sudeste,Rio de Janeiro,Rio de Janeiro,PADRE MIGUEL,,VILA VINTEM,-22.8709618000,-43.4426718000,"08/07/2018, 07:10:00",false,false,,Não identificado,,,false,0,0,0,0,0,0,0,0,0,0,0,0,0,0
16547,"Favela do Outeiro - Engenho de Dentro, Rio de Janeiro - RJ, 20730-440, Brasil",Sudeste,Rio de Janeiro,Rio de Janeiro,ENGENHO DE DENTRO,,OUTEIRO (COMPLEXO DO LINS),-22.9090237000,-43.2997601000,"08/07/2018, 07:47:00",false,false,,Não identificado,,,false,0,0,0,0,0,0,0,0,0,0,0,0,0,0
16553,"R. Castelnuovo, 413 - Tijuca, Rio de Janeiro - RJ, 20530-120, Brasil",Sudeste,Rio de Janeiro,Rio de Janeiro,TIJUCA,,MORRO DA FORMIGA,-22.9435434000,-43.2412996000,"08/07/2018, 13:19:00",false,false,,Não identificado,,,false,0,0,0,0,0,0,0,0,0,0,0,0,0,0
16556,"Pavão Pavãozinho/Cantagalo - PPG- Copacabana, Rio de Janeiro - RJ, 22071-060, Brasil",Sudeste,Rio de Janeiro,Rio de Janeiro,COPACABANA,,MORRO DO PAVAO-PAVAOZINHO,-22.9805328000,-43.1936650000,"08/07/2018, 17:36:00",false,false,,Não identificado,,,false,0,0,0,0,0,0,0,0,0,0,0,0,0,0
16557,"Av. Pavãozinho, 2 - Copacabana, Rio de Janeiro - RJ, 22071-060, Brasil",Sudeste,Rio de Janeiro,Rio de Janeiro,COPACABANA,,MORRO DO PAVAO-PAVAOZINHO,-22.9806365000,-43.1950302000,"08/07/2018, 18:27:00",false,false,,Não identificado,,,false,0,0,0,0,0,0,0,0,0,0,0,0,0,0
16559,"Estr. de Sepetiba, 1990 - Santa Cruz, Rio de Janeiro - RJ, 23525-173, Brasil",Sudeste,Rio de Janeiro,Rio de Janeiro,SANTA CRUZ,,,-22.9472010000,-43.6768240000,"08/07/2018, 18:40:00",false,false,,Não identificado,,,false,0,0,0,0,0,0,0,0,0,0,0,0,0,0
16561,"Metral, Vila Kennedy - Bangu, Rio de Janeiro - RJ, 21852-370, Brasil",Sudeste,Rio de Janeiro,Rio de Janeiro,VILA KENNEDY,,VILA KENNEDY,-22.8550390000,-43.4948390000,"08/07/2018, 19:05:00",false,false,,Não identificado,,,false,0,0,0,0,0,0,0,0,0,0,0,0,0,0
16563,"Deodoro, Rio de Janeiro - RJ, Brasil",Sudeste,Rio de Janeiro,Rio de Janeiro,DEODORO,,,-22.8564826000,-43.3849845000,"08/07/2018, 19:30:00",false,false,,Não identificado,,,false,0,0,0,0,0,0,0,0,0,0,0,0,0,0
16572,"Av. Brasil, Rio de Janeiro - RJ, Brasil",Sudeste,Rio de Janeiro,Rio de Janeiro,IRAJA,,,-22.8238011000,-43.3301768000,"09/07/2018, 00:30:00",false,false,,Tentativa/Roubo,,,false,1,0,0,0,0,0,0,0,0,0,0,0,0,0
16568,"13  e 15 - Cidade de Deus, Rio de Janeiro - RJ, Brasil",Sudeste,Rio de Janeiro,Rio de Janeiro,CIDADE DE DEUS,,CIDADE DE DEUS,-22.9481688000,-43.3626721000,"09/07/2018, 01:40:00",false,false,,Não identificado,,,false,0,0,0,0,0,0,0,0,0,0,0,0,0,0
16570,"13 e 15 - Cidade de Deus, Rio de Janeiro - RJ, Brasil",Sudeste,Rio de Janeiro,Rio de Janeiro,CIDADE DE DEUS,,CIDADE DE DEUS,-22.9481688000,-43.3626721000,"09/07/2018, 02:30:00",false,false,,Não identificado,,,false,0,0,0,0,0,0,0,0,0,0,0,0,0,0
16567,"IPASE - Praça Seca, Rio de Janeiro - RJ, 21321-802, Brasil",Sudeste,Rio de Janeiro,Rio de Janeiro,PRACA SECA,,IPASE DA PRACA SECA,-22.9046925000,-43.3570580000,"09/07/2018, 03:42:00",false,false,,Não identificado,,,false,0,0,0,0,0,0,0,0,0,0,0,0,0,0
16569,"Pantanal, Cidade de Deus  - Freguesia Jacarepagua, Rio de Janeiro - RJ, 22763-635, Brasil",Sudeste,Rio de Janeiro,Rio de Janeiro,CIDADE DE DEUS,,CIDADE DE DEUS,-22.9464380000,-43.3539160000,"09/07/2018, 04:10:00",true,true,BOPE,Operação policial,,,false,0,0,0,0,0,0,0,0,0,0,0,0,0,0
16577,"R. Renato Meira Lima - Tanque, Rio de Janeiro - RJ, 22735-120, Brasil",Sudeste,Rio de Janeiro,Rio de Janeiro,TANQUE,,MORRO DA COVANCA,-22.9192364000,-43.3544384000,"09/07/2018, 08:26:00",true,true,N�o identificado,Ação policial,,,false,0,0,0,0,0,0,0,0,0,0,0,0,0,0
16578,"Morro da Formiga - Tijuca, Rio de Janeiro - RJ, 20530-120, Brasil",Sudeste,Rio de Janeiro,Rio de Janeiro,TIJUCA,,MORRO DA FORMIGA,-22.9435434000,-43.2412996000,"09/07/2018, 08:50:00",false,false,,Não identificado,,,false,0,0,0,0,0,0,0,0,0,0,0,0,0,0
16610,"R. Tejó - Vila Valqueire, Rio de Janeiro - RJ, Brasil",Sudeste,Rio de Janeiro,Rio de Janeiro,VILA VALQUEIRE,,,-22.8935321000,-43.3673974000,"09/07/2018, 09:40:00",false,false,,Não identificado,,,false,0,0,0,0,0,0,0,0,0,0,0,0,0,0
16580,"15 - Cidade de Deus, Rio de Janeiro - RJ, 22773-330, Brasil",Sudeste,Rio de Janeiro,Rio de Janeiro,CIDADE DE DEUS,,CIDADE DE DEUS,-22.9466970000,-43.3655070000,"09/07/2018, 10:25:00",false,false,,Não identificado,,,false,0,0,0,0,0,0,0,0,0,0,0,0,0,0
16581,"Campo do Abóbora - Jacaré, Rio de Janeiro - RJ, 20973-002, Brasil",Sudeste,Rio de Janeiro,Rio de Janeiro,JACARE,,CAMPO DO ABOBORA,-22.8888539000,-43.2555539000,"09/07/2018, 11:02:00",true,true,N�o identificado,Ação policial,,Tiroteio contínuo,false,0,0,0,0,0,0,0,0,0,0,0,0,0,0
16593,"Morro do Urubu, Pilares, Rio de Janeiro - RJ, 21381-400, Brasil",Sudeste,Rio de Janeiro,Rio de Janeiro,PIEDADE,,MORRO DO URUBU (COMPLEXO DO URUBU),-22.8759969000,-43.3059727000,"09/07/2018, 12:00:00",true,true,N�o identificado,Operação policial,,,false,0,0,0,0,0,0,0,0,0,0,0,0,0,0
16582,"Tv. Amaro Rangel - Jacaré, Rio de Janeiro - RJ, Brasil",Sudeste,Rio de Janeiro,Rio de Janeiro,JACAREZINHO,,JACAREZINHO,-22.8857328000,-43.2571767000,"09/07/2018, 12:03:00",true,true,N�o identificado,Ação policial,,,false,0,0,0,0,0,0,0,0,0,0,0,0,0,0
16583,"Morro do Vidigal, Rio de Janeiro - RJ, Brasil",Sudeste,Rio de Janeiro,Rio de Janeiro,VIDIGAL,,VIDIGAL,-22.9939022000,-43.2358343000,"09/07/2018, 12:49:00",false,false,,Não identificado,,,false,0,0,0,0,0,0,0,0,0,0,0,0,0,0
16596,"AP - Cidade de Deus, Rio de Janeiro - RJ, 22763-540, Brasil",Sudeste,Rio de Janeiro,Rio de Janeiro,CIDADE DE DEUS,,CIDADE DE DEUS,-22.9508230000,-43.3541770000,"09/07/2018, 13:00:00",true,true,BOPE,Operação policial,,,false,0,1,0,0,0,0,0,0,0,0,0,0,0,0
16586,"Largo da XV - Jacaré, Rio de Janeiro - RJ, 20970-070, Brasil",Sudeste,Rio de Janeiro,Rio de Janeiro,JACARE,,,-22.8926310000,-43.2581429000,"09/07/2018, 13:06:00",true,true,PM,Ação policial,,,false,0,0,0,0,0,0,0,0,0,0,0,0,0,0
16597,"R. 25 de Dezembro, 8 - Vidigal, Rio de Janeiro - RJ, 22452-750, Brasil",Sudeste,Rio de Janeiro,Rio de Janeiro,VIDIGAL,,VIDIGAL,-22.9955770000,-43.2411384000,"09/07/2018, 14:59:00",false,false,,Não identificado,,,false,0,0,0,0,0,0,0,0,0,0,0,0,0,0
16601,"Favela Az de Ouro - Anchieta, Rio de Janeiro - RJ, 21630-130, Brasil",Sudeste,Rio de Janeiro,Rio de Janeiro,ANCHIETA,,FAVELA AZ DE OURO (OU BEIRA-RIO),-22.8213497000,-43.4124909000,"09/07/2018, 16:24:00",false,false,,Não identificado,,,false,0,0,0,0,0,0,0,0,0,0,0,0,0,0
16624,"Vila Kennedy - Bangu, Rio de Janeiro - RJ, 21850-007, Brasil",Sudeste,Rio de Janeiro,Rio de Janeiro,VILA KENNEDY,,VILA KENNEDY,-22.8604006000,-43.4884116000,"09/07/2018, 17:00:00",false,false,,Não identificado,,,false,0,0,0,0,0,0,0,0,0,0,0,0,0,0
16602,"Vila Aliança, Bangu, Rio de Janeiro - RJ, 21842-550, Brasil",Sudeste,Rio de Janeiro,Rio de Janeiro,BANGU,,VILA ALIANCA,-22.8668920000,-43.4787335000,"09/07/2018, 19:09:00",false,false,,Não identificado,,,false,0,0,0,0,0,0,0,0,0,0,0,0,0,0
16604,"Barreira do Vasco - São Cristóvão, Rio de Janeiro - RJ, 20921-320, Brasil",Sudeste,Rio de Janeiro,Rio de Janeiro,SAO CRISTOVAO,,BARREIRA DO VASCO,-22.8878750000,-43.2285130000,"09/07/2018, 20:17:00",false,false,,Não identificado,,,false,0,0,0,0,0,0,0,0,0,0,0,0,0,0
16608,"Av. Brasil, Rio de Janeiro - RJ, Brasil",Sudeste,Rio de Janeiro,Rio de Janeiro,RAMOS,,,-22.8557046000,-43.2479165000,"09/07/2018, 22:30:00",true,true,PM,Ação policial,,,false,1,1,1,1,0,0,0,0,0,0,0,0,0,0
16609,"Rua Tatajuba - Maré, Rio de Janeiro - RJ, Brasil",Sudeste,Rio de Janeiro,Rio de Janeiro,MARE,,NOVA HOLANDA (COMPLEXO DA MARE),-22.8566791000,-43.2429835000,"10/07/2018, 06:00:00",false,false,,Não identificado,,,false,0,0,0,0,0,0,0,0,0,0,0,0,0,0
16619,"Vila Joaniza, Galeão, Rio de Janeiro - RJ, Brasil",Sudeste,Rio de Janeiro,Rio de Janeiro,GALEAO,,MORRO DO BARBANTE (OU VILA JOANIZA),-22.8135775000,-43.2306656000,"10/07/2018, 07:00:00",true,true,PM,Operação policial,,,false,0,1,0,0,0,0,0,0,0,0,0,0,0,0
16611,"R. Frei Caneca, 441 - Estácio, Rio de Janeiro - RJ, 20211-010, Brasil",Sudeste,Rio de Janeiro,Rio de Janeiro,ESTACIO,,,-22.9143493000,-43.2000443000,"10/07/2018, 07:40:00",true,true,N�o identificado,Ação policial,,,false,0,0,0,0,0,0,0,0,0,0,0,0,0,0
16612,"Morro do Borel - Tijuca, Rio de Janeiro - RJ, 20530-001, Brasil",Sudeste,Rio de Janeiro,Rio de Janeiro,TIJUCA,,MORRO DO BOREL,-22.9395041000,-43.2515359000,"10/07/2018, 07:56:00",false,false,,Não identificado,,,false,0,0,0,0,0,0,0,0,0,0,0,0,0,0
16613,"R. Vila Nova Ac Comendador Guerra, 19 - Pavuna, Rio de Janeiro - RJ, 21520-211, Brasil",Sudeste,Rio de Janeiro,Rio de Janeiro,PAVUNA,,FAVELA VILA PRIVILEGIO,-22.8137050000,-43.3706070000,"10/07/2018, 08:37:00",false,false,,Não identificado,,,false,0,0,0,0,0,0,0,0,0,0,0,0,0,0
16616,"Rua Tatajuba - Maré, Rio de Janeiro - RJ, Brasil",Sudeste,Rio de Janeiro,Rio de Janeiro,MARE,,NOVA HOLANDA (COMPLEXO DA MARE),-22.8566791000,-43.2429835000,"10/07/2018, 09:07:00",false,false,,Não identificado,,,false,0,0,0,0,0,0,0,0,0,0,0,0,0,0
16615,"Morro da Covanca - Tanque, Rio de Janeiro - RJ, 22735-010, Brasil",Sudeste,Rio de Janeiro,Rio de Janeiro,TANQUE,,MORRO DA COVANCA,-22.9161695000,-43.3470535000,"10/07/2018, 09:09:00",false,false,,Não identificado,,,false,0,0,0,0,0,0,0,0,0,0,0,0,0,0
16617,"Batô - Bateau Mouche - Praça Seca, Rio de Janeiro - RJ, Brasil",Sudeste,Rio de Janeiro,Rio de Janeiro,PRACA SECA,,FAVELA BATEAU MOUCHE,-22.9076238000,-43.3548050000,"10/07/2018, 09:15:00",false,false,,Não identificado,,,false,0,0,0,0,0,0,0,0,0,0,0,0,0,0
16620,"Divisa - Maré, Rio de Janeiro - RJ, Brasil",Sudeste,Rio de Janeiro,Rio de Janeiro,MARE,,NOVA HOLANDA (COMPLEXO DA MARE),-22.8561770000,-43.2420381000,"10/07/2018, 10:27:00",false,false,,Não identificado,,,false,0,0,0,0,0,0,0,0,0,0,0,0,0,0
16621,"Morro do Turano - Rio Comprido, Rio de Janeiro - RJ, 20261-004, Brasil",Sudeste,Rio de Janeiro,Rio de Janeiro,RIO COMPRIDO,,MORRO DO TURANO,-22.9256516000,-43.2154698000,"10/07/2018, 10:35:00",false,false,,Não identificado,,,false,0,0,0,0,0,0,0,0,0,0,0,0,0,0
16696,"Rua Rodolpho Paulo Rocco, 255 - Ilha do Fundão, Rio de Janeiro - RJ, 21941-590, Brasil",Sudeste,Rio de Janeiro,Rio de Janeiro,CIDADE UNIVERSITARIA,,,-22.8423643000,-43.2374374000,"10/07/2018, 12:00:00",false,false,,Não identificado,,,false,0,0,0,0,0,0,0,0,0,0,0,0,0,0
16626,"Morro do Pavao-Pavaozinho - Copacabana, Rio de Janeiro - RJ, 22071-060, Brasil",Sudeste,Rio de Janeiro,Rio de Janeiro,COPACABANA,,MORRO DO PAVAO-PAVAOZINHO,-22.9811111000,-43.1975000000,"10/07/2018, 14:58:00",false,false,,Não identificado,,,false,0,0,0,0,0,0,0,0,0,0,0,0,0,0
16636,"R. Sen. Furtado - Maracanã, Rio de Janeiro - RJ, Brasil",Sudeste,Rio de Janeiro,Rio de Janeiro,MARACANA,,,-22.9131256000,-43.2169547000,"10/07/2018, 20:30:00",false,false,,Tentativa/Roubo,,,false,0,1,0,0,0,0,0,0,0,0,0,0,0,0
16633,"Bateau Mouche - Praça Seca, Rio de Janeiro - RJ, 22733-120, Brasil",Sudeste,Rio de Janeiro,Rio de Janeiro,PRACA SECA,,FAVELA BATEAU MOUCHE,-22.9048084000,-43.3550791000,"11/07/2018, 02:24:00",false,false,,Não identificado,,,false,0,0,0,0,0,0,0,0,0,0,0,0,0,0
16631,"AutoEstrada Grajaú - Jacarepaguá - Engenho Novo, Rio de Janeiro - RJ, Brasil",Sudeste,Rio de Janeiro,Rio de Janeiro,ENGENHO NOVO,,COMPLEXO DO LINS,-22.9210934000,-43.2850215000,"11/07/2018, 03:10:00",true,true,PM,Operação policial,,,false,0,0,0,0,0,0,0,0,0,0,0,0,0,0
16632,Pavaozinho,Sudeste,Rio de Janeiro,Rio de Janeiro,COPACABANA,,MORRO DO PAVAO-PAVAOZINHO,-22.9826736000,-43.1940397000,"11/07/2018, 03:44:00",true,true,N�o identificado,Ação policial,,,false,0,0,0,0,0,0,0,0,0,0,0,0,0,0
16641,"Salgueiro  -v Tijuca, Rio de Janeiro - RJ, Brasil",Sudeste,Rio de Janeiro,Rio de Janeiro,TIJUCA,,MORRO DO SALGUEIRO,-22.9325728000,-43.2410248000,"11/07/2018, 06:31:00",false,false,,Não identificado,,,false,0,0,0,0,0,0,0,0,0,0,0,0,0,0
16643,"R. Quintanilha, Cidade de Deus - RJ, 22763-007, Brasil",Sudeste,Rio de Janeiro,Rio de Janeiro,CIDADE DE DEUS,,CIDADE DE DEUS,-22.9449437000,-43.3488960000,"11/07/2018, 08:17:00",false,false,,Não identificado,,,false,0,0,0,0,0,0,0,0,0,0,0,0,0,0
16649,"Av. Salvador Allende, Rio de Janeiro - RJ, Brasil",Sudeste,Rio de Janeiro,Rio de Janeiro,BARRA OLIMPICA,,,-22.9835249000,-43.4116904000,"11/07/2018, 11:29:00",false,false,,Não identificado,,,false,0,0,0,0,0,0,0,0,0,0,0,0,0,0
16697,"Rua Rodolpho Paulo Rocco, 255 - Ilha do Fundão, Rio de Janeiro - RJ, 21941-590, Brasil",Sudeste,Rio de Janeiro,Rio de Janeiro,CIDADE UNIVERSITARIA,,,-22.8423643000,-43.2374374000,"11/07/2018, 12:00:00",false,false,,Não identificado,,,false,0,0,0,0,0,0,0,0,0,0,0,0,0,0
16650,"Rua Princesa Isabel - Maré, Rio de Janeiro - RJ, Brasil",Sudeste,Rio de Janeiro,Rio de Janeiro,MARE,,NOVA HOLANDA (COMPLEXO DA MARE),-22.8576603000,-43.2441789000,"11/07/2018, 12:21:00",false,false,,Não identificado,,,false,0,0,0,0,0,0,0,0,0,0,0,0,0,0
16654,"R. Társo Coimbra, 38 - Tanque, Rio de Janeiro - RJ, 22725-610, Brasil",Sudeste,Rio de Janeiro,Rio de Janeiro,TANQUE,,MORRO DO JORDAO,-22.9095730000,-43.3724170000,"11/07/2018, 15:01:00",false,false,,Não identificado,,,false,0,0,0,0,0,0,0,0,0,0,0,0,0,0
16658,"R. Maj. Medeiros - Irajá, Rio de Janeiro - RJ, 21235-527, Brasil",Sudeste,Rio de Janeiro,Rio de Janeiro,IRAJA,,,-22.8417911000,-43.3223890000,"11/07/2018, 16:30:00",false,true,,Tentativa/Roubo,,,false,0,0,1,0,0,0,0,0,0,0,0,0,0,0
16661,"R. Evanildo Alves, 408 - Maré, Rio de Janeiro - RJ, 21040-000, Brasil",Sudeste,Rio de Janeiro,Rio de Janeiro,MARE,,BAIXA DO SAPATEIRO (COMPLEXO DA MARE),-22.8596470000,-43.2440060000,"11/07/2018, 20:27:00",false,false,,Não identificado,,,false,0,0,0,0,0,0,0,0,0,0,0,0,0,0
16662,"R. Roque Barbosa, 283 - Jardim Bangu, Rio de Janeiro - RJ, 21863-425, Brasil",Sudeste,Rio de Janeiro,Rio de Janeiro,BANGU,,JARDIM BANGU,-22.8522950000,-43.4638509000,"11/07/2018, 21:07:00",false,false,,Não identificado,,,false,0,0,0,0,0,0,0,0,0,0,0,0,0,0
16665,"Barrão e  Pedra -Vila Kennedy - Bangu, Rio de Janeiro - RJ, 21850-007, Brasil",Sudeste,Rio de Janeiro,Rio de Janeiro,VILA KENNEDY,,VILA KENNEDY,-22.8604006000,-43.4884116000,"11/07/2018, 21:47:00",false,false,,Não identificado,,,false,0,0,0,0,0,0,0,0,0,0,0,0,0,0
16667,"Morro dos Prazeres - Santa Teresa, Rio de Janeiro - RJ, Brasil",Sudeste,Rio de Janeiro,Rio de Janeiro,SANTA TERESA,,MORRO DOS PRAZERES,-22.9347222000,-43.2047222000,"12/07/2018, 03:00:00",true,true,UPP (Prazeres),Operação policial,,,false,0,0,0,0,0,0,0,0,0,0,0,0,0,0
16714,"R. Cirne Maia, Rio de Janeiro - RJ, Brasil",Sudeste,Rio de Janeiro,Rio de Janeiro,CACHAMBI,,,-22.8920025000,-43.2797248000,"12/07/2018, 03:15:00",false,false,,Não identificado,,,false,0,0,0,0,0,0,0,0,0,0,0,0,0,0
16663,"Conjuntão - Padre Miguel, Rio de Janeiro - RJ, 21720-540, Brasil",Sudeste,Rio de Janeiro,Rio de Janeiro,PADRE MIGUEL,,CONJUNTO HABITACIONAL DOM JAIME CAMARA (CONJUNTAO),-22.8656792000,-43.4534610000,"12/07/2018, 03:30:00",false,false,,Não identificado,,,false,0,0,0,0,0,0,0,0,0,0,0,0,0,0
16666,"Complexo do Alemão, Rio de Janeiro - RJ, Brasil",Sudeste,Rio de Janeiro,Rio de Janeiro,COMPLEXO DO ALEMAO,,COMPLEXO DO ALEMAO,-22.8654866000,-43.2619815000,"12/07/2018, 04:20:00",false,false,,Não identificado,,,false,0,0,0,0,0,0,0,0,0,0,0,0,0,0
16673,"Tv. Capineira - Barros Filho, Rio de Janeiro - RJ, Brasil",Sudeste,Rio de Janeiro,Rio de Janeiro,BARROS FILHO,,MORRO DO CHAVES (COMPLEXO DA PEDREIRA),-22.8335683000,-43.3626531000,"12/07/2018, 04:30:00",true,true,PM,Ação policial,,,false,0,0,0,0,0,0,0,0,0,0,0,0,0,0
16691,"Autoestrada Grajaú - Jacarepaguá, Grajaú, Rio de Janeiro - RJ, 20715-191, Brasil",Sudeste,Rio de Janeiro,Rio de Janeiro,ENGENHO NOVO,,MORRO DO ENCONTRO (COMPLEXO DO LINS),-22.9162841000,-43.2631555000,"12/07/2018, 04:50:00",false,false,,Não identificado,,,false,0,0,0,0,0,0,0,0,0,0,0,0,0,0
16698,"R. Santana do Ipanema - Bangu, Rio de Janeiro - RJ, 21870-340, Brasil",Sudeste,Rio de Janeiro,Rio de Janeiro,BANGU,,CONJUNTO HABITACIONAL DOM JAIME CAMARA (CONJUNTAO),-22.8691150000,-43.4552250000,"12/07/2018, 05:00:00",false,true,,Tentativa/Roubo,,,false,1,0,0,1,0,0,0,0,0,0,0,0,0,0
16669,"Treze  (13) - Cidade de Deus, Rio de Janeiro - RJ, Brasil",Sudeste,Rio de Janeiro,Rio de Janeiro,CIDADE DE DEUS,,CIDADE DE DEUS,-22.9481688000,-43.3626721000,"12/07/2018, 06:03:00",false,false,,Não identificado,,,false,0,0,0,0,0,0,0,0,0,0,0,0,0,0
16670,"Salgueiro - Tijuca, Rio de Janeiro - RJ, Brasil",Sudeste,Rio de Janeiro,Rio de Janeiro,TIJUCA,,MORRO DO SALGUEIRO,-22.9325728000,-43.2410248000,"12/07/2018, 06:27:00",false,false,,Não identificado,,,false,0,0,0,0,0,0,0,0,0,0,0,0,0,0
16676,"Tomás Coelho, Rio de Janeiro - RJ, Brasil",Sudeste,Rio de Janeiro,Rio de Janeiro,TOMAS COELHO,,,-22.8683062000,-43.3044361000,"12/07/2018, 07:23:00",false,false,,Não identificado,,,false,0,0,0,0,0,0,0,0,0,0,0,0,0,0
16682,"Morro do Pinto - Santo Cristo, Rio de Janeiro - RJ, 20220-020, Brasil",Sudeste,Rio de Janeiro,Rio de Janeiro,SANTO CRISTO,,MORRO DO PINTO,-22.9025000000,-43.2013889000,"12/07/2018, 08:13:00",true,true,N�o identificado,Ação policial,,,false,0,0,0,0,0,0,0,0,0,0,0,0,0,0
16683,"13 e 15 - Cidade de Deus, Rio de Janeiro - RJ, Brasil",Sudeste,Rio de Janeiro,Rio de Janeiro,CIDADE DE DEUS,,CIDADE DE DEUS,-22.9481688000,-43.3626721000,"12/07/2018, 08:29:00",true,true,N�o identificado,Ação policial,,,false,0,0,0,0,0,0,0,0,0,0,0,0,0,0
16680,"Viela Kelson - Penha Circular, Rio de Janeiro - RJ, 21011-060, Brasil",Sudeste,Rio de Janeiro,Rio de Janeiro,PENHA CIRCULAR,,FAVELA DA KELSONS,-22.8211586000,-43.2740571000,"12/07/2018, 08:57:00",true,true,PM,Operação policial,,,false,0,0,0,0,0,0,0,0,0,0,0,0,0,0
16681,"Morro da Caixa D'água - Tanque, Rio de Janeiro - RJ, 22725-551, Brasil",Sudeste,Rio de Janeiro,Rio de Janeiro,TANQUE,,MORRO DA CAIXA D'AGUA (TANQUE),-22.9070900000,-43.3761210000,"12/07/2018, 09:18:00",false,false,,Não identificado,,,false,0,0,0,0,0,0,0,0,0,0,0,0,0,0
16679,"Fim do Mundo - Acari, Rio de Janeiro - RJ, Brasil",Sudeste,Rio de Janeiro,Rio de Janeiro,ACARI,,FAVELA DE ACARI,-22.8255312000,-43.3444600000,"12/07/2018, 09:22:00",true,true,N�o identificado,Ação policial,,,false,0,0,0,0,0,0,0,0,0,0,0,0,0,0
16700,"Saída Linha Amarela - Pilares, Rio de Janeiro - RJ, Brasil",Sudeste,Rio de Janeiro,Rio de Janeiro,PILARES,,CONJUNTO DOS FERROVIARIOS,-22.8871038000,-43.2935993000,"12/07/2018, 12:00:00",true,true,PM,Ação policial,,,false,0,0,0,1,0,0,0,0,0,0,0,0,0,0
16685,"Beco do Guaiúba - Acari, Rio de Janeiro - RJ, Brasil",Sudeste,Rio de Janeiro,Rio de Janeiro,ACARI,,FAVELA DE ACARI,-22.8255312000,-43.3444600000,"12/07/2018, 13:34:00",true,true,N�o identificado,Ação policial,,,false,1,0,0,0,0,0,0,0,0,0,0,0,0,0
16687,"Morro do Tem - Vila da Penha/Vila Cosmos, Rio de Janeiro - RJ, 21221-240, Brasil",Sudeste,Rio de Janeiro,Rio de Janeiro,VILA KOSMOS,,MORRO DO CARMO  (MORRO DO TREM),-22.8463650000,-43.3015020000,"12/07/2018, 14:29:00",false,false,,Não identificado,,,false,0,0,0,0,0,0,0,0,0,0,0,0,0,0
16690,"R. Quiririm - Vila Valqueire, Rio de Janeiro - RJ, Brasil",Sudeste,Rio de Janeiro,Rio de Janeiro,VILA VALQUEIRE,,FAVELA MORRO DO COQUEIRO,-22.8874161000,-43.3555484000,"12/07/2018, 16:07:00",false,false,,Não identificado,,,false,0,0,0,0,0,0,0,0,0,0,0,0,0,0
16692,"Parada de Lucas, Rio de Janeiro - RJ, 21010-325, Brasil",Sudeste,Rio de Janeiro,Rio de Janeiro,PARADA DE LUCAS,,,-22.8171180000,-43.3001770000,"12/07/2018, 16:36:00",false,false,,Não identificado,,,false,0,0,0,0,0,0,0,0,0,0,0,0,0,0
16694,"Morro do Andarai - Andarai, Rio de Janeiro - RJ, 20531-490, Brasil",Sudeste,Rio de Janeiro,Rio de Janeiro,ANDARAI,,MORRO DO ANDARAI,-22.9352778000,-43.2563889000,"12/07/2018, 16:47:00",false,false,,Não identificado,,,false,0,0,0,0,0,0,0,0,0,0,0,0,0,0
16695,"R. Daome - Bangu, Rio de Janeiro - RJ, Brasil",Sudeste,Rio de Janeiro,Rio de Janeiro,VILA KENNEDY,,VILA KENNEDY,-22.8594285000,-43.4929784000,"12/07/2018, 16:57:00",false,false,,Não identificado,,,false,0,0,0,0,0,0,0,0,0,0,0,0,0,0
16701,"IAPI da Penha - Penha, Rio de Janeiro - RJ, 21021-060, Brasil",Sudeste,Rio de Janeiro,Rio de Janeiro,PENHA,,IAPI DA PENHA,-22.8379020000,-43.2682198000,"12/07/2018, 18:07:00",false,false,,Não identificado,,,false,0,0,0,0,0,0,0,0,0,0,0,0,0,0
16706,"Av. Nelson Cardoso, 1221 - Taquara, Rio de Janeiro - RJ, Brasil",Sudeste,Rio de Janeiro,Rio de Janeiro,TAQUARA,,,-22.9223363000,-43.3714982000,"12/07/2018, 18:23:00",true,true,N�o identificado,Ação policial,,,false,0,0,0,0,0,0,0,0,0,0,0,0,0,0
16703,"R. Cerqueira Daltro, 352 - Cascadura, Rio de Janeiro - RJ, 21380-320, Brasil",Sudeste,Rio de Janeiro,Rio de Janeiro,CASCADURA,,,-22.8800714000,-43.3223214000,"12/07/2018, 18:39:00",false,false,,Não identificado,,,false,0,0,0,0,0,0,0,0,0,0,0,0,0,0
16704,"R. Quiririm, 1295 - Vila Valqueire, Rio de Janeiro - RJ, 21330-658, Brasil",Sudeste,Rio de Janeiro,Rio de Janeiro,VILA VALQUEIRE,,FAVELA MORRO DO COQUEIRO,-22.8878961000,-43.3554500000,"12/07/2018, 18:44:00",false,false,,Não identificado,,,false,0,0,0,0,0,0,0,0,0,0,0,0,0,0
16705,"R. Congo - Vila Kennedy, Rio de Janeiro - RJ, Brasil",Sudeste,Rio de Janeiro,Rio de Janeiro,VILA KENNEDY,,VILA KENNEDY,-22.8621466000,-43.4907856000,"12/07/2018, 18:59:00",true,true,N�o identificado,Ação policial,,,false,0,0,0,1,0,0,0,0,0,0,0,0,0,0
16708,"Baixa do Sapateiro - Maré, Rio de Janeiro - RJ, Brasil",Sudeste,Rio de Janeiro,Rio de Janeiro,MARE,,BAIXA DO SAPATEIRO (COMPLEXO DA MARE),-22.8609914000,-43.2415519000,"12/07/2018, 20:22:00",false,false,,Não identificado,,,false,0,0,0,0,0,0,0,0,0,0,0,0,0,0
16709,"R. Quiririm, 1295 - Vila Valqueire, Rio de Janeiro - RJ, 21330-658, Brasil",Sudeste,Rio de Janeiro,Rio de Janeiro,VILA VALQUEIRE,,FAVELA MORRO DO COQUEIRO,-22.8878961000,-43.3554500000,"12/07/2018, 20:41:00",false,false,,Não identificado,,,false,0,0,0,0,0,0,0,0,0,0,0,0,0,0
16713,"Estr. do Camboatá, 1688 - Deodoro, Rio de Janeiro - RJ, 21650-100, Brasil",Sudeste,Rio de Janeiro,Rio de Janeiro,DEODORO,,MORRO DA MADAMA (COMPLEXO DO CHAPADAO),-22.8372242000,-43.3866702000,"12/07/2018, 22:15:00",false,false,,Não identificado,,,false,0,0,0,0,0,0,0,0,0,0,0,0,0,0
16720,"Túnel Noel Rosa - Vila Isabel, Rio de Janeiro - RJ, Brasil",Sudeste,Rio de Janeiro,Rio de Janeiro,VILA ISABEL,,,-22.9108048000,-43.2531609000,"13/07/2018, 03:30:00",false,false,,Tentativa/Roubo,,,false,1,0,0,0,0,0,0,0,0,0,0,0,0,0
16717,"Morro do Juramento - Vicente de Carvalho, Rio de Janeiro - RJ, Brasil",Sudeste,Rio de Janeiro,Rio de Janeiro,VICENTE DE CARVALHO,,MORRO DO JURAMENTO (COMPLEXO DO JURAMENTO),-22.8627778000,-43.3152778000,"13/07/2018, 03:59:00",false,false,,Não identificado,,,false,0,0,0,0,0,0,0,0,0,0,0,0,0,0
16718,"Anchieta, Rio de Janeiro - RJ, Brasil",Sudeste,Rio de Janeiro,Rio de Janeiro,ANCHIETA,,,-22.8238795000,-43.3981236000,"13/07/2018, 04:13:00",false,false,,Não identificado,,,false,0,0,0,0,0,0,0,0,0,0,0,0,0,0
16724,"Morro do Andarai - Andarai, Rio de Janeiro - RJ, 20531-490, Brasil",Sudeste,Rio de Janeiro,Rio de Janeiro,ANDARAI,,MORRO DO ANDARAI,-22.9352778000,-43.2563889000,"13/07/2018, 08:04:00",false,false,,Não identificado,,,false,0,0,0,0,0,0,0,0,0,0,0,0,0,0
16726,"Av. Beira Rio - Jardim América, Rio de Janeiro - RJ, 21240-810, Brasil",Sudeste,Rio de Janeiro,Rio de Janeiro,JARDIM AMERICA,,FAVELA VILA BEIRA RIO,-22.8122440000,-43.3309640000,"13/07/2018, 08:45:00",false,false,,Não identificado,,,false,0,0,0,0,0,0,0,0,0,0,0,0,0,0
16730,"Ponte dos cachorros, Cavalo de Aço, Santíssimo",Sudeste,Rio de Janeiro,Rio de Janeiro,SANTISSIMO,,,-22.8759688000,-43.5263140000,"13/07/2018, 11:11:00",false,false,,Não identificado,,,false,0,0,0,0,0,0,0,0,0,0,0,0,0,0
16731,"Sapo, Senador Camará, Rio de Janeiro - RJ, Brasil",Sudeste,Rio de Janeiro,Rio de Janeiro,SENADOR CAMARA,,FAVELA DO SAPO DE CAMARA (COMPLEXO DO SAPO DE CAMARA),-22.8968333000,-43.4877927000,"13/07/2018, 11:11:00",false,false,,Não identificado,,,false,0,0,0,0,0,0,0,0,0,0,0,0,0,0
16732,"Morro do Juramento - Vicente de Carvalho, Rio de Janeiro - RJ, Brasil",Sudeste,Rio de Janeiro,Rio de Janeiro,VICENTE DE CARVALHO,,MORRO DO JURAMENTO (COMPLEXO DO JURAMENTO),-22.8627778000,-43.3152778000,"13/07/2018, 14:29:00",true,true,N�o identificado,Operação policial,,,false,0,0,0,0,0,0,0,0,0,0,0,0,0,0
16733,"R. Daome - Bangu, Rio de Janeiro - RJ, Brasil",Sudeste,Rio de Janeiro,Rio de Janeiro,VILA KENNEDY,,VILA KENNEDY,-22.8594285000,-43.4929784000,"13/07/2018, 14:56:00",false,false,,Não identificado,,,false,0,0,0,0,0,0,0,0,0,0,0,0,0,0
16735,"Morro do Barbante - Galeão, Rio de Janeiro - RJ, 21941-642, Brasil",Sudeste,Rio de Janeiro,Rio de Janeiro,GALEAO,,MORRO DO BARBANTE (OU VILA JOANIZA),-22.8134407000,-43.2297496000,"13/07/2018, 16:26:00",false,false,,Não identificado,,,false,0,0,0,0,0,0,0,0,0,0,0,0,0,0
16734,"Cidade Alta - Cordovil, Rio de Janeiro - RJ, Brasil",Sudeste,Rio de Janeiro,Rio de Janeiro,CORDOVIL,,CIDADE ALTA (COMPLEXO DE ISRAEL),-22.8207536000,-43.2918931000,"13/07/2018, 16:35:00",true,true,N�o identificado,Ação policial,,,false,0,0,0,0,0,0,0,0,0,0,0,0,0,0
16737,"Botafogo, Rio de Janeiro - RJ, Brasil",Sudeste,Rio de Janeiro,Rio de Janeiro,BOTAFOGO,,SANTA MARTA,-22.9511149000,-43.1809269000,"13/07/2018, 19:18:00",false,false,,Não identificado,,,false,0,0,0,0,0,0,0,0,0,0,0,0,0,0
16741,"Botafogo, Rio de Janeiro - RJ, Brasil",Sudeste,Rio de Janeiro,Rio de Janeiro,BOTAFOGO,,SANTA MARTA,-22.9511149000,-43.1809269000,"13/07/2018, 19:55:00",false,false,,Não identificado,,,false,0,0,0,0,0,0,0,0,0,0,0,0,0,0
16740,"Dona Marta Botafogo, Rio de Janeiro - RJ, Brasil",Sudeste,Rio de Janeiro,Rio de Janeiro,BOTAFOGO,,SANTA MARTA,-22.9511149000,-43.1809269000,"13/07/2018, 20:55:00",false,false,,Não identificado,,,false,0,0,0,0,0,0,0,0,0,0,0,0,0,0
16743,"R. Maratuba - Ricardo de Albuquerque, Rio de Janeiro - RJ, 21620-430, Brasil",Sudeste,Rio de Janeiro,Rio de Janeiro,RICARDO DE ALBUQUERQUE,,,-22.8425844000,-43.4077330000,"13/07/2018, 21:00:00",false,false,,Não identificado,,,false,0,0,0,0,0,0,0,0,0,0,0,0,0,0
16752,"Morro do Vidigal, Rio de Janeiro - RJ, Brasil",Sudeste,Rio de Janeiro,Rio de Janeiro,VIDIGAL,,VIDIGAL,-22.9939022000,-43.2358343000,"13/07/2018, 21:45:00",false,false,,Tiros a esmo,,,false,0,0,0,0,0,0,0,0,0,0,0,0,0,0
16745,"Morro da Coroa - Santa Teresa, Rio de Janeiro - RJ, 20251-190, Brasil",Sudeste,Rio de Janeiro,Rio de Janeiro,SANTA TERESA,,MORRO DA COROA,-22.9225000000,-43.1925000000,"13/07/2018, 23:33:00",false,false,,Não identificado,,,false,0,0,0,0,0,0,0,0,0,0,0,0,0,0
16750,"Morro dos Macacos - Sampaio, Rio de Janeiro - RJ, Brasil",Sudeste,Rio de Janeiro,Rio de Janeiro,SAMPAIO,,MORRO DOS MACACOS,-22.9100000000,-43.2575000000,"14/07/2018, 00:20:00",false,false,,Tiros a esmo,,,false,0,0,0,0,0,0,0,0,0,0,0,0,0,0
16755,"Morro São José, Madureira, Rio de Janeiro - RJ",Sudeste,Rio de Janeiro,Rio de Janeiro,MADUREIRA,,MORRO DO SAO JOSE (COMPLEXO DA SERRINHA),-22.8742633000,-43.3258445000,"14/07/2018, 03:37:00",false,false,,Não identificado,,,false,0,0,0,0,0,0,0,0,0,0,0,0,0,0
16758,"R. Andaraí  - Andarai, Rio de Janeiro - RJ, 20541-210, Brasil",Sudeste,Rio de Janeiro,Rio de Janeiro,ANDARAI,,MORRO DO ANDARAI,-22.9341151000,-43.2587894000,"14/07/2018, 04:19:00",false,false,,Não identificado,,,false,0,0,0,0,0,0,0,0,0,0,0,0,0,0
16764,"Morro São José, Madureira, Rio de Janeiro - RJ",Sudeste,Rio de Janeiro,Rio de Janeiro,MADUREIRA,,MORRO DO SAO JOSE (COMPLEXO DA SERRINHA),-22.8742633000,-43.3258445000,"14/07/2018, 07:47:00",false,false,,Não identificado,,,false,0,0,0,0,0,0,0,0,0,0,0,0,0,0
16772,"Morro São José - Madureira, Rio de Janeiro - RJ, 21360-230, Brasil",Sudeste,Rio de Janeiro,Rio de Janeiro,MADUREIRA,,MORRO DO SAO JOSE (COMPLEXO DA SERRINHA),-22.8717234000,-43.3348781000,"14/07/2018, 11:08:00",false,false,,Não identificado,,,false,0,0,0,0,0,0,0,0,0,0,0,0,0,0
16775,"Ramos, Rio de Janeiro - RJ, 21031-612, Brasil",Sudeste,Rio de Janeiro,Rio de Janeiro,RAMOS,,,-22.8502787000,-43.2564560000,"14/07/2018, 12:06:00",false,false,,Não identificado,,,false,0,0,0,0,0,0,0,0,0,0,0,0,0,0
16780,"R. Dois de Fevereiro, Engenho de Dentro, Rio de Janeiro - RJ, 20730-451, Brasil",Sudeste,Rio de Janeiro,Rio de Janeiro,ENGENHO DE DENTRO,,,-22.8990094000,-43.3014715000,"14/07/2018, 18:15:00",false,false,,Não identificado,,,false,0,0,0,0,0,0,0,0,0,0,0,0,0,0
16781,"Morro da Covanca, Tanque, Rio de Janeiro - RJ, 22735-020, Brasil",Sudeste,Rio de Janeiro,Rio de Janeiro,TANQUE,,MORRO DA COVANCA,-22.9167740000,-43.3425480000,"14/07/2018, 18:35:00",false,false,,Não identificado,,,false,0,0,0,0,0,0,0,0,0,0,0,0,0,0
16783,"Morro da Caixa d'Água - Tanque, Rio de Janeiro - RJ, 22733-130, Brasil",Sudeste,Rio de Janeiro,Rio de Janeiro,TANQUE,,MORRO DA CAIXA D'AGUA (TANQUE),-22.9125538000,-43.3564101000,"14/07/2018, 19:13:00",true,true,N�o identificado,Ação policial,,,false,0,0,0,0,0,0,0,0,0,0,0,0,0,0
16785,"Av. Brasil, 48077 - Campo Grande, Rio de Janeiro - RJ, Brasil",Sudeste,Rio de Janeiro,Rio de Janeiro,CAMPO GRANDE,,CONJUNTO DO CAMPINHO,-22.8778634000,-43.6164541000,"14/07/2018, 20:11:00",false,false,,Não identificado,,,false,0,0,0,0,0,0,0,0,0,0,0,0,0,0
16796,"Conjunto Fumacê, Realengo, Rio de Janeiro - RJ, Brasil",Sudeste,Rio de Janeiro,Rio de Janeiro,REALENGO,,FUMACE,-22.8763107000,-43.4302937000,"14/07/2018, 20:49:00",false,false,,Não identificado,,,false,0,0,0,0,0,0,0,0,0,0,0,0,0,0
16786,"R. Alcobaça, Rio de Janeiro - RJ, Brasil",Sudeste,Rio de Janeiro,Rio de Janeiro,ANCHIETA,,FAVELA DO JAVALI (COMPLEXO DO CHAPADAO),-22.8236064000,-43.3915361000,"14/07/2018, 22:32:00",false,false,,Não identificado,,,false,0,0,0,0,0,0,0,0,0,0,0,0,0,0
16788,"Morro do Pavao - Copacabana, Rio de Janeiro - RJ, 22071-060, Brasil",Sudeste,Rio de Janeiro,Rio de Janeiro,COPACABANA,,MORRO DO PAVAO-PAVAOZINHO,-22.9811111000,-43.1975000000,"14/07/2018, 23:33:00",false,false,,Não identificado,,,false,0,0,0,0,0,0,0,0,0,0,0,0,0,0
16792,"Morro dos Macacos - Sampaio, Rio de Janeiro - RJ, Brasil",Sudeste,Rio de Janeiro,Rio de Janeiro,SAMPAIO,,MORRO DOS MACACOS,-22.9100000000,-43.2575000000,"14/07/2018, 23:50:00",false,false,,Não identificado,,,false,0,0,0,0,0,0,0,0,0,0,0,0,0,0
16790,"Av. Cesário de Melo, Santa Cruz, Rio de Janeiro - RJ,  Brasil",Sudeste,Rio de Janeiro,Rio de Janeiro,SANTA CRUZ,,COMPLEXO DO RODO,-22.9296175000,-43.6554267000,"15/07/2018, 02:45:00",false,false,,Não identificado,,,false,0,0,0,0,0,0,0,0,0,0,0,0,0,0
16791,"Rio das Pedras - Jacarepagua, Rio de Janeiro - RJ, Brasil",Sudeste,Rio de Janeiro,Rio de Janeiro,JACAREPAGUA,,RIO DAS PEDRAS,-22.9740942000,-43.3327529000,"15/07/2018, 03:10:00",false,false,,Não identificado,,,false,0,0,0,0,0,0,0,0,0,0,0,0,0,0
16794,"Complexo do Alemão, Rio de Janeiro - RJ, Brasil",Sudeste,Rio de Janeiro,Rio de Janeiro,COMPLEXO DO ALEMAO,,COMPLEXO DO ALEMAO,-22.8593331000,-43.2754759000,"15/07/2018, 04:58:00",true,true,UPP (Complexo do Alem�o),Operação policial,,,true,5,0,0,0,0,0,0,0,0,0,0,0,0,0
16795,"Pedra do Sapo, Complexo do Alemão, Rio de Janeiro - RJ, Brasil",Sudeste,Rio de Janeiro,Rio de Janeiro,COMPLEXO DO ALEMAO,,PEDRA DO SAPO (COMPLEXO DO ALEMAO),-22.8542040000,-43.2749620000,"15/07/2018, 06:29:00",false,false,,Não identificado,,,false,0,0,0,0,0,0,0,0,0,0,0,0,0,0
16809,"Morro da Coroa - Catumbi, Rio de Janeiro - RJ, 20211-320, Brasil",Sudeste,Rio de Janeiro,Rio de Janeiro,CATUMBI,,MORRO DA COROA,-22.9201044000,-43.1982288000,"15/07/2018, 07:00:00",false,false,,Disputa,,,false,0,0,0,0,0,0,0,0,0,0,0,0,0,0
16797,"Campinho, Rio de Janeiro - RJ, Brasil",Sudeste,Rio de Janeiro,Rio de Janeiro,CAMPINHO,,,-22.8861988000,-43.3425426000,"15/07/2018, 08:33:00",false,false,,Não identificado,,,false,0,0,0,0,0,0,0,0,0,0,0,0,0,0
16799,"Complexo do Lins, Rio de Janeiro - RJ, Brasil",Sudeste,Rio de Janeiro,Rio de Janeiro,LINS DE VASCONCELOS,,COMPLEXO DO LINS,-22.9139531000,-43.2823898000,"15/07/2018, 11:10:00",false,false,,Não identificado,,,false,0,0,0,0,0,0,0,0,0,0,0,0,0,0
16802,"R. Nova- Rocinha, Rio de Janeiro - RJ, Brasil",Sudeste,Rio de Janeiro,Rio de Janeiro,ROCINHA,,ROCINHA,-22.9888149000,-43.2478189000,"15/07/2018, 11:40:00",false,false,,Não identificado,,,false,0,0,0,0,0,0,0,0,0,0,0,0,0,0
16800,"Irajá, Rio de Janeiro - RJ, 21235-500, Brasil",Sudeste,Rio de Janeiro,Rio de Janeiro,IRAJA,,,-22.8388294000,-43.3242120000,"15/07/2018, 11:41:00",false,false,,Não identificado,,,false,0,0,0,0,0,0,0,0,0,0,0,0,0,0
16803,"Morro do Urubu,  Piedade, Rio de Janeiro - RJ, 21381-150, Brasil",Sudeste,Rio de Janeiro,Rio de Janeiro,PIEDADE,,MORRO DO URUBU (COMPLEXO DO URUBU),-22.8759202000,-43.3069189000,"15/07/2018, 14:37:00",false,false,,Não identificado,,,false,0,0,0,0,0,0,0,0,0,0,0,0,0,0
16808,"Vila Kennedy, Rio de Janeiro - RJ, 21850-430, Brasil",Sudeste,Rio de Janeiro,Rio de Janeiro,VILA KENNEDY,,VILA KENNEDY,-22.8580810000,-43.4874331000,"15/07/2018, 15:25:00",false,false,,Disputa,,,false,1,3,0,0,0,0,0,0,0,0,0,0,0,0
16811,"Rua Barão - Praça Seca, Rio de Janeiro - RJ, 21321-620, Brasil",Sudeste,Rio de Janeiro,Rio de Janeiro,PRACA SECA,,MORRO SAO JOSE OPERARIO (OU MORRO DA BARAO),-22.9024938000,-43.3474989000,"15/07/2018, 17:04:00",false,false,,Não identificado,,,false,0,0,0,0,0,0,0,0,0,0,0,0,0,0
16813,"Abolição, Rio de Janeiro - RJ, 20750-030, Brasil",Sudeste,Rio de Janeiro,Rio de Janeiro,ABOLICAO,,,-22.8833202000,-43.2980584000,"15/07/2018, 17:13:00",false,false,,Não identificado,,,false,0,0,0,0,0,0,0,0,0,0,0,0,0,0
16812,"Rua Barão, 1 - Praça Seca, Rio de Janeiro - RJ, 21321-620, Brasil",Sudeste,Rio de Janeiro,Rio de Janeiro,PRACA SECA,,MORRO SAO JOSE OPERARIO (OU MORRO DA BARAO),-22.9039134000,-43.3452474000,"15/07/2018, 18:07:00",false,false,,Não identificado,,,false,0,0,0,0,0,0,0,0,0,0,0,0,0,0
17235,"Rocha, Rio de Janeiro - RJ, Brasil",Sudeste,Rio de Janeiro,Rio de Janeiro,ROCHA,,,-22.9011098000,-43.2492123000,"15/07/2018, 19:00:00",false,false,,Não identificado,,,false,0,0,0,0,0,0,0,0,0,0,0,0,0,0
16814,"Rua 4 - Rocinha, Rio de Janeiro - RJ, 22451-272, Brasil",Sudeste,Rio de Janeiro,Rio de Janeiro,ROCINHA,,ROCINHA,-22.9892900000,-43.2513660000,"15/07/2018, 19:04:00",true,true,N�o identificado,Ação policial,,,false,0,0,0,0,0,0,0,0,0,0,0,0,0,0
16817,"Favela Furquim Mendes - Vigário Geral, Rio de Janeiro - RJ, 21241-340, Brasil",Sudeste,Rio de Janeiro,Rio de Janeiro,VIGARIO GERAL,,FURQUIM MENDES,-22.8060539000,-43.3149972000,"15/07/2018, 20:26:00",false,false,,Não identificado,,,false,0,0,0,0,0,0,0,0,0,0,0,0,0,0
16821,"Fazendinha - Complexo do Alemão, Rio de Janeiro - RJ, Brasil",Sudeste,Rio de Janeiro,Rio de Janeiro,COMPLEXO DO ALEMAO,,FAZENDINHA (COMPLEXO DO ALEMAO),-22.8593331000,-43.2754759000,"16/07/2018, 02:59:00",true,true,UPP (Complexo do Alem�o),Operação policial,,,false,0,1,0,1,0,0,0,0,0,0,0,0,0,0
16836,"Ramos, Rio de Janeiro - RJ, 21031-210, Brasil",Sudeste,Rio de Janeiro,Rio de Janeiro,RAMOS,,,-22.8532040000,-43.2623589000,"16/07/2018, 03:00:00",true,true,PC,Ação policial,,,false,0,1,0,0,0,0,0,0,0,0,0,0,0,0
16820,Morro do dezoito,Sudeste,Rio de Janeiro,Rio de Janeiro,PIEDADE,,MORRO DO 18 (COMPLEXO DO 18),-22.9035582000,-43.3146389000,"16/07/2018, 03:27:00",false,false,,Não identificado,,,false,0,0,0,0,0,0,0,0,0,0,0,0,0,0
16822,"R. Gen. Roca - Tijuca, Rio de Janeiro - RJ, Brasil",Sudeste,Rio de Janeiro,Rio de Janeiro,TIJUCA,,,-22.9261639000,-43.2313857000,"16/07/2018, 03:30:00",true,true,N�o identificado,Ação policial,,,false,0,0,0,0,0,0,0,0,0,0,0,0,0,0
16825,"Fazendinha e Nova Brasília - Complexo do Alemão, Rio de Janeiro - RJ, Brasil",Sudeste,Rio de Janeiro,Rio de Janeiro,COMPLEXO DO ALEMAO,,FAZENDINHA (COMPLEXO DO ALEMAO),-22.8593331000,-43.2754759000,"16/07/2018, 04:11:00",false,false,,Não identificado,,,false,0,0,0,0,0,0,0,0,0,0,0,0,0,0
16829,"Nova Brasília e Fazendinha - Complexo do Alemão, Rio de Janeiro - RJ, Brasil",Sudeste,Rio de Janeiro,Rio de Janeiro,COMPLEXO DO ALEMAO,,NOVA BRASILIA (COMPLEXO DO ALEMAO),-22.8593331000,-43.2754759000,"16/07/2018, 05:16:00",true,true,N�o identificado,Ação policial,,,false,0,0,0,0,0,0,0,0,0,0,0,0,0,0
16831,"Fazendinha e Loteamento - Complexo do Alemão, Rio de Janeiro - RJ, Brasil",Sudeste,Rio de Janeiro,Rio de Janeiro,COMPLEXO DO ALEMAO,,FAZENDINHA (COMPLEXO DO ALEMAO),-22.8593331000,-43.2754759000,"16/07/2018, 06:26:00",true,true,N�o identificado,Ação policial,,,false,0,0,0,0,0,0,0,0,0,0,0,0,0,0
16832,"Nova Brasília  - Complexo do Alemão, Rio de Janeiro - RJ, Brasil",Sudeste,Rio de Janeiro,Rio de Janeiro,COMPLEXO DO ALEMAO,,NOVA BRASILIA (COMPLEXO DO ALEMAO),-22.8593331000,-43.2754759000,"16/07/2018, 07:26:00",true,true,N�o identificado,Ação policial,,,false,0,0,0,0,0,0,0,0,0,0,0,0,0,0
16837,"Complexo do Alemão, Rio de Janeiro - RJ, Brasil",Sudeste,Rio de Janeiro,Rio de Janeiro,COMPLEXO DO ALEMAO,,COMPLEXO DO ALEMAO,-22.8593331000,-43.2754759000,"16/07/2018, 07:59:00",true,true,N�o identificado,Ação policial,,,false,0,0,0,0,0,0,0,0,0,0,0,0,0,0
16840,"Complexo do Alemão, Rio de Janeiro - RJ, 21062-110, Brasil",Sudeste,Rio de Janeiro,Rio de Janeiro,COMPLEXO DO ALEMAO,,COMPLEXO DO ALEMAO,-22.8590689000,-43.2754178000,"16/07/2018, 08:59:00",true,true,N�o identificado,Ação policial,,,false,0,0,0,0,0,0,0,0,0,0,0,0,0,0
16841,"Complexo do Alemão, Rio de Janeiro - RJ, Brasil",Sudeste,Rio de Janeiro,Rio de Janeiro,COMPLEXO DO ALEMAO,,COMPLEXO DO ALEMAO,-22.8593331000,-43.2754759000,"16/07/2018, 10:09:00",true,true,N�o identificado,Ação policial,,,false,0,0,0,0,0,0,0,0,0,0,0,0,0,0
16843,"Complexo do Alemão, Rio de Janeiro - RJ, 21061-520, Brasil",Sudeste,Rio de Janeiro,Rio de Janeiro,COMPLEXO DO ALEMAO,,COMPLEXO DO ALEMAO,-22.8685532000,-43.2790364000,"16/07/2018, 12:08:00",true,true,N�o identificado,Ação policial,,,false,0,0,0,0,0,0,0,0,0,0,0,0,0,0
16854,"Favela da Grota, Complexo do Alemão, Rio de Janeiro - RJ, Brasil",Sudeste,Rio de Janeiro,Rio de Janeiro,COMPLEXO DO ALEMAO,,GROTA (COMPLEXO DO ALEMAO),-22.8610560000,-43.2725990000,"16/07/2018, 16:22:00",true,true,N�o identificado,Ação policial,,,false,0,0,0,0,0,0,0,0,0,0,0,0,0,0
16855,"Vila Verde, Rocinha, Rio de Janeiro - RJ, Brasil",Sudeste,Rio de Janeiro,Rio de Janeiro,ROCINHA,,ROCINHA,-22.9888345000,-43.2536134000,"16/07/2018, 17:49:00",false,false,,Não identificado,,,false,0,0,0,0,0,0,0,0,0,0,0,0,0,0
16856,"R. Bem-Te-VI, 101 - Galeão, Rio de Janeiro - RJ, 21941-660, Brasil",Sudeste,Rio de Janeiro,Rio de Janeiro,GALEAO,,MORRO DO BARBANTE (OU VILA JOANIZA),-22.8138325000,-43.2300406000,"16/07/2018, 18:18:00",false,false,,Não identificado,,,false,0,0,0,0,0,0,0,0,0,0,0,0,0,0
16857,"Favela da Grota - Complexo do Alemão, Rio de Janeiro - RJ, Brasil",Sudeste,Rio de Janeiro,Rio de Janeiro,COMPLEXO DO ALEMAO,,GROTA (COMPLEXO DO ALEMAO),-22.8608162000,-43.2741950000,"16/07/2018, 19:02:00",true,true,N�o identificado,Ação policial,,,false,0,0,0,0,0,0,0,0,0,0,0,0,0,0
16863,"Morro do Urubu, Pilares, Rio de Janeiro - RJ, Brasil",Sudeste,Rio de Janeiro,Rio de Janeiro,PILARES,,MORRO DO URUBU (COMPLEXO DO URUBU),-22.8763889000,-43.3033333000,"16/07/2018, 19:50:00",false,false,,Disputa,,,false,0,0,0,0,0,0,0,0,0,0,0,0,0,0
16870,"Morro do Urubu - Cavalcanti, Rio de Janeiro - RJ, Brasil",Sudeste,Rio de Janeiro,Rio de Janeiro,CAVALCANTI,,MORRO DO URUBU (COMPLEXO DO URUBU),-22.8725957000,-43.3136000000,"16/07/2018, 21:30:00",true,true,3 BPM,Disputa,,,true,3,0,0,0,0,0,0,0,0,0,0,0,0,0
16867,"R. Ebroino Uruguai, 113 - Santo Cristo, Rio de Janeiro - RJ, 20220-620, Brasil",Sudeste,Rio de Janeiro,Rio de Janeiro,SANTO CRISTO,,MORRO DA PROVIDENCIA,-22.9028324000,-43.1975044000,"16/07/2018, 23:16:00",false,false,,Não identificado,,,false,0,0,0,0,0,0,0,0,0,0,0,0,0,0
16896,"Coréia, Senador Camará, Rio de Janeiro - RJ, Brasil",Sudeste,Rio de Janeiro,Rio de Janeiro,SENADOR CAMARA,,FAVELA DA COREIA (COMPLEXO DA COREIA DE SENADOR CAMARA),-22.8968333000,-43.4877927000,"16/07/2018, 23:20:00",false,false,,Não identificado,,,false,0,0,0,0,0,0,0,0,0,0,0,0,0,0
16868,"Santíssimo, Rio de Janeiro - RJ, 21810-007, Brasil",Sudeste,Rio de Janeiro,Rio de Janeiro,SANTISSIMO,,,-22.8797922000,-43.5116016000,"17/07/2018, 00:00:00",false,false,,Não identificado,,,false,0,0,0,0,0,0,0,0,0,0,0,0,0,0
16898,"R. Gen. Sezefredo,- Realengo, Rio de Janeiro - RJ, 21715-062, Brasil",Sudeste,Rio de Janeiro,Rio de Janeiro,REALENGO,,,-22.8799694000,-43.4348798000,"17/07/2018, 01:20:00",false,false,,Não identificado,,,false,1,0,0,0,0,0,0,0,0,0,0,0,0,0
16910,"Av. Miguel Antônio Fernandes - Recreio dos Bandeirantes, Rio de Janeiro - RJ, Brasil",Sudeste,Rio de Janeiro,Rio de Janeiro,RECREIO DOS BANDEIRANTES,,,-23.0096021000,-43.4782528000,"17/07/2018, 05:15:00",false,false,,Homicidio/Tentativa,,,false,1,0,0,0,0,0,0,0,0,0,0,0,0,0
16873,"Morro do Urubu, Pilares, Rio de Janeiro - RJ, 21381-150, Brasil",Sudeste,Rio de Janeiro,Rio de Janeiro,PILARES,,MORRO DO URUBU (COMPLEXO DO URUBU),-22.8759202000,-43.3069189000,"17/07/2018, 08:05:00",true,true,N�o identificado,Ação policial,,,false,0,0,0,0,0,0,0,0,0,0,0,0,0,0
16893,"R. Gavião, Galeão, Rio de Janeiro - RJ, Brasil barbante da ilha",Sudeste,Rio de Janeiro,Rio de Janeiro,GALEAO,,MORRO DO BARBANTE (OU VILA JOANIZA),-22.8126301000,-43.2298436000,"17/07/2018, 12:38:00",false,false,,Não identificado,,,false,0,0,0,0,0,0,0,0,0,0,0,0,0,0
16931,"Morro da Serrinha - Váz Lobo, Rio de Janeiro - RJ, Brasil",Sudeste,Rio de Janeiro,Rio de Janeiro,VAZ LOBO,,MORRO DA SERRINHA (COMPLEXO DA SERRINHA),-22.8641667000,-43.3238889000,"17/07/2018, 16:00:00",true,true,N�o identificado,Ação policial,,Perseguição,false,0,0,0,0,0,0,0,0,0,0,0,0,0,0
16899,"Fazendinha - Complexo do Alemão, Rio de Janeiro - RJ, 20766-720, Brasil",Sudeste,Rio de Janeiro,Rio de Janeiro,COMPLEXO DO ALEMAO,,FAZENDINHA (COMPLEXO DO ALEMAO),-22.8627928000,-43.2845491000,"17/07/2018, 16:07:00",false,false,,Não identificado,,,false,0,0,0,0,0,0,0,0,0,0,0,0,0,0
16904,"R. Cirne Maia, Rio de Janeiro - RJ, Brazil",Sudeste,Rio de Janeiro,Rio de Janeiro,CACHAMBI,,,-22.8920025000,-43.2797248000,"17/07/2018, 19:16:00",false,false,,Não identificado,,,false,0,0,0,0,0,0,0,0,0,0,0,0,0,0
16907,"15 - Cidade de Deus, Rio de Janeiro - RJ, 22773-300, Brasil",Sudeste,Rio de Janeiro,Rio de Janeiro,CIDADE DE DEUS,,CIDADE DE DEUS,-22.9459320000,-43.3652650000,"17/07/2018, 20:27:00",false,false,,Não identificado,,,false,0,0,0,0,0,0,0,0,0,0,0,0,0,0
16908,"Karatê - Jacarepagua, Rio de Janeiro - RJ, 22775-110, Brasil",Sudeste,Rio de Janeiro,Rio de Janeiro,CIDADE DE DEUS,,CIDADE DE DEUS,-22.9479130000,-43.3732020000,"17/07/2018, 20:48:00",false,false,,Não identificado,,,false,0,0,0,0,0,0,0,0,0,0,0,0,0,0
16929,"Cidade de Deus, Rio de Janeiro - RJ, Brasil",Sudeste,Rio de Janeiro,Rio de Janeiro,CIDADE DE DEUS,,CIDADE DE DEUS,-22.9481688000,-43.3626721000,"17/07/2018, 21:30:00",true,true,FFAA,Operação policial,,,false,0,0,0,1,0,0,0,0,0,0,0,0,0,0
17023,"Estr. de Urucânia, Paciência, Rio de Janeiro - RJ, 23580-140, Brasil",Sudeste,Rio de Janeiro,Rio de Janeiro,PACIENCIA,,CONJUNTO MAESTRO OLIMPIO DOS SANTOS (OU URUCANIA),-22.9187436000,-43.6499975000,"18/07/2018, 00:00:00",false,false,,Não identificado,,,false,0,0,0,0,0,0,0,0,0,0,0,0,0,0
16949,"Av. Brasil - Caju, Rio de Janeiro - RJ, Brasil",Sudeste,Rio de Janeiro,Rio de Janeiro,CAJU,,,-22.8883102000,-43.2231483000,"18/07/2018, 02:00:00",false,false,,Tentativa/Roubo,,Outros,false,0,1,0,0,0,0,0,0,0,0,0,0,0,0
16909,"Morro São José, Madureira, Rio de Janeiro - RJ, Brasil",Sudeste,Rio de Janeiro,Rio de Janeiro,MADUREIRA,,MORRO DO SAO JOSE (COMPLEXO DA SERRINHA),-22.8699390000,-43.3311149000,"18/07/2018, 02:36:00",false,false,,Não identificado,,,false,0,0,0,0,0,0,0,0,0,0,0,0,0,0
16911,"Morro da Formiga - Tijuca, Rio de Janeiro - RJ, Brasil",Sudeste,Rio de Janeiro,Rio de Janeiro,TIJUCA,,MORRO DA FORMIGA,-22.9441667000,-43.2408333000,"18/07/2018, 03:30:00",true,true,PM,Operação policial,,,false,0,0,0,0,0,0,0,0,0,0,0,0,0,0
16913,"Morro Dona Marta, Botafogo, Rio de Janeiro - RJ, Brasil",Sudeste,Rio de Janeiro,Rio de Janeiro,BOTAFOGO,,SANTA MARTA,-22.9444444000,-43.1963889000,"18/07/2018, 03:48:00",true,true,PM,Operação policial,,,false,0,0,0,0,0,0,0,0,0,0,0,0,0,0
16930,"Morro Santa Marta - Botafogo, Rio de Janeiro - RJ, 22260-140, Brasil",Sudeste,Rio de Janeiro,Rio de Janeiro,BOTAFOGO,,SANTA MARTA,-22.9469747000,-43.1941219000,"18/07/2018, 06:00:00",true,true,N�o identificado,Operação policial,,,false,0,0,0,0,0,0,0,0,0,0,0,0,0,0
16923,"Alvorada, Complexo do Alemão, Rio de Janeiro - RJ, Brasil",Sudeste,Rio de Janeiro,Rio de Janeiro,COMPLEXO DO ALEMAO,,ALVORADA (COMPLEXO DO ALEMAO),-22.8624135000,-43.2748945000,"18/07/2018, 06:10:00",false,false,,Não identificado,,,false,0,0,0,0,0,0,0,0,0,0,0,0,0,0
16926,"Vidigal, Rio de Janeiro - RJ, 22450-280, Brasil",Sudeste,Rio de Janeiro,Rio de Janeiro,VIDIGAL,,VIDIGAL,-22.9932330000,-43.2357540000,"18/07/2018, 08:34:00",false,false,,Não identificado,,,false,0,0,0,0,0,0,0,0,0,0,0,0,0,0
16932,"Vidigal, Rio de Janeiro - RJ, Brasil",Sudeste,Rio de Janeiro,Rio de Janeiro,VIDIGAL,,VIDIGAL,-22.9939022000,-43.2358343000,"18/07/2018, 13:17:00",false,false,,Não identificado,,,false,0,0,0,0,0,0,0,0,0,0,0,0,0,0
16935,"Morro da Formiga - Tijuca, Rio de Janeiro - RJ, Brasil",Sudeste,Rio de Janeiro,Rio de Janeiro,TIJUCA,,MORRO DA FORMIGA,-22.9423988000,-43.2428151000,"18/07/2018, 15:13:00",false,false,,Não identificado,,,false,0,0,0,0,0,0,0,0,0,0,0,0,0,0
16936,"Bateau Mouche - Praça Seca, Rio de Janeiro - RJ, Brasil",Sudeste,Rio de Janeiro,Rio de Janeiro,PRACA SECA,,FAVELA BATEAU MOUCHE,-22.9073485000,-43.3517073000,"18/07/2018, 15:29:00",false,false,,Não identificado,,,false,0,0,0,0,0,0,0,0,0,0,0,0,0,0
16937,"Morro da Covanca - Tanque, Rio de Janeiro - RJ, 22735-040, Brasil",Sudeste,Rio de Janeiro,Rio de Janeiro,TANQUE,,MORRO DA COVANCA,-22.9125226000,-43.3417719000,"18/07/2018, 15:30:00",false,false,,Não identificado,,,false,0,0,0,0,0,0,0,0,0,0,0,0,0,0
16942,"Rua Conde de Agrolongo, 127 - Penha, Rio de Janeiro - RJ, 21020-190, Brasil",Sudeste,Rio de Janeiro,Rio de Janeiro,PENHA,,,-22.8292289000,-43.2740365000,"18/07/2018, 17:24:00",true,true,N�o identificado,Ação policial,,,false,0,0,0,0,0,0,0,0,0,0,0,0,0,0
16951,"R. Dias da Cruz, 770 - Meier, Rio de Janeiro - RJ, 20720-013, Brasil",Sudeste,Rio de Janeiro,Rio de Janeiro,MEIER,,,-22.9038678000,-43.2957077000,"18/07/2018, 20:21:00",false,false,,Não identificado,,,false,0,0,0,0,0,0,0,0,0,0,0,0,0,0
16953,"Rua Américo Rocha, Rio de Janeiro - RJ, 21555-300, Brasil",Sudeste,Rio de Janeiro,Rio de Janeiro,MARECHAL HERMES,,,-22.8614416000,-43.3653611000,"18/07/2018, 20:34:00",false,false,,Não identificado,,,false,0,0,0,0,0,0,0,0,0,0,0,0,0,0
16955,"Vila Vintém - Padre Miguel, Rio de Janeiro - RJ, 21721-021, Brasil",Sudeste,Rio de Janeiro,Rio de Janeiro,PADRE MIGUEL,,VILA VINTEM,-22.8709633000,-43.4426703000,"18/07/2018, 20:40:00",false,false,,Não identificado,,,false,0,0,0,0,0,0,0,0,0,0,0,0,0,0
16958,"Morro do Adeus, Complexo do Alemão, Rio de Janeiro - RJ, Brasil",Sudeste,Rio de Janeiro,Rio de Janeiro,COMPLEXO DO ALEMAO,,MORRO DO ADEUS (COMPLEXO DO ALEMAO),-22.8649861000,-43.2618042000,"19/07/2018, 02:10:00",true,true,PM,Operação policial,,,false,0,1,0,0,0,0,0,0,0,0,0,0,0,0
16968,"Morro do Andarai, Rio de Janeiro - RJ, Brasil",Sudeste,Rio de Janeiro,Rio de Janeiro,ANDARAI,,MORRO DO ANDARAI,-22.9328243000,-43.2572967000,"19/07/2018, 08:10:00",false,false,,Não identificado,,,false,0,0,0,0,0,0,0,0,0,0,0,0,0,0
16985,"Morro da Providencia - Gambôa, Rio de Janeiro - RJ, 20221-310, Brasil",Sudeste,Rio de Janeiro,Rio de Janeiro,GAMBOA,,MORRO DA PROVIDENCIA,-22.9002778000,-43.1952778000,"19/07/2018, 08:16:00",false,false,,Não identificado,,,false,0,0,0,0,0,0,0,0,0,0,0,0,0,0
16981,"Morro do Gambá, Lins de Vasconcelos, Rio de Janeiro - RJ, 20725-140, Brasil",Sudeste,Rio de Janeiro,Rio de Janeiro,LINS DE VASCONCELOS,,MORRO DO GAMBA (COMPLEXO DO LINS),-22.9147620000,-43.2850690000,"19/07/2018, 10:50:00",false,false,,Não identificado,,,false,0,0,0,0,0,0,0,0,0,0,0,0,0,0
16979,"Estr. da Água Grande, Rio de Janeiro - RJ, Brasil",Sudeste,Rio de Janeiro,Rio de Janeiro,IRAJA,,,-22.8278865000,-43.3213736000,"19/07/2018, 11:00:00",true,true,N�o identificado,Ação policial,,,false,0,0,0,0,0,0,0,0,0,0,0,0,0,0
16989,"Morro da Covanca - Tanque, Rio de Janeiro - RJ, 22735-040, Brasil",Sudeste,Rio de Janeiro,Rio de Janeiro,TANQUE,,MORRO DA COVANCA,-22.9125226000,-43.3417719000,"19/07/2018, 14:40:00",false,false,,Não identificado,,,false,0,0,0,0,0,0,0,0,0,0,0,0,0,0
17012,"Praça São Salvador - Laranjeiras, Rio de Janeiro - RJ, Brasil",Sudeste,Rio de Janeiro,Rio de Janeiro,LARANJEIRAS,,,-22.9340007000,-43.1808171000,"19/07/2018, 19:00:00",true,true,N�o identificado,Tentativa/Roubo,,,false,0,0,0,0,0,0,0,0,0,0,0,0,0,0
17001,"Av. Cesário de Melo - Campo Grande, Rio de Janeiro - RJ, 23052-102, Brasil",Sudeste,Rio de Janeiro,Rio de Janeiro,SANTA CRUZ,,,-22.9296175000,-43.6554267000,"19/07/2018, 19:40:00",false,false,,Não identificado,,,false,0,0,0,0,0,0,0,0,0,0,0,0,0,0
17002,"Morro do Turano - Rio Comprido, Rio de Janeiro - RJ, Brasil",Sudeste,Rio de Janeiro,Rio de Janeiro,RIO COMPRIDO,,MORRO DO TURANO,-22.9264193000,-43.2161412000,"19/07/2018, 20:01:00",false,false,,Não identificado,,,false,0,0,0,0,0,0,0,0,0,0,0,0,0,0
17004,"Morro dos Macacos - Vila Isabel, Rio de Janeiro - RJ, Brasil",Sudeste,Rio de Janeiro,Rio de Janeiro,VILA ISABEL,,MORRO DOS MACACOS,-22.9105457000,-43.2534821000,"19/07/2018, 21:56:00",false,false,,Disputa,,Tiroteio contínuo,false,0,0,0,0,0,0,0,0,0,0,0,0,0,0
17007,"Morro São João - Engenho Novo, Rio de Janeiro - RJ, 20950-370, Brasil",Sudeste,Rio de Janeiro,Rio de Janeiro,ENGENHO NOVO,,MORRO SAO JOAO,-22.9075420000,-43.2648900000,"19/07/2018, 22:09:00",false,false,,Não identificado,,,false,0,0,0,0,0,0,0,0,0,0,0,0,0,0
17016,"R. Frei Miguel - Realengo, Rio de Janeiro - RJ, Brasil",Sudeste,Rio de Janeiro,Rio de Janeiro,REALENGO,,,-22.8842145000,-43.4221167000,"19/07/2018, 22:44:00",true,true,N�o identificado,Ação policial,,,false,0,0,0,0,0,0,0,0,0,0,0,0,0,0
17013,"Morro dos Macacos - Vila Isabel, Rio de Janeiro - RJ, 20551-232, Brasil",Sudeste,Rio de Janeiro,Rio de Janeiro,VILA ISABEL,,MORRO DOS MACACOS,-22.9137640000,-43.2563740000,"19/07/2018, 23:34:00",false,false,,Não identificado,,,false,0,0,0,0,0,0,0,0,0,0,0,0,0,0
17014,"Morro dos Macacos - Vila Isabel, Rio de Janeiro - RJ, 20551-230, Brasil",Sudeste,Rio de Janeiro,Rio de Janeiro,VILA ISABEL,,MORRO DOS MACACOS,-22.9137713000,-43.2568501000,"20/07/2018, 00:34:00",false,false,,Não identificado,,,false,0,0,0,0,0,0,0,0,0,0,0,0,0,0
17015,"Morro dos Macacos - Vila Isabel, Rio de Janeiro - RJ, 20551-232, Brasil",Sudeste,Rio de Janeiro,Rio de Janeiro,VILA ISABEL,,MORRO DOS MACACOS,-22.9137680000,-43.2567170000,"20/07/2018, 01:35:00",false,false,,Não identificado,,,false,0,0,0,0,0,0,0,0,0,0,0,0,0,0
17008,"Morro dos Macacos - Sampaio, Rio de Janeiro - RJ, Brasil",Sudeste,Rio de Janeiro,Rio de Janeiro,SAMPAIO,,MORRO DOS MACACOS,-22.9100000000,-43.2575000000,"20/07/2018, 02:41:00",false,false,,Não identificado,,,false,0,0,0,0,0,0,0,0,0,0,0,0,0,0
17009,"Morro do São João - Engenho Novo, Rio de Janeiro - RJ, 20950-370, Brasil",Sudeste,Rio de Janeiro,Rio de Janeiro,ENGENHO NOVO,,MORRO SAO JOAO,-22.9076140000,-43.2651120000,"20/07/2018, 02:50:00",false,false,,Não identificado,,,false,0,0,0,0,0,0,0,0,0,0,0,0,0,0
17019,"Lins de Vasconcelos, Rio de Janeiro - RJ, Brasil",Sudeste,Rio de Janeiro,Rio de Janeiro,LINS DE VASCONCELOS,,,-22.9128703000,-43.2845545000,"20/07/2018, 06:00:00",false,false,,Não identificado,,,false,0,0,0,0,0,0,0,0,0,0,0,0,0,0
17018,"Morro do Borel - Tijuca, Rio de Janeiro - RJ, 20530-001, Brasil",Sudeste,Rio de Janeiro,Rio de Janeiro,TIJUCA,,MORRO DO BOREL,-22.9395041000,-43.2515359000,"20/07/2018, 06:40:00",false,false,,Não identificado,,,false,0,0,0,0,0,0,0,0,0,0,0,0,0,0
17021,"Morro da Malvina - Vila Kennedy - Bangu, Rio de Janeiro - RJ, 21850-007, Brasil",Sudeste,Rio de Janeiro,Rio de Janeiro,VILA KENNEDY,,VILA KENNEDY,-22.8604006000,-43.4884116000,"20/07/2018, 07:03:00",false,false,,Não identificado,,,false,0,0,0,0,0,0,0,0,0,0,0,0,0,0
17032,"Baixa do Sapateiro,  Maré, Rio de Janeiro - RJ, Brasil",Sudeste,Rio de Janeiro,Rio de Janeiro,MARE,,BAIXA DO SAPATEIRO (COMPLEXO DA MARE),-22.8613965000,-43.2402243000,"20/07/2018, 12:06:00",false,false,,Não identificado,,,false,0,0,0,0,0,0,0,0,0,0,0,0,0,0
17033,"Baixa do Sapateiro, Maré, Rio de Janeiro - RJ, Brasil",Sudeste,Rio de Janeiro,Rio de Janeiro,MARE,,BAIXA DO SAPATEIRO (COMPLEXO DA MARE),-22.8614224000,-43.2404702000,"20/07/2018, 13:30:00",false,false,,Não identificado,,,false,0,0,0,0,0,0,0,0,0,0,0,0,0,0
17036,"Rocinha, Rio de Janeiro - RJ, 22451-264, Brasil",Sudeste,Rio de Janeiro,Rio de Janeiro,ROCINHA,,ROCINHA,-22.9888345000,-43.2536134000,"20/07/2018, 14:05:00",true,true,N�o identificado,Operação policial,,,false,0,0,0,0,0,0,0,0,0,0,0,0,0,0
17037,"R. Evanildo Alves, Maré, Rio de Janeiro - RJ, 21040-000, Brasil",Sudeste,Rio de Janeiro,Rio de Janeiro,MARE,,BAIXA DO SAPATEIRO (COMPLEXO DA MARE),-22.8596470000,-43.2440060000,"20/07/2018, 14:30:00",false,false,,Não identificado,,,false,0,0,0,0,0,0,0,0,0,0,0,0,0,0
17041,"R. Evanildo Alves - Maré, Rio de Janeiro - RJ, Brasil",Sudeste,Rio de Janeiro,Rio de Janeiro,MARE,,BAIXA DO SAPATEIRO (COMPLEXO DA MARE),-22.8585297000,-43.2423234000,"20/07/2018, 15:30:00",false,false,,Não identificado,,,false,0,0,0,0,0,0,0,0,0,0,0,0,0,0
17056,"Ricardo de Albuquerque, Rio de Janeiro - RJ, Brasil",Sudeste,Rio de Janeiro,Rio de Janeiro,RICARDO DE ALBUQUERQUE,,,-22.8393288000,-43.3980294000,"20/07/2018, 17:26:00",false,false,,Não identificado,,,false,0,0,0,0,0,0,0,0,0,0,0,0,0,0
17055,"Estr. da Água Branca, Rio de Janeiro - RJ, Brasil",Sudeste,Rio de Janeiro,Rio de Janeiro,BANGU,,,-22.8623859000,-43.4557456000,"20/07/2018, 17:54:00",false,false,,Não identificado,,,false,0,0,0,0,0,0,0,0,0,0,0,0,0,0
17058,"Av. dos Democráticos - Manguinhos, Rio de Janeiro - RJ, Brasil",Sudeste,Rio de Janeiro,Rio de Janeiro,MANGUINHOS,,COREIA (COMPLEXO DE MANGUINHOS),-22.8827448000,-43.2536772000,"20/07/2018, 18:03:00",true,true,N�o identificado,Ação policial,,,false,1,1,0,1,0,0,0,0,0,0,0,0,0,0
17059,"Av. Ayrton Senna, 250 - Barra da Tijuca, Rio de Janeiro - RJ, 22793-000, Brasil",Sudeste,Rio de Janeiro,Rio de Janeiro,BARRA DA TIJUCA,,,-23.0086200000,-43.3653490000,"20/07/2018, 18:30:00",false,false,,Não identificado,,,false,0,0,0,0,0,0,0,0,0,0,0,0,0,0
17060,"Leão - Vila Kennedy, Rio de Janeiro - RJ, Brasil",Sudeste,Rio de Janeiro,Rio de Janeiro,VILA KENNEDY,,VILA KENNEDY,-22.8566084000,-43.4882560000,"20/07/2018, 20:10:00",false,false,,Não identificado,,,false,0,0,0,0,0,0,0,0,0,0,0,0,0,0
17062,"R. Tirol, Rio de Janeiro - RJ, Brasil",Sudeste,Rio de Janeiro,Rio de Janeiro,JACAREPAGUA,,FAVELA DA TIROL,-22.9393819000,-43.3323560000,"20/07/2018, 20:32:00",false,false,,Não identificado,,,false,0,0,0,0,0,0,0,0,0,0,0,0,0,0
17061,"Ladeira dos Tabajaras, 50 - Copacabana, Rio de Janeiro - RJ, 22031-112, Brasil",Sudeste,Rio de Janeiro,Rio de Janeiro,COPACABANA,,LADEIRA DOS TABAJARAS,-22.9663052000,-43.1865305000,"20/07/2018, 20:35:00",false,false,,Não identificado,,,false,0,0,0,0,0,0,0,0,0,0,0,0,0,0
17063,"Parque Arará, Rio de Janeiro - RJ, Brasil",Sudeste,Rio de Janeiro,Rio de Janeiro,BENFICA,,PARQUE ARARA,-22.8889072000,-43.2391525000,"20/07/2018, 20:41:00",false,false,,Não identificado,,,false,0,0,0,0,0,0,0,0,0,0,0,0,0,0
17065,"Lins de Vasconcelos, Rio de Janeiro - RJ, Brasil",Sudeste,Rio de Janeiro,Rio de Janeiro,LINS DE VASCONCELOS,,,-22.9128703000,-43.2845545000,"20/07/2018, 20:53:00",false,false,,Não identificado,,,false,0,0,0,0,0,0,0,0,0,0,0,0,0,0
17066,"Conjunto Cesar Maia - Vargem Pequena, Rio de Janeiro - RJ, 22783-116, Brasil",Sudeste,Rio de Janeiro,Rio de Janeiro,VARGEM PEQUENA,,CONJUNTO CESAR MAIA,-22.9903874000,-43.4315403000,"20/07/2018, 21:09:00",false,false,,Não identificado,,,false,0,0,0,0,0,0,0,0,0,0,0,0,0,0
17071,"Favela do Rola - Santa Cruz, Rio de Janeiro - RJ, Brasil",Sudeste,Rio de Janeiro,Rio de Janeiro,SANTA CRUZ,,COMPLEXO DO RODO,-22.9196515000,-43.6843877000,"21/07/2018, 00:40:00",false,false,,Não identificado,,,false,0,0,0,0,0,0,0,0,0,0,0,0,0,0
17070,"R. São Clemente, 307 - Botafogo, Rio de Janeiro - RJ, 22260-140, Brasil",Sudeste,Rio de Janeiro,Rio de Janeiro,BOTAFOGO,,SANTA MARTA,-22.9483710000,-43.1935330000,"21/07/2018, 00:52:00",false,false,,Não identificado,,,false,0,0,0,0,0,0,0,0,0,0,0,0,0,0
17072,"Penha Circular, Rio de Janeiro - RJ, 21011-540, Brasil",Sudeste,Rio de Janeiro,Rio de Janeiro,PENHA CIRCULAR,,,-22.8316376000,-43.2822870000,"21/07/2018, 02:40:00",false,false,,Não identificado,,,false,0,0,0,0,0,0,0,0,0,0,0,0,0,0
17084,"Rua Candido Benício,  Mato Alto, Rio de Janeiro - RJ, Brasil",Sudeste,Rio de Janeiro,Rio de Janeiro,PRACA SECA,,MATO ALTO,-22.9054200000,-43.3580293000,"21/07/2018, 12:00:00",false,false,,Não identificado,,,false,0,0,0,0,0,0,0,0,0,0,0,0,0,0
17081,"R. da Grota, Complexo do Alemão, Rio de Janeiro - RJ, Brasil",Sudeste,Rio de Janeiro,Rio de Janeiro,COMPLEXO DO ALEMAO,,GROTA (COMPLEXO DO ALEMAO),-22.8608162000,-43.2741950000,"21/07/2018, 13:21:00",false,false,,Não identificado,,,false,0,0,0,0,0,0,0,0,0,0,0,0,0,0
17085,"Pedrinha - Vidigal, Rio de Janeiro - RJ, 22450-280, Brasil",Sudeste,Rio de Janeiro,Rio de Janeiro,VIDIGAL,,VIDIGAL,-22.9932330000,-43.2357540000,"21/07/2018, 15:25:00",false,false,,Não identificado,,,false,0,0,0,0,0,0,0,0,0,0,0,0,0,0
17088,"R. Quiririm - Vila Valqueire, Rio de Janeiro - RJ, Brasil",Sudeste,Rio de Janeiro,Rio de Janeiro,VILA VALQUEIRE,,FAVELA MORRO DO COQUEIRO,-22.8874161000,-43.3555484000,"21/07/2018, 19:16:00",false,false,,Não identificado,,,false,0,0,0,0,0,0,0,0,0,0,0,0,0,0
17089,"Largo do Santinho - Vidigal, Rio de Janeiro - RJ, Brasil",Sudeste,Rio de Janeiro,Rio de Janeiro,VIDIGAL,,VIDIGAL,-22.9956997000,-43.2377991000,"21/07/2018, 19:53:00",false,false,,Não identificado,,,false,0,0,0,0,0,0,0,0,0,0,0,0,0,0
17093,"Penha Circular, Rio de Janeiro - RJ, 21011-420, Brasil",Sudeste,Rio de Janeiro,Rio de Janeiro,PENHA CIRCULAR,,,-22.8313316000,-43.2876143000,"21/07/2018, 20:57:00",false,false,,Não identificado,,,false,0,0,0,0,0,0,0,0,0,0,0,0,0,0
17092,"Mangueira, Rio de Janeiro - RJ, Brasil",Sudeste,Rio de Janeiro,Rio de Janeiro,MANGUEIRA,,MANGUEIRA,-22.9052507000,-43.2340127000,"21/07/2018, 20:57:00",false,false,,Não identificado,,,false,0,0,0,0,0,0,0,0,0,0,0,0,0,0
17094,"R. Arabutã, 126 - Itanhangá, Rio de Janeiro - RJ, 22641-480, Brasil",Sudeste,Rio de Janeiro,Rio de Janeiro,ITANHANGA,,,-22.9856861000,-43.3014543000,"21/07/2018, 21:10:00",false,false,,Não identificado,,,false,0,0,0,0,0,0,0,0,0,0,0,0,0,0
17099,"Morro da Mineira - Catumbi, Rio de Janeiro - RJ, 20211-320, Brasil",Sudeste,Rio de Janeiro,Rio de Janeiro,CATUMBI,,MORRO DA MINEIRA (COMPLEXO DO SAO CARLOS),-22.9192434000,-43.1991342000,"22/07/2018, 02:25:00",true,true,PM,Operação policial,,,false,0,1,0,0,0,0,0,0,0,0,0,0,0,0
17097,"Estácio, Rio de Janeiro - RJ, Brasil",Sudeste,Rio de Janeiro,Rio de Janeiro,ESTACIO,,,-22.9174205000,-43.2049783000,"22/07/2018, 02:34:00",true,true,N�o identificado,Ação policial,,,false,0,0,0,0,0,0,0,0,0,0,0,0,0,0
17100,"Av. de Santa Cruz, 392 - Realengo, Rio de Janeiro - RJ, 21710-232, Brasil",Sudeste,Rio de Janeiro,Rio de Janeiro,REALENGO,,,-22.8787224000,-43.4276266000,"22/07/2018, 04:08:00",false,false,,Tentativa/Roubo,,,false,0,3,0,0,0,0,0,0,0,0,0,0,0,0
17101,"Complexo do Alemão, Rio de Janeiro - RJ, Brasil",Sudeste,Rio de Janeiro,Rio de Janeiro,COMPLEXO DO ALEMAO,,COMPLEXO DO ALEMAO,-22.8593331000,-43.2754759000,"22/07/2018, 06:08:00",false,false,,Não identificado,,,false,0,0,0,0,0,0,0,0,0,0,0,0,0,0
17109,"R. Marquês de Abrantes - Flamengo, Rio de Janeiro - RJ, Brasil",Sudeste,Rio de Janeiro,Rio de Janeiro,FLAMENGO,,,-22.9371104000,-43.1775325000,"22/07/2018, 12:00:00",true,true,N�o identificado,Ação policial,,,false,0,0,0,0,0,0,0,0,0,0,0,0,0,0
17117,"R. Visc. de Niterói, 1102 - Mangueira, Rio de Janeiro - RJ, 20943-001, Brasil",Sudeste,Rio de Janeiro,Rio de Janeiro,MANGUEIRA,,MANGUEIRA,-22.9030390000,-43.2408320000,"22/07/2018, 15:30:00",false,false,,Não identificado,,,false,0,0,0,0,0,0,0,0,0,0,0,0,0,0
17122,"R. Brg. João Manuel, 203 - Tanque, Rio de Janeiro - RJ, 22730-040, Brasil",Sudeste,Rio de Janeiro,Rio de Janeiro,TANQUE,,,-22.9168590000,-43.3696380000,"22/07/2018, 18:20:00",false,false,,Não identificado,,,false,0,0,0,0,0,0,0,0,0,0,0,0,0,0
17149,"Estr. do Mendanha, Campo Grande, Rio de Janeiro - RJ, 23092-001, Brasil",Sudeste,Rio de Janeiro,Rio de Janeiro,CAMPO GRANDE,,,-22.8621790000,-43.5429836000,"22/07/2018, 18:22:00",false,false,,Tentativa/Roubo,,,false,0,1,0,0,0,0,0,0,0,0,0,0,0,0
17127,"Estr. da Independência, 90 - Tijuca, Rio de Janeiro - RJ, 20530-003, Brasil",Sudeste,Rio de Janeiro,Rio de Janeiro,TIJUCA,,MORRO DO BOREL,-22.9384726000,-43.2544331000,"22/07/2018, 21:23:00",false,false,,Não identificado,,,false,0,0,0,0,0,0,0,0,0,0,0,0,0,0
17136,"R. Pereira de Figueiredo, 1156 - Oswaldo Cruz, Rio de Janeiro - RJ, 21341-030, Brasil",Sudeste,Rio de Janeiro,Rio de Janeiro,OSVALDO CRUZ,,,-22.8800040000,-43.3532390000,"23/07/2018, 02:00:00",false,false,,Não identificado,,,false,0,0,0,0,0,0,0,0,0,0,0,0,0,0
17129,"Morro do Dezoito - Água Santa, Rio de Janeiro - RJ, Brasil",Sudeste,Rio de Janeiro,Rio de Janeiro,AGUA SANTA,,MORRO DO 18 (COMPLEXO DO 18),-22.9037931000,-43.3167798000,"23/07/2018, 03:15:00",false,false,,Não identificado,,,false,0,0,0,0,0,0,0,0,0,0,0,0,0,0
17128,"Vila Vintém - Padre Miguel, Rio de Janeiro - RJ, 21721-021, Brasil",Sudeste,Rio de Janeiro,Rio de Janeiro,PADRE MIGUEL,,VILA VINTEM,-22.8709633000,-43.4426703000,"23/07/2018, 03:20:00",false,false,,Disputa,,,false,0,0,0,0,0,0,0,0,0,0,0,0,0,0
17135,"Morro da Providencia - Gambôa, Rio de Janeiro - RJ, 20221-310, Brasil",Sudeste,Rio de Janeiro,Rio de Janeiro,GAMBOA,,MORRO DA PROVIDENCIA,-22.9002778000,-43.1952778000,"23/07/2018, 03:30:00",true,true,N�o identificado,Operação policial,,,false,0,0,0,0,0,0,0,0,0,0,0,0,0,0
17139,"Vidigal, Rio de Janeiro - RJ, 22450-242, Brasil",Sudeste,Rio de Janeiro,Rio de Janeiro,VIDIGAL,,VIDIGAL,-22.9939084000,-43.2358618000,"23/07/2018, 03:40:00",false,false,,Não identificado,,,false,0,0,0,0,0,0,0,0,0,0,0,0,0,0
17140,"R. Dias da Cruz, 399 - Meier, Rio de Janeiro - RJ, 20720-010, Brasil",Sudeste,Rio de Janeiro,Rio de Janeiro,MEIER,,,-22.9044873000,-43.2870572000,"23/07/2018, 04:20:00",true,true,PM,Ação policial,,Perseguição,false,1,0,0,1,0,0,0,0,0,0,0,0,0,0
17141,"Morro do São João - Engenho Novo, Rio de Janeiro - RJ, Brasil",Sudeste,Rio de Janeiro,Rio de Janeiro,ENGENHO NOVO,,MORRO SAO JOAO,-22.9110420000,-43.2634389000,"23/07/2018, 06:44:00",false,false,,Não identificado,,,false,0,0,0,0,0,0,0,0,0,0,0,0,0,0
17142,"Morro da Merendiba - Complexo da Penha, Rio de Janeiro - RJ, 21070-780, Brasil",Sudeste,Rio de Janeiro,Rio de Janeiro,OLARIA,,MORRO DA MERENDIBA (COMPLEXO DA PENHA),-22.8466520000,-43.2746570000,"23/07/2018, 07:44:00",false,false,,Não identificado,,,false,0,0,0,0,0,0,0,0,0,0,0,0,0,0
17147,"Morro da Merendiba, Complexo da Penha, Rio de Janeiro - RJ, 21070-780, Brasil",Sudeste,Rio de Janeiro,Rio de Janeiro,OLARIA,,MORRO DA MERENDIBA (COMPLEXO DA PENHA),-22.8468170000,-43.2747230000,"23/07/2018, 09:02:00",true,true,PM,Ação policial,,,false,0,1,0,0,0,0,0,0,0,0,0,0,0,0
17145,"R. do Couto - Complexo da Penha, Rio de Janeiro - RJ, 21020-410, Brasil",Sudeste,Rio de Janeiro,Rio de Janeiro,PENHA,,,-22.8391350000,-43.2754760000,"23/07/2018, 10:16:00",false,false,,Não identificado,,,false,0,0,0,0,0,0,0,0,0,0,0,0,0,0
17148,"R. Merendiba - Penha, Rio de Janeiro - RJ, 21070-730, Brasil",Sudeste,Rio de Janeiro,Rio de Janeiro,PENHA,,MORRO DA MERENDIBA (COMPLEXO DA PENHA),-22.8471269000,-43.2754857000,"23/07/2018, 12:40:00",false,false,,Não identificado,,,false,0,0,0,0,0,0,0,0,0,0,0,0,0,0
17150,"Estr. João Paulo - Honório Gurgel, Rio de Janeiro - RJ, Brasil",Sudeste,Rio de Janeiro,Rio de Janeiro,HONORIO GURGEL,,PROENCA ROSA,-22.8393577000,-43.3623663000,"23/07/2018, 16:20:00",true,true,PM,Ação policial,,,false,0,2,0,0,0,0,0,0,0,0,0,0,0,0
17155,"Morro do Turano, Rio Comprido, Rio de Janeiro - RJ, Brasil",Sudeste,Rio de Janeiro,Rio de Janeiro,RIO COMPRIDO,,MORRO DO TURANO,-22.9256516000,-43.2154698000,"23/07/2018, 17:17:00",false,false,,Não identificado,,,false,0,0,0,0,0,0,0,0,0,0,0,0,0,0
17156,"R. Água Doce - Cordovil, Rio de Janeiro - RJ, Brasil",Sudeste,Rio de Janeiro,Rio de Janeiro,CORDOVIL,,CIDADE ALTA (COMPLEXO DE ISRAEL),-22.8192528000,-43.2944623000,"23/07/2018, 17:24:00",false,false,,Não identificado,,,false,0,0,0,0,0,0,0,0,0,0,0,0,0,0
17158,"Vila Aliança, Bangu, Rio de Janeiro - RJ, Brasil",Sudeste,Rio de Janeiro,Rio de Janeiro,BANGU,,VILA ALIANCA,-22.8703855000,-43.4798073000,"23/07/2018, 17:40:00",false,false,,Não identificado,,,false,0,0,0,0,0,0,0,0,0,0,0,0,0,0
17159,"Morro da Formiga, Tijuca, Rio de Janeiro - RJ, Brasil",Sudeste,Rio de Janeiro,Rio de Janeiro,TIJUCA,,MORRO DA FORMIGA,-22.9417659000,-43.2426131000,"23/07/2018, 18:30:00",false,false,,Não identificado,,,false,0,0,0,0,0,0,0,0,0,0,0,0,0,0
17162,"Pedreira, Complexo do Alemão, Rio de Janeiro - RJ, Brasil",Sudeste,Rio de Janeiro,Rio de Janeiro,COMPLEXO DO ALEMAO,,ALVORADA (COMPLEXO DO ALEMAO),-22.8611051000,-43.2788635000,"23/07/2018, 19:39:00",false,false,,Não identificado,,,false,0,0,0,0,0,0,0,0,0,0,0,0,0,0
17161,"R. São Lucas - Praça Seca, Rio de Janeiro - RJ, Brasil",Sudeste,Rio de Janeiro,Rio de Janeiro,PRACA SECA,,FAVELA DA CHACRINHA,-22.8993226000,-43.3636630000,"23/07/2018, 19:41:00",false,false,,Não identificado,,,false,0,0,0,0,0,0,0,0,0,0,0,0,0,0
17165,"Morro da Formiga - Tijuca, Rio de Janeiro - RJ, Brasil",Sudeste,Rio de Janeiro,Rio de Janeiro,TIJUCA,,MORRO DA FORMIGA,-22.9441667000,-43.2408333000,"23/07/2018, 21:56:00",false,false,,Não identificado,,,false,0,0,0,0,0,0,0,0,0,0,0,0,0,0
17168,"Morro da Coroa  - Catumbi, Rio de Janeiro - RJ, Brasil",Sudeste,Rio de Janeiro,Rio de Janeiro,CATUMBI,,MORRO DA COROA,-22.9198664000,-43.1977170000,"23/07/2018, 23:11:00",false,false,,Não identificado,,,false,0,0,0,0,0,0,0,0,0,0,0,0,0,0
17173,"Morro do Pinto - Santo Cristo, Rio de Janeiro - RJ, 20220-020, Brasil",Sudeste,Rio de Janeiro,Rio de Janeiro,SANTO CRISTO,,MORRO DO PINTO,-22.9025000000,-43.2013889000,"24/07/2018, 03:00:00",true,true,N�o identificado,Ação policial,,,false,0,0,0,0,0,0,0,0,0,0,0,0,0,0
17166,"Merendiba - Vila Cruzeiro  - Penha, Rio de Janeiro - RJ, 21070-480, Brasil",Sudeste,Rio de Janeiro,Rio de Janeiro,PENHA,,VILA CRUZEIRO (COMPLEXO DA PENHA),-22.8470418000,-43.2841752000,"24/07/2018, 03:17:00",true,true,N�o identificado,Ação policial,,,false,0,0,0,0,0,0,0,0,0,0,0,0,0,0
17172,"Morro da Providencia - Gambôa, Rio de Janeiro - RJ, 20221-310, Brasil",Sudeste,Rio de Janeiro,Rio de Janeiro,GAMBOA,,MORRO DA PROVIDENCIA,-22.9002778000,-43.1952778000,"24/07/2018, 04:27:00",true,true,N�o identificado,Operação policial,,,false,0,0,0,0,0,0,0,0,0,0,0,0,0,0
17176,"Bateau Mouche - Praça Seca, Rio de Janeiro - RJ, 22733-120, Brasil",Sudeste,Rio de Janeiro,Rio de Janeiro,PRACA SECA,,FAVELA BATEAU MOUCHE,-22.9048084000,-43.3550791000,"24/07/2018, 06:49:00",false,false,,Não identificado,,,false,0,0,0,0,0,0,0,0,0,0,0,0,0,0
17179,"Rua Leonor Chrisman Mulle, Realengo, Rio de Janeiro - RJ, Brasil",Sudeste,Rio de Janeiro,Rio de Janeiro,REALENGO,,COMUNIDADE COSME E DAMIAO,-22.8953150000,-43.4181580000,"24/07/2018, 09:04:00",false,false,,Não identificado,,,false,0,0,0,0,0,0,0,0,0,0,0,0,0,0
17180,"R. Leocádio Figueiredo - Guadalupe, Rio de Janeiro - RJ, Brasil",Sudeste,Rio de Janeiro,Rio de Janeiro,GUADALUPE,,,-22.8447272000,-43.3683942000,"24/07/2018, 09:55:00",false,false,,Não identificado,,,false,0,0,0,0,0,0,0,0,0,0,0,0,0,0
17183,"Estr. João Paulo, Rio de Janeiro - RJ, Brasil",Sudeste,Rio de Janeiro,Rio de Janeiro,BARROS FILHO,,PROENCA ROSA,-22.8393577000,-43.3623663000,"24/07/2018, 11:06:00",false,false,,Não identificado,,,false,0,0,0,0,0,0,0,0,0,0,0,0,0,0
17194,"Divisa - Maré, Rio de Janeiro - RJ, Brasil",Sudeste,Rio de Janeiro,Rio de Janeiro,MARE,,BAIXA DO SAPATEIRO (COMPLEXO DA MARE),-22.8585297000,-43.2423234000,"24/07/2018, 15:00:00",false,false,,Não identificado,,,false,0,0,0,0,0,0,0,0,0,0,0,0,0,0
17195,"Mangueira, Rio de Janeiro - RJ, Brasil",Sudeste,Rio de Janeiro,Rio de Janeiro,MANGUEIRA,,MANGUEIRA,-22.9052507000,-43.2340127000,"24/07/2018, 16:23:00",false,false,,Não identificado,,,false,0,0,0,0,0,0,0,0,0,0,0,0,0,0
17197,"Mangueira, Rio de Janeiro - RJ, Brasil",Sudeste,Rio de Janeiro,Rio de Janeiro,MANGUEIRA,,MANGUEIRA,-22.9052507000,-43.2340127000,"24/07/2018, 17:36:00",false,false,,Não identificado,,,false,0,0,0,0,0,0,0,0,0,0,0,0,0,0
17259,"Linha Amarela, Rio de Janeiro - RJ, Brasil",Sudeste,Rio de Janeiro,Rio de Janeiro,BARRA DA TIJUCA,,,-22.9792554000,-43.3657768000,"24/07/2018, 18:39:00",false,false,,Não identificado,,,false,0,0,0,0,0,0,0,0,0,0,0,0,0,0
17201,"R. Tv. da Pedreira - Complexo do Alemão, Rio de Janeiro - RJ, Brasil",Sudeste,Rio de Janeiro,Rio de Janeiro,COMPLEXO DO ALEMAO,,ALVORADA (COMPLEXO DO ALEMAO),-22.8611051000,-43.2788635000,"24/07/2018, 19:06:00",false,false,,Não identificado,,,false,0,0,0,0,0,0,0,0,0,0,0,0,0,0
17208,"R. Água Doce, 40 - Cordovil, Rio de Janeiro - RJ, 21010-200, Brasil",Sudeste,Rio de Janeiro,Rio de Janeiro,CORDOVIL,,CIDADE ALTA (COMPLEXO DE ISRAEL),-22.8196976000,-43.2943395000,"24/07/2018, 19:45:00",false,false,,Não identificado,,,false,0,0,0,0,0,0,0,0,0,0,0,0,0,0
17211,"R. Canitar - Complexo do Alemão, Rio de Janeiro - RJ, Brasil",Sudeste,Rio de Janeiro,Rio de Janeiro,COMPLEXO DO ALEMAO,,MORRO DAS PALMEIRAS (COMPLEXO DO ALEMAO),-22.8631468000,-43.2856986000,"24/07/2018, 20:51:00",true,true,N�o identificado,Ação policial,,,false,0,0,0,0,0,0,0,0,0,0,0,0,0,0
17215,"Rua 2 - Rocinha, Rio de Janeiro - RJ, Brasil",Sudeste,Rio de Janeiro,Rio de Janeiro,ROCINHA,,ROCINHA,-22.9895932000,-43.2464165000,"25/07/2018, 02:15:00",true,true,BOPE,Operação policial,,,false,0,0,0,0,0,0,0,0,0,0,0,0,0,0
17220,"Vila Verde, Rocinha, Rio de Janeiro - RJ, Brasil",Sudeste,Rio de Janeiro,Rio de Janeiro,ROCINHA,,ROCINHA,-22.9888345000,-43.2536134000,"25/07/2018, 05:57:00",false,false,,Não identificado,,,false,0,0,0,0,0,0,0,0,0,0,0,0,0,0
17221,"Caminho do Terreirão - Rocinha, Rio de Janeiro - RJ, Brasil",Sudeste,Rio de Janeiro,Rio de Janeiro,ROCINHA,,ROCINHA,-22.9872505000,-43.2439242000,"25/07/2018, 07:49:00",false,false,,Não identificado,,,false,0,0,0,0,0,0,0,0,0,0,0,0,0,0
17232,"Palmeirinha - Honório Gurgel, Rio de Janeiro - RJ, 21555-010, Brasil",Sudeste,Rio de Janeiro,Rio de Janeiro,HONORIO GURGEL,,FAVELA DA PALMEIRINHA,-22.8480710000,-43.3602210000,"25/07/2018, 12:00:00",true,true,N�o identificado,Operação policial,,,false,2,0,1,0,0,0,0,0,0,0,0,0,0,0
17225,"R. Leopoldo Bulhões - Benfica, Rio de Janeiro - RJ, Brasil",Sudeste,Rio de Janeiro,Rio de Janeiro,BENFICA,,COMPLEXO DE MANGUINHOS,-22.8801395000,-43.2503891000,"25/07/2018, 12:36:00",false,false,,Não identificado,,,false,0,0,0,0,0,0,0,0,0,0,0,0,0,0
17227,"Morro do Muquiço, Guadalupe, Rio de Janeiro - RJ, Brasil",Sudeste,Rio de Janeiro,Rio de Janeiro,GUADALUPE,,FAVELA DO MUQUICO,-22.8508253000,-43.3741661000,"25/07/2018, 13:09:00",false,false,,Não identificado,,,false,0,0,0,0,0,0,0,0,0,0,0,0,0,0
17229,"R. Leopoldo Bulhões - Benfica, Rio de Janeiro - RJ, Brasil",Sudeste,Rio de Janeiro,Rio de Janeiro,BENFICA,,COMPLEXO DE MANGUINHOS,-22.8801395000,-43.2503891000,"25/07/2018, 14:00:00",false,false,,Não identificado,,,false,0,0,0,0,0,0,0,0,0,0,0,0,0,0
17230,"R. Santo Amaro - Glória, Rio de Janeiro - RJ, Brasil",Sudeste,Rio de Janeiro,Rio de Janeiro,GLORIA,,,-22.9224994000,-43.1809476000,"25/07/2018, 14:20:00",false,false,,Não identificado,,,false,0,0,0,0,0,0,0,0,0,0,0,0,0,0
17449,"Jacarezinho, Rio de Janeiro - RJ, Brasil",Sudeste,Rio de Janeiro,Rio de Janeiro,JACAREZINHO,,JACAREZINHO,-22.8875573000,-43.2581953000,"25/07/2018, 14:35:00",false,false,,Não identificado,,,false,0,0,0,0,0,0,0,0,0,0,0,0,0,0
17233,"R. Dionísio Fernandes, 363 - Engenho de Dentro, Rio de Janeiro - RJ, 20730-400, Brasil",Sudeste,Rio de Janeiro,Rio de Janeiro,ENGENHO DE DENTRO,,OUTEIRO (COMPLEXO DO LINS),-22.9077370000,-43.3011539000,"25/07/2018, 16:40:00",false,false,,Não identificado,,,false,0,0,0,0,0,0,0,0,0,0,0,0,0,0
17234,"Morro da Formiga - Tijuca, Rio de Janeiro - RJ, 20530-180, Brasil",Sudeste,Rio de Janeiro,Rio de Janeiro,TIJUCA,,MORRO DA FORMIGA,-22.9428864000,-43.2415965000,"25/07/2018, 16:50:00",false,false,,Não identificado,,,false,0,0,0,0,0,0,0,0,0,0,0,0,0,0
17237,"Parte alta - Vidigal, Rio de Janeiro - RJ, Brasil",Sudeste,Rio de Janeiro,Rio de Janeiro,VIDIGAL,,VIDIGAL,-22.9942800000,-43.2400569000,"25/07/2018, 18:52:00",false,false,,Não identificado,,,false,0,0,0,0,0,0,0,0,0,0,0,0,0,0
17240,"Bateau Mouche - Praça Seca, Rio de Janeiro - RJ, Brasil",Sudeste,Rio de Janeiro,Rio de Janeiro,PRACA SECA,,FAVELA BATEAU MOUCHE,-22.9063070000,-43.3577633000,"25/07/2018, 19:28:00",false,false,,Não identificado,,,false,0,0,0,0,0,0,0,0,0,0,0,0,0,0
17250,"Bargunça - Rocinha, Rio de Janeiro - RJ, 22451-264, Brasil",Sudeste,Rio de Janeiro,Rio de Janeiro,ROCINHA,,ROCINHA,-22.9879622000,-43.2480261000,"26/07/2018, 02:00:00",true,true,N�o identificado,Operação policial,,,false,0,0,0,0,0,0,0,0,0,0,0,0,0,0
17253,"Alvorada e  Loteamento - Complexo do Alemão, Rio de Janeiro - RJ, Brasil",Sudeste,Rio de Janeiro,Rio de Janeiro,COMPLEXO DO ALEMAO,,ALVORADA (COMPLEXO DO ALEMAO),-22.8593331000,-43.2754759000,"26/07/2018, 06:16:00",false,false,,Não identificado,,,false,0,0,0,0,0,0,0,0,0,0,0,0,0,0
17272,Praça leria vila Kennedy barrao,Sudeste,Rio de Janeiro,Rio de Janeiro,VILA KENNEDY,,VILA KENNEDY,-22.8600080000,-43.4893340000,"26/07/2018, 08:00:00",false,false,,Não identificado,,,false,0,0,0,0,0,0,0,0,0,0,0,0,0,0
17256,"R. Camarista Méier - Engenho de Dentro, Rio de Janeiro - RJ, Brasil",Sudeste,Rio de Janeiro,Rio de Janeiro,ENGENHO DE DENTRO,,BARAO (COMPLEXO DO LINS),-22.9095096000,-43.2967614000,"26/07/2018, 09:05:00",false,false,,Não identificado,,,false,0,0,0,0,0,0,0,0,0,0,0,0,0,0
17258,"Morro do Juramento - Vicente de Carvalho, Rio de Janeiro - RJ, Brasil",Sudeste,Rio de Janeiro,Rio de Janeiro,VICENTE DE CARVALHO,,MORRO DO JURAMENTO (COMPLEXO DO JURAMENTO),-22.8627778000,-43.3152778000,"26/07/2018, 10:35:00",false,false,,Não identificado,,,false,0,0,0,0,0,0,0,0,0,0,0,0,0,0
17268,"99 - Rocinha, Rio de Janeiro - RJ, Brasil",Sudeste,Rio de Janeiro,Rio de Janeiro,ROCINHA,,ROCINHA,-22.9863411000,-43.2427702000,"26/07/2018, 20:22:00",true,true,N�o identificado,Ação policial,,,false,0,0,0,0,0,0,0,0,0,0,0,0,0,0
17270,"Rola 1  - Santa Cruz, Rio de Janeiro - RJ, 23510-450, Brasil",Sudeste,Rio de Janeiro,Rio de Janeiro,SANTA CRUZ,,FAVELA DO ROLA 1 (COMPLEXO DO RODO),-22.9256770000,-43.6736069000,"26/07/2018, 20:31:00",false,false,,Não identificado,,,false,0,0,0,0,0,0,0,0,0,0,0,0,0,0
17273,"Av. Pontalina - Realengo, Rio de Janeiro - RJ, Brasil",Sudeste,Rio de Janeiro,Rio de Janeiro,REALENGO,,,-22.8805774000,-43.4269389000,"26/07/2018, 21:26:00",true,true,N�o identificado,Ação policial,,,false,0,0,0,0,0,0,0,0,0,0,0,0,0,0
17274,"R. Belvedere, 56 - Tijuca, Rio de Janeiro - RJ, 20530-220, Brasil",Sudeste,Rio de Janeiro,Rio de Janeiro,TIJUCA,,MORRO DA FORMIGA,-22.9417473000,-43.2428086000,"26/07/2018, 22:34:00",false,false,,Não identificado,,,false,0,0,0,0,0,0,0,0,0,0,0,0,0,0
17275,"R. Carvalho de Souza - Madureira, Rio de Janeiro - RJ, Brasil",Sudeste,Rio de Janeiro,Rio de Janeiro,MADUREIRA,,,-22.8789347000,-43.3319834000,"27/07/2018, 00:10:00",false,false,,Não identificado,,,false,0,0,0,0,0,0,0,0,0,0,0,0,0,0
17279,"Morro do Urubu - Cavalcanti, Rio de Janeiro - RJ",Sudeste,Rio de Janeiro,Rio de Janeiro,CAVALCANTI,,MORRO DO URUBU (COMPLEXO DO URUBU),-22.8725957000,-43.3136000000,"27/07/2018, 03:00:00",true,true,N�o identificado,Disputa,,,false,0,0,0,0,0,0,0,0,0,0,0,0,0,0
17277,"Morro do Juramento - Vicente de Carvalho, Rio de Janeiro - RJ, Brasil",Sudeste,Rio de Janeiro,Rio de Janeiro,VICENTE DE CARVALHO,,MORRO DO JURAMENTO (COMPLEXO DO JURAMENTO),-22.8627778000,-43.3152778000,"27/07/2018, 03:13:00",false,false,,Não identificado,,,false,0,0,0,0,0,0,0,0,0,0,0,0,0,0
17281,"R. Barão de Itapagipe, Rio de Janeiro - RJ, Brasil",Sudeste,Rio de Janeiro,Rio de Janeiro,RIO COMPRIDO,,MORRO DO TURANO,-22.9222076000,-43.2156585000,"27/07/2018, 08:06:00",false,false,,Não identificado,,,false,0,0,0,0,0,0,0,0,0,0,0,0,0,0
17282,"Morro da Formiga - Tijuca, Rio de Janeiro - RJ, 20530-003, Brasil",Sudeste,Rio de Janeiro,Rio de Janeiro,TIJUCA,,MORRO DA FORMIGA,-22.9441667000,-43.2408333000,"27/07/2018, 08:13:00",false,false,,Não identificado,,,false,0,0,0,0,0,0,0,0,0,0,0,0,0,0
17286,"Av. Kelson,  Penha Circular, Rio de Janeiro - RJ, Brasil",Sudeste,Rio de Janeiro,Rio de Janeiro,PENHA CIRCULAR,,FAVELA DA KELSONS,-22.8227302000,-43.2744208000,"27/07/2018, 10:12:00",true,true,PM,Operação policial,,,false,0,2,0,0,0,0,0,0,0,0,0,0,0,0
17291,"Morro da Formiga, Tijuca, Rio de Janeiro - RJ, 20530-180, Brasil",Sudeste,Rio de Janeiro,Rio de Janeiro,TIJUCA,,MORRO DA FORMIGA,-22.9431401000,-43.2418563000,"27/07/2018, 13:23:00",false,false,,Não identificado,,,false,0,0,0,0,0,0,0,0,0,0,0,0,0,0
17292,"Antares - Santa Cruz, Rio de Janeiro - RJ, 23590-530, Brasil",Sudeste,Rio de Janeiro,Rio de Janeiro,SANTA CRUZ,,FAVELA DE ANTARES,-22.9204190000,-43.6634210000,"27/07/2018, 14:15:00",false,false,,Não identificado,,,false,0,0,0,0,0,0,0,0,0,0,0,0,0,0
17293,"Vila Kennedy - Bangu, Rio de Janeiro - RJ, 21850-007, Brasil",Sudeste,Rio de Janeiro,Rio de Janeiro,VILA KENNEDY,,VILA KENNEDY,-22.8604006000,-43.4884116000,"27/07/2018, 14:20:00",true,true,N�o identificado,Operação policial,,,false,0,1,0,0,0,0,0,0,0,0,0,0,0,0
17295,"Antares  - Santa Cruz, Rio de Janeiro - RJ, Brasil",Sudeste,Rio de Janeiro,Rio de Janeiro,SANTA CRUZ,,FAVELA DE ANTARES,-22.9191578000,-43.6591024000,"27/07/2018, 16:05:00",false,false,,Não identificado,,,false,0,0,0,0,0,0,0,0,0,0,0,0,0,0
17296,"R. Congo - Vila Kennedy, Rio de Janeiro - RJ, Brasil",Sudeste,Rio de Janeiro,Rio de Janeiro,VILA KENNEDY,,VILA KENNEDY,-22.8621466000,-43.4907856000,"27/07/2018, 16:28:00",false,false,,Não identificado,,,false,0,0,0,0,0,0,0,0,0,0,0,0,0,0
17299,"Divisa - Complexo da Maré, Rio de Janeiro - RJ, 21043-011, Brasil",Sudeste,Rio de Janeiro,Rio de Janeiro,MARE,,BAIXA DO SAPATEIRO (COMPLEXO DA MARE),-22.8595793000,-43.2459733000,"27/07/2018, 17:41:00",false,false,,Não identificado,,,false,0,0,0,0,0,0,0,0,0,0,0,0,0,0
17300,"Estr. Srg. Miguel Filho - Vila Kennedy Rio de Janeiro - RJ, Brasil",Sudeste,Rio de Janeiro,Rio de Janeiro,VILA KENNEDY,,VILA KENNEDY,-22.8588961000,-43.4870104000,"27/07/2018, 17:54:00",false,false,,Não identificado,,,false,0,0,0,0,0,0,0,0,0,0,0,0,0,0
17302,"Morro do Adeus - Complexo do Alemão, Rio de Janeiro - RJ, Brasil",Sudeste,Rio de Janeiro,Rio de Janeiro,COMPLEXO DO ALEMAO,,MORRO DO ADEUS (COMPLEXO DO ALEMAO),-22.8655811000,-43.2593911000,"27/07/2018, 17:58:00",false,false,,Não identificado,,,false,0,0,0,0,0,0,0,0,0,0,0,0,0,0
17305,"Favela do Rola - Complexo do Rodo, Santa Cruz, Rio de Janeiro - RJ, Brasil",Sudeste,Rio de Janeiro,Rio de Janeiro,SANTA CRUZ,,COMPLEXO DO RODO,-22.9286550000,-43.6643448000,"27/07/2018, 18:00:00",false,false,,Disputa,,,false,0,0,0,0,0,0,0,0,0,0,0,0,0,0
17310,"Vila Aliança - Bangu, Rio de Janeiro - RJ, 21842-200, Brasil",Sudeste,Rio de Janeiro,Rio de Janeiro,BANGU,,VILA ALIANCA,-22.8685610000,-43.4767680000,"27/07/2018, 20:25:00",false,false,,Não identificado,,,false,0,1,0,0,0,0,0,0,0,0,0,0,0,0
17317,"R. Quatorze,  Vila do João, Maré, Rio de Janeiro - RJ, 21046-575, Brasil",Sudeste,Rio de Janeiro,Rio de Janeiro,MARE,,VILA DO JOAO (COMPLEXO DA MARE),-22.8729313000,-43.2404233000,"28/07/2018, 09:23:00",false,false,,Não identificado,,,false,0,0,0,0,0,0,0,0,0,0,0,0,0,0
17321,"R. Leopoldo Bulhões - Benfica, Rio de Janeiro - RJ, Brasil",Sudeste,Rio de Janeiro,Rio de Janeiro,BENFICA,,COMPLEXO DE MANGUINHOS,-22.8801395000,-43.2503891000,"28/07/2018, 11:48:00",false,false,,Não identificado,,,false,0,0,0,0,0,0,0,0,0,0,0,0,0,0
17322,"99 - Rocinha, Rio de Janeiro - RJ, Brasil",Sudeste,Rio de Janeiro,Rio de Janeiro,ROCINHA,,ROCINHA,-22.9870219000,-43.2423648000,"28/07/2018, 14:18:00",true,true,PM,Ação policial,,,false,1,2,0,0,0,0,0,0,0,0,0,0,0,0
17326,"99 - Rocinha, Rio de Janeiro - RJ, Brasil",Sudeste,Rio de Janeiro,Rio de Janeiro,ROCINHA,,ROCINHA,-22.9870219000,-43.2423648000,"28/07/2018, 15:25:00",false,false,,Não identificado,,,false,0,0,0,0,0,0,0,0,0,0,0,0,0,0
17329,"Morro do Andaraí, Andarai, Rio de Janeiro - RJ, 20541-210, Brasil",Sudeste,Rio de Janeiro,Rio de Janeiro,ANDARAI,,MORRO DO ANDARAI,-22.9321900000,-43.2566790000,"28/07/2018, 15:54:00",false,false,,Não identificado,,,false,0,0,0,0,0,0,0,0,0,0,0,0,0,0
17334,"R. Leopoldina - Piedade, Rio de Janeiro - RJ, 20756-110, Brasil",Sudeste,Rio de Janeiro,Rio de Janeiro,PIEDADE,,,-22.8900935000,-43.3072238000,"28/07/2018, 18:44:00",false,false,,Não identificado,,,false,0,0,0,0,0,0,0,0,0,0,0,0,0,0
17335,"Av. Otávio Malta - Anil, Rio de Janeiro - RJ, Brasil",Sudeste,Rio de Janeiro,Rio de Janeiro,ANIL,,,-22.9586935000,-43.3431108000,"28/07/2018, 18:48:00",false,true,,Tentativa/Roubo,,,false,0,1,0,1,0,0,0,0,0,0,0,0,0,0
17336,"Complexo do Rodo - Santa Cruz, Rio de Janeiro - RJ, Brasil",Sudeste,Rio de Janeiro,Rio de Janeiro,SANTA CRUZ,,COMPLEXO DO RODO,-22.9286550000,-43.6643448000,"28/07/2018, 19:09:00",false,false,,Não identificado,,,false,0,0,0,0,0,0,0,0,0,0,0,0,0,0
17340,"Estrada Marechal Miguel Salazar Mendes de Moraes - Cidade de Deus, Rio de Janeiro",Sudeste,Rio de Janeiro,Rio de Janeiro,CIDADE DE DEUS,,CIDADE DE DEUS,-22.9449825000,-43.3644614000,"28/07/2018, 20:50:00",false,false,,Não identificado,,,false,0,0,0,0,0,0,0,0,0,0,0,0,0,0
17347,"Bairro Carioca - Rocha, Rio de Janeiro - RJ, 20911-170, Brasil",Sudeste,Rio de Janeiro,Rio de Janeiro,ROCHA,,BAIRRO CARIOCA (TRIAGEM),-22.8936373000,-43.2474624000,"28/07/2018, 21:06:00",false,false,,Não identificado,,,false,0,0,0,0,0,0,0,0,0,0,0,0,0,0
17341,"Jacarezinho, Rio de Janeiro - RJ, Brasil",Sudeste,Rio de Janeiro,Rio de Janeiro,JACAREZINHO,,JACAREZINHO,-22.8875573000,-43.2581953000,"28/07/2018, 21:14:00",false,false,,Não identificado,,,false,0,0,0,0,0,0,0,0,0,0,0,0,0,0
17378,"Mata Machado - Alto da Boa Vista, Rio de Janeiro - RJ, Brasil",Sudeste,Rio de Janeiro,Rio de Janeiro,ALTO DA BOA VISTA,,MATA MACHADO,-22.9760169000,-43.2849759000,"28/07/2018, 23:00:00",true,true,PM,Ação policial,,,false,1,0,0,0,0,0,0,0,0,0,0,0,0,0
17344,"R. Camutanga, 14 - Tijuca, Rio de Janeiro - RJ, 20530-120, Brasil",Sudeste,Rio de Janeiro,Rio de Janeiro,TIJUCA,,MORRO DA FORMIGA,-22.9419913000,-43.2426102000,"29/07/2018, 00:34:00",false,false,,Não identificado,,,false,0,0,0,0,0,0,0,0,0,0,0,0,0,0
17355,"Av. Brasil - Nova Holanda, Maré , Rio de Janeiro - RJ, Brasil",Sudeste,Rio de Janeiro,Rio de Janeiro,MARE,,NOVA HOLANDA (COMPLEXO DA MARE),-22.8557046000,-43.2479165000,"29/07/2018, 02:30:00",false,false,,Tortura,,,false,0,3,0,0,0,0,0,0,0,0,0,0,0,0
17348,"Vila Aliança  - Bangu, Rio de Janeiro - RJ, 21842-740, Brasil",Sudeste,Rio de Janeiro,Rio de Janeiro,BANGU,,VILA ALIANCA,-22.8648423000,-43.4771013000,"29/07/2018, 03:20:00",false,false,,Não identificado,,,false,0,0,0,0,0,0,0,0,0,0,0,0,0,0
17345,"Morro da Formiga - Tijuca, Rio de Janeiro - RJ, 20530-120, Brasil",Sudeste,Rio de Janeiro,Rio de Janeiro,TIJUCA,,MORRO DA FORMIGA,-22.9435434000,-43.2412996000,"29/07/2018, 03:35:00",true,true,BOPE,Operação policial,,,false,0,0,0,0,0,0,0,0,0,0,0,0,0,0
17353,"Conjuntão - Padre Miguel, Rio de Janeiro - RJ, Brasil",Sudeste,Rio de Janeiro,Rio de Janeiro,PADRE MIGUEL,,CONJUNTO HABITACIONAL DOM JAIME CAMARA (CONJUNTAO),-22.8780979000,-43.4483194000,"29/07/2018, 05:10:00",false,false,,Não identificado,,,false,0,0,0,0,0,0,0,0,0,0,0,0,0,0
17354,"Morro da Providencia - Gambôa, Rio de Janeiro - RJ, 20221-310, Brasil",Sudeste,Rio de Janeiro,Rio de Janeiro,GAMBOA,,MORRO DA PROVIDENCIA,-22.9002778000,-43.1952778000,"29/07/2018, 06:00:00",false,false,,Não identificado,,,false,0,0,0,0,0,0,0,0,0,0,0,0,0,0
17356,"Favela do Rodo - Santa Cruz, Rio de Janeiro - RJ, Brasil",Sudeste,Rio de Janeiro,Rio de Janeiro,SANTA CRUZ,,COMPLEXO DO RODO,-22.9196515000,-43.6843877000,"29/07/2018, 06:46:00",false,false,,Disputa,,Tiroteio contínuo,false,0,0,0,0,0,0,0,0,0,0,0,0,0,0
17377,"R. Cap. César de Andrade - Leblon, Rio de Janeiro - RJ, 22431-010, Brasil",Sudeste,Rio de Janeiro,Rio de Janeiro,LEBLON,,,-22.9805098000,-43.2249883000,"29/07/2018, 07:00:00",true,true,N�o identificado,Ação policial,,Perseguição,false,0,0,0,0,0,0,0,0,0,0,0,0,0,0
17360,"Favela do Rodo -Santa Cruz, Rio de Janeiro - RJ, Brasil",Sudeste,Rio de Janeiro,Rio de Janeiro,SANTA CRUZ,,COMPLEXO DO RODO,-22.9196515000,-43.6843877000,"29/07/2018, 07:46:00",false,false,,Não identificado,,,false,0,0,0,0,0,0,0,0,0,0,0,0,0,0
17362,"Favela do Rodo, Santa Cruz, Rio de Janeiro - RJ, 23515-020, Brasil",Sudeste,Rio de Janeiro,Rio de Janeiro,SANTA CRUZ,,COMPLEXO DO RODO,-22.9190116000,-43.6841054000,"29/07/2018, 08:46:00",false,false,,Não identificado,,,false,0,0,0,0,0,0,0,0,0,0,0,0,0,0
17363,"Chapadão - Pavuna, Rio de Janeiro - RJ, Brasil",Sudeste,Rio de Janeiro,Rio de Janeiro,PAVUNA,,COMPLEXO DO CHAPADAO,-22.8155903000,-43.3725773000,"29/07/2018, 08:47:00",false,false,,Não identificado,,,false,0,0,0,0,0,0,0,0,0,0,0,0,0,0
17371,"Morro do Engenho da Rainha - Engenho da Rainha, Rio de Janeiro - RJ, 20761-070, Brasil",Sudeste,Rio de Janeiro,Rio de Janeiro,ENGENHO DA RAINHA,,MORRO DO ENGENHO DA RAINHA,-22.8722222000,-43.2913889000,"29/07/2018, 11:37:00",false,false,,Não identificado,,,false,0,0,0,0,0,0,0,0,0,0,0,0,0,0
17372,"Rua 2 - Rocinha, Rio de Janeiro - RJ, 22451-264, Brasil",Sudeste,Rio de Janeiro,Rio de Janeiro,ROCINHA,,ROCINHA,-22.9882966000,-43.2451163000,"29/07/2018, 11:56:00",false,false,,Não identificado,,,false,0,0,0,0,0,0,0,0,0,0,0,0,0,0
17376,"R. Vidal Ramos - Mal. Hermes, Rio de Janeiro - RJ, Brasil",Sudeste,Rio de Janeiro,Rio de Janeiro,MARECHAL HERMES,,,-22.8745501000,-43.3723046000,"29/07/2018, 12:00:00",false,true,,Tentativa/Roubo,,,false,0,0,1,0,0,0,0,0,0,0,0,0,0,0
17383,"Jardim Maravilha - Guaratiba, Rio de Janeiro - RJ, 23031-005, Brasil",Sudeste,Rio de Janeiro,Rio de Janeiro,GUARATIBA,,JARDIM MARAVILHA,-22.9640540000,-43.6093800000,"29/07/2018, 20:15:00",false,false,,Não identificado,,,false,0,0,0,0,0,0,0,0,0,0,0,0,0,0
17385,"R. Mal. Francisco de Moura - Botafogo, Rio de Janeiro - RJ, Brasil",Sudeste,Rio de Janeiro,Rio de Janeiro,BOTAFOGO,,SANTA MARTA,-22.9491880000,-43.1931186000,"29/07/2018, 21:29:00",false,false,,Não identificado,,,false,0,0,0,0,0,0,0,0,0,0,0,0,0,0
17386,"Malvinas -Vila Kennedy - Bangu, Rio de Janeiro - RJ, 21850-007, Brasil",Sudeste,Rio de Janeiro,Rio de Janeiro,VILA KENNEDY,,VILA KENNEDY,-22.8604006000,-43.4884116000,"30/07/2018, 02:20:00",false,false,,Não identificado,,,false,0,0,0,0,0,0,0,0,0,0,0,0,0,0
17388,"Estr. da Água Branca, 6000 - Bangu, Rio de Janeiro - RJ, 21862-371, Brasil",Sudeste,Rio de Janeiro,Rio de Janeiro,BANGU,,VILA ALIANCA,-22.8632963000,-43.4690481000,"30/07/2018, 03:39:00",false,false,,Não identificado,,,false,0,0,0,0,0,0,0,0,0,0,0,0,0,0
17392,"Catete, Rio de Janeiro - RJ, 21043-070, Brasil",Sudeste,Rio de Janeiro,Rio de Janeiro,CATETE,,,-22.9309219000,-43.1782692000,"30/07/2018, 04:00:00",true,true,PM,Tentativa/Roubo,,,false,1,0,0,0,0,0,0,0,0,0,0,0,0,0
17393,"Morro do Engenho da Rainha - Engenho da Rainha, Rio de Janeiro - RJ, Brasil",Sudeste,Rio de Janeiro,Rio de Janeiro,ENGENHO DA RAINHA,,MORRO DO ENGENHO DA RAINHA,-22.8722222000,-43.2913889000,"30/07/2018, 07:54:00",false,false,,Não identificado,,,false,0,0,0,0,0,0,0,0,0,0,0,0,0,0
17396,"Morro do Adeus, Complexo do Alemão, Rio de Janeiro - RJ, Brasil",Sudeste,Rio de Janeiro,Rio de Janeiro,COMPLEXO DO ALEMAO,,MORRO DO ADEUS (COMPLEXO DO ALEMAO),-22.8654866000,-43.2619815000,"30/07/2018, 12:02:00",false,false,,Não identificado,,,false,0,0,0,0,0,0,0,0,0,0,0,0,0,0
17400,"Sapo, Vila kennedy, Rio de Janeiro - RJ",Sudeste,Rio de Janeiro,Rio de Janeiro,VILA KENNEDY,,VILA KENNEDY,-22.8604006000,-43.4884116000,"30/07/2018, 13:48:00",false,false,,Não identificado,,,false,0,0,0,0,0,0,0,0,0,0,0,0,0,0
17401,"Antares, Santa Cruz, Rio de Janeiro - RJ, Brasil",Sudeste,Rio de Janeiro,Rio de Janeiro,SANTA CRUZ,,FAVELA DE ANTARES,-22.9217436000,-43.6637652000,"30/07/2018, 13:55:00",true,true,N�o identificado,Disputa,,Tiroteio contínuo,false,2,0,0,0,0,0,0,0,0,0,0,0,0,0
17404,"Antares - Santa Cruz, Rio de Janeiro - RJ, Brasil",Sudeste,Rio de Janeiro,Rio de Janeiro,SANTA CRUZ,,FAVELA DE ANTARES,-22.9191578000,-43.6591024000,"30/07/2018, 14:55:00",false,false,,Não identificado,,,false,0,0,0,0,0,0,0,0,0,0,0,0,0,0
17405,"Antares - Santa Cruz, Rio de Janeiro - RJ, Brasil",Sudeste,Rio de Janeiro,Rio de Janeiro,SANTA CRUZ,,FAVELA DE ANTARES,-22.9191578000,-43.6591024000,"30/07/2018, 15:55:00",true,true,N�o identificado,Ação policial,,,false,0,0,0,0,0,0,0,0,0,0,0,0,0,0
17406,"Rodo 1 - Santa Cruz, Rio de Janeiro - RJ, 23510-430, Brasil",Sudeste,Rio de Janeiro,Rio de Janeiro,SANTA CRUZ,,FAVELA DO ROLA 1 (COMPLEXO DO RODO),-22.9251980000,-43.6745960000,"30/07/2018, 16:55:00",false,false,,Não identificado,,,false,0,0,0,0,0,0,0,0,0,0,0,0,0,0
17407,"Complexo do Rodo - Santa Cruz, Rio de Janeiro - RJ, Brasil",Sudeste,Rio de Janeiro,Rio de Janeiro,SANTA CRUZ,,COMPLEXO DO RODO,-22.9248578000,-43.6757516000,"30/07/2018, 18:04:00",false,false,,Não identificado,,,false,0,0,0,0,0,0,0,0,0,0,0,0,0,0
17412,"Complexo do Rodo - Santa Cruz, Rio de Janeiro - RJ, 23591-300, Brasil",Sudeste,Rio de Janeiro,Rio de Janeiro,SANTA CRUZ,,COMPLEXO DO RODO,-22.9263640000,-43.6656260000,"30/07/2018, 19:09:00",false,false,,Não identificado,,,false,0,0,0,0,0,0,0,0,0,0,0,0,0,0
17416,"Morro do Borel - Tijuca, Rio de Janeiro - RJ, 20530-003, Brasil",Sudeste,Rio de Janeiro,Rio de Janeiro,TIJUCA,,MORRO DO BOREL,-22.9381031000,-43.2544659000,"30/07/2018, 20:50:00",false,false,,Não identificado,,,false,0,0,0,0,0,0,0,0,0,0,0,0,0,0
17417,"Mandela, Manguinhos, Rio de Janeiro - RJ, Brasil",Sudeste,Rio de Janeiro,Rio de Janeiro,MANGUINHOS,,MANDELA (COMPLEXO DE MANGUINHOS),-22.8826769000,-43.2478547000,"31/07/2018, 01:24:00",true,true,PM,Operação policial,,,false,0,0,0,0,0,0,0,0,0,0,0,0,0,0
17422,"Jacarezinho, Rio de Janeiro - RJ, Brasil",Sudeste,Rio de Janeiro,Rio de Janeiro,JACAREZINHO,,JACAREZINHO,-22.8875573000,-43.2581953000,"31/07/2018, 03:10:00",true,true,PM,Operação policial,,,false,0,0,0,0,0,0,0,0,0,0,0,0,0,0
17423,"R. São Daniel, 226 - Manguinhos, Rio de Janeiro - RJ, Brasil",Sudeste,Rio de Janeiro,Rio de Janeiro,MANGUINHOS,,MANGUINHOS (COMPLEXO DE MANGUINHOS),-22.8808935000,-43.2517766000,"31/07/2018, 04:12:00",true,true,PM,Operação policial,,,false,0,0,0,0,0,0,0,0,0,0,0,0,0,0
17425,"Cidade Alta, Cordovil, Rio de Janeiro - RJ, 21010-200, Brasil",Sudeste,Rio de Janeiro,Rio de Janeiro,CORDOVIL,,CIDADE ALTA (COMPLEXO DE ISRAEL),-22.8196976000,-43.2943395000,"31/07/2018, 05:32:00",false,false,,Não identificado,,,false,0,0,0,0,0,0,0,0,0,0,0,0,0,0
17426,"Complexo do Rodo, Santa Cruz, Rio de Janeiro - RJ, 23591-300, Brasil",Sudeste,Rio de Janeiro,Rio de Janeiro,SANTA CRUZ,,COMPLEXO DO RODO,-22.9263640000,-43.6656260000,"31/07/2018, 05:57:00",false,false,,Não identificado,,,false,0,0,0,0,0,0,0,0,0,0,0,0,0,0
17428,"Karatê, Cidade de Deus, Rio de Janeiro - RJ, Brasil",Sudeste,Rio de Janeiro,Rio de Janeiro,CIDADE DE DEUS,,CIDADE DE DEUS,-22.9481688000,-43.3626721000,"31/07/2018, 07:02:00",true,true,PM,Ação policial,,,false,1,0,0,0,0,0,0,0,0,0,0,0,0,0
17427,"Morro do Borel, Tijuca, Rio de Janeiro - RJ, 20530-001, Brasil",Sudeste,Rio de Janeiro,Rio de Janeiro,TIJUCA,,MORRO DO BOREL,-22.9395041000,-43.2515359000,"31/07/2018, 07:03:00",false,false,,Não identificado,,,false,0,0,0,0,0,0,0,0,0,0,0,0,0,0
17429,"AutoEstrada Grajaú - Lins, Rio de Janeiro - RJ, Brasil",Sudeste,Rio de Janeiro,Rio de Janeiro,LINS DE VASCONCELOS,,COMPLEXO DO LINS,-22.9210934000,-43.2850215000,"31/07/2018, 08:57:00",false,false,,Não identificado,,,false,0,0,0,0,0,0,0,0,0,0,0,0,0,0
17432,"Valão - Rocinha, Rio de Janeiro - RJ, 22795-155, Brasil",Sudeste,Rio de Janeiro,Rio de Janeiro,ROCINHA,,ROCINHA,-22.9917360000,-43.2502430000,"31/07/2018, 09:10:00",false,false,,Não identificado,,,false,0,0,0,0,0,0,0,0,0,0,0,0,0,0
17459,"R. Chaves Faria - São Cristóvão, Rio de Janeiro - RJ, Brasil",Sudeste,Rio de Janeiro,Rio de Janeiro,SAO CRISTOVAO,,,-22.9014407000,-43.2278937000,"31/07/2018, 10:00:00",false,true,,Tentativa/Roubo de cargas,,,false,0,0,0,1,0,0,0,0,0,0,0,0,0,0
17433,"Av. Marrocos - Vila Kennedy , Rio de Janeiro - RJ, Brasil",Sudeste,Rio de Janeiro,Rio de Janeiro,VILA KENNEDY,,VILA KENNEDY,-22.8593647000,-43.4918045000,"31/07/2018, 10:02:00",false,false,,Não identificado,,,false,0,0,0,0,0,0,0,0,0,0,0,0,0,0
17435,"99 - Rocinha, Rio de Janeiro - RJ, Brasil",Sudeste,Rio de Janeiro,Rio de Janeiro,ROCINHA,,ROCINHA,-22.9867302000,-43.2425826000,"31/07/2018, 11:01:00",false,false,,Não identificado,,,false,0,0,0,0,0,0,0,0,0,0,0,0,0,0
17458,"Av. Niemeyer - Rocinha, Rio de Janeiro - RJ, 22450-221, Brasil",Sudeste,Rio de Janeiro,Rio de Janeiro,VIDIGAL,,VIDIGAL,-22.9923954000,-43.2535946000,"31/07/2018, 12:00:00",true,true,N�o identificado,Ação policial,,,false,0,2,0,0,0,0,0,0,0,0,0,1,0,0
17445,"Leão, Vila Kennedy, Rio de Janeiro - RJ, 21852-010, Brasil",Sudeste,Rio de Janeiro,Rio de Janeiro,VILA KENNEDY,,VILA KENNEDY,-22.8565616000,-43.4910387000,"31/07/2018, 13:08:00",false,false,,Não identificado,,,false,0,0,0,0,0,0,0,0,0,0,0,0,0,0
17450,"Av. Ernani Cardoso, Cascadura, Rio de Janeiro - RJ, 21310-310, Brasil",Sudeste,Rio de Janeiro,Rio de Janeiro,CASCADURA,,MORRO DO CAMPINHO (COMPLEXO DO FUBA),-22.8828880000,-43.3409490000,"31/07/2018, 13:27:00",false,false,,Não identificado,,,false,0,0,0,0,0,0,0,0,0,0,0,0,0,0
17454,"Dona Marta - Botafogo, Rio de Janeiro - RJ, 22260-140, Brasil",Sudeste,Rio de Janeiro,Rio de Janeiro,BOTAFOGO,,SANTA MARTA,-22.9452099000,-43.1969312000,"31/07/2018, 15:25:00",false,false,,Não identificado,,,false,0,0,0,0,0,0,0,0,0,0,0,0,0,0
17465,"Av. Augusto Severo - Glória, Rio de Janeiro - RJ, 20021-060, Brasil",Sudeste,Rio de Janeiro,Rio de Janeiro,GLORIA,,,-22.9198628000,-43.1757282000,"31/07/2018, 17:30:00",true,true,N�o identificado,Tentativa/Roubo,,Perseguição,false,0,2,0,0,0,0,0,0,0,0,0,0,0,0
17464,"Cordovil, Rio de Janeiro - RJ, 21010-150, Brasil",Sudeste,Rio de Janeiro,Rio de Janeiro,CORDOVIL,,,-22.8197204000,-43.2956836000,"31/07/2018, 19:10:00",false,false,,Não identificado,,,false,0,0,0,0,0,0,0,0,0,0,0,0,0,0
17467,"Morro da Caixa d'água - Tanque, Rio de Janeiro - RJ, Brasil",Sudeste,Rio de Janeiro,Rio de Janeiro,TANQUE,,MORRO DA CAIXA D'AGUA (TANQUE),-22.9142441000,-43.3568942000,"31/07/2018, 20:51:00",false,false,,Não identificado,,,false,0,0,0,0,0,0,0,0,0,0,0,0,0,0
17468,"Av. Antares, 705 - Santa Cruz, Rio de Janeiro - RJ, 23510-360, Brasil",Sudeste,Rio de Janeiro,Rio de Janeiro,SANTA CRUZ,,FAVELA DE ANTARES,-22.9225159000,-43.6560903000,"31/07/2018, 21:30:00",false,false,,Disputa,,,false,0,0,0,0,0,0,0,0,0,0,0,0,0,0
17471,"Canitar - Complexo do Alemão, Rio de Janeiro - RJ, Brasil",Sudeste,Rio de Janeiro,Rio de Janeiro,COMPLEXO DO ALEMAO,,MORRO DAS PALMEIRAS (COMPLEXO DO ALEMAO),-22.8602971000,-43.2814254000,"31/07/2018, 22:00:00",false,false,,Não identificado,,,false,0,0,0,0,0,0,0,0,0,0,0,0,0,0
17477,"R. Retiro dos Artistas, Rio de Janeiro - RJ, Brasil",Sudeste,Rio de Janeiro,Rio de Janeiro,PECHINCHA,,,-22.9336611000,-43.3576922000,"31/07/2018, 22:20:00",false,false,,Tentativa/Roubo,,,false,0,3,0,0,0,0,0,0,0,0,0,0,0,0
17469,"Tijuca, Rio de Janeiro - RJ, 20271-000, Brasil",Sudeste,Rio de Janeiro,Rio de Janeiro,TIJUCA,,,-22.9166790000,-43.2290134000,"31/07/2018, 22:48:00",false,false,,Não identificado,,,false,0,0,0,0,0,0,0,0,0,0,0,0,0,0
17470,"Amtares - Santa Cruz, Rio de Janeiro - RJ, Brasil",Sudeste,Rio de Janeiro,Rio de Janeiro,SANTA CRUZ,,FAVELA DE ANTARES,-22.9196515000,-43.6843877000,"01/08/2018, 03:26:00",false,false,,Não identificado,,,false,0,0,0,0,0,0,0,0,0,0,0,0,0,0
17481,"Morro Juramentinho, Vicente de Carvalho, Rio de Janeiro - RJ, 21220-770, Brasil",Sudeste,Rio de Janeiro,Rio de Janeiro,VICENTE DE CARVALHO,,MORRO DO JURAMENTO (COMPLEXO DO JURAMENTO),-22.8590841000,-43.3038686000,"01/08/2018, 03:50:00",true,true,PM,Ação policial,,,false,0,2,0,0,0,0,0,0,0,0,0,0,0,0
17474,"Morro do Borel - Tijuca, Rio de Janeiro - RJ, Brasil",Sudeste,Rio de Janeiro,Rio de Janeiro,TIJUCA,,MORRO DO BOREL,-22.9325728000,-43.2410248000,"01/08/2018, 06:19:00",false,false,,Não identificado,,,false,0,0,0,0,0,0,0,0,0,0,0,0,0,0
17476,"Manilha - Vila Kennedy - Bangu, Rio de Janeiro - RJ, 21850-007, Brasil",Sudeste,Rio de Janeiro,Rio de Janeiro,VILA KENNEDY,,VILA KENNEDY,-22.8604006000,-43.4884116000,"01/08/2018, 06:47:00",false,false,,Não identificado,,,false,0,0,0,0,0,0,0,0,0,0,0,0,0,0
17480,"Jacarezinho, Rio de Janeiro - RJ, Brasil",Sudeste,Rio de Janeiro,Rio de Janeiro,JACAREZINHO,,JACAREZINHO,-22.8846059000,-43.2561086000,"01/08/2018, 07:20:00",false,false,,Não identificado,,,false,0,0,0,0,0,0,0,0,0,0,0,0,0,0
17485,"Av. Dom Hélder Câmara, Manguinhos, Rio de Janeiro - RJ, Brasil",Sudeste,Rio de Janeiro,Rio de Janeiro,MANGUINHOS,,COMPLEXO DE MANGUINHOS,-22.8869587000,-43.2508547000,"01/08/2018, 07:50:00",true,true,N�o identificado,Ação policial,,,false,0,0,0,0,0,0,0,0,0,0,0,0,0,0
17484,"Costa Barros, Rio de Janeiro - RJ, Brasil",Sudeste,Rio de Janeiro,Rio de Janeiro,COSTA BARROS,,,-22.8201855000,-43.3700297000,"01/08/2018, 10:50:00",false,false,,Não identificado,,,false,0,0,0,0,0,0,0,0,0,0,0,0,0,0
17487,"Dona Marta, Botafogo, Rio de Janeiro - RJ, Brasil",Sudeste,Rio de Janeiro,Rio de Janeiro,BOTAFOGO,,SANTA MARTA,-22.9489398000,-43.1933868000,"01/08/2018, 12:00:00",true,true,PM,Ação policial,,,false,0,0,0,0,0,0,0,0,0,0,0,0,0,0
17486,"Av. Antares - Santa Cruz, Rio de Janeiro - RJ, Brasil",Sudeste,Rio de Janeiro,Rio de Janeiro,SANTA CRUZ,,FAVELA DE ANTARES,-22.9217436000,-43.6637652000,"01/08/2018, 12:15:00",false,false,,Não identificado,,,false,0,0,0,0,0,0,0,0,0,0,0,0,0,0
17490,"Morro Dona Marta - Botafogo, Rio de Janeiro - RJ, Brasil",Sudeste,Rio de Janeiro,Rio de Janeiro,BOTAFOGO,,SANTA MARTA,-22.9477037000,-43.1941470000,"01/08/2018, 12:47:00",false,false,,Não identificado,,,false,0,0,0,0,0,0,0,0,0,0,0,0,0,0
17496,"Largo dos Pilares, Pilares, Rio de Janeiro - RJ, Brasil",Sudeste,Rio de Janeiro,Rio de Janeiro,PILARES,,,-22.8825821000,-43.2922610000,"01/08/2018, 17:03:00",false,false,,Não identificado,,,false,0,0,0,0,0,0,0,0,0,0,0,0,0,0
17494,"Fazendinha, Complexo do Alemão, Rio de Janeiro - RJ, Brasil",Sudeste,Rio de Janeiro,Rio de Janeiro,COMPLEXO DO ALEMAO,,FAZENDINHA (COMPLEXO DO ALEMAO),-22.8634421000,-43.2780966000,"01/08/2018, 17:08:00",false,false,,Não identificado,,,false,0,0,0,0,0,0,0,0,0,0,0,0,0,0
17497,"Antares, Santa Cruz, Rio de Janeiro - RJ, Brasil",Sudeste,Rio de Janeiro,Rio de Janeiro,SANTA CRUZ,,FAVELA DE ANTARES,-22.9190366000,-43.6565311000,"01/08/2018, 18:50:00",false,false,,Não identificado,,,false,0,0,0,0,0,0,0,0,0,0,0,0,0,0
17498,"Morro do Juramento - Vicente de Carvalho, Rio de Janeiro - RJ, Brasil",Sudeste,Rio de Janeiro,Rio de Janeiro,VICENTE DE CARVALHO,,MORRO DO JURAMENTO (COMPLEXO DO JURAMENTO),-22.8627778000,-43.3152778000,"01/08/2018, 19:28:00",false,false,,Não identificado,,,false,0,0,0,0,0,0,0,0,0,0,0,0,0,0
17510,"Morro da Formiga - Tijuca, Rio de Janeiro - RJ, 20530-120, Brasil",Sudeste,Rio de Janeiro,Rio de Janeiro,TIJUCA,,MORRO DA FORMIGA,-22.9435434000,-43.2412996000,"01/08/2018, 21:15:00",false,false,,Não identificado,,,false,0,0,0,0,0,0,0,0,0,0,0,0,0,0
17502,"Parque União - Maré, Rio de Janeiro - RJ, Brasil",Sudeste,Rio de Janeiro,Rio de Janeiro,MARE,,PARQUE UNIAO (COMPLEXO DA MARE),-22.8505384000,-43.2429343000,"01/08/2018, 21:39:00",false,false,,Não identificado,,,false,0,0,0,0,0,0,0,0,0,0,0,0,0,0
17503,"Morro da Caixa d'água - Tanque, Rio de Janeiro - RJ, 22733-130, Brasil",Sudeste,Rio de Janeiro,Rio de Janeiro,TANQUE,,MORRO DA CAIXA D'AGUA (TANQUE),-22.9138606000,-43.3578803000,"02/08/2018, 03:00:00",false,false,,Não identificado,,,false,0,0,0,0,0,0,0,0,0,0,0,0,0,0
17512,"R. São Clemente, 307 - Botafogo, Rio de Janeiro - RJ, 22260-140, Brasil",Sudeste,Rio de Janeiro,Rio de Janeiro,BOTAFOGO,,SANTA MARTA,-22.9483710000,-43.1935330000,"02/08/2018, 05:30:00",false,false,,Não identificado,,,false,0,0,0,0,0,0,0,0,0,0,0,0,0,0
17514,"Av. Pres. Vargas, Rio de Janeiro - RJ, 20210-031, Brasil",Sudeste,Rio de Janeiro,Rio de Janeiro,CENTRO,,,-22.9050017000,-43.1914669000,"02/08/2018, 06:09:00",false,false,,Não identificado,,,false,0,0,0,0,0,0,0,0,0,0,0,0,0,0
17520,"Manilha, Vila Kennedy, Rio de Janeiro - RJ, 21852-590, Brasil",Sudeste,Rio de Janeiro,Rio de Janeiro,VILA KENNEDY,,VILA KENNEDY,-22.8596350000,-43.4917760000,"02/08/2018, 07:12:00",false,false,,Não identificado,,,false,0,0,0,0,0,0,0,0,0,0,0,0,0,0
17517,"Morro da Caixa D'água - Tanque, Rio de Janeiro - RJ, 22733-130, Brasil",Sudeste,Rio de Janeiro,Rio de Janeiro,TANQUE,,MORRO DA CAIXA D'AGUA (TANQUE),-22.9142441000,-43.3568942000,"02/08/2018, 07:18:00",false,false,,Não identificado,,,false,0,0,0,0,0,0,0,0,0,0,0,0,0,0
17521,"Av. Pres. Vargas - Centro, Rio de Janeiro - RJ, 20210-030, Brasil",Sudeste,Rio de Janeiro,Rio de Janeiro,CENTRO,,,-22.9049261000,-43.1898811000,"02/08/2018, 08:57:00",false,false,,Não identificado,,,false,0,0,0,0,0,0,0,0,0,0,0,0,0,0
17525,"Manilha, Vila Kennedy, Rio de Janeiro - RJ, 21850-020, Brasil",Sudeste,Rio de Janeiro,Rio de Janeiro,VILA KENNEDY,,VILA KENNEDY,-22.8606710000,-43.4884520000,"02/08/2018, 09:20:00",true,true,N�o identificado,Ação policial,,,false,0,1,0,0,0,0,0,0,0,0,0,0,0,0
17526,"Parada de Lucas, Rio de Janeiro - RJ, 21250-410, Brasil",Sudeste,Rio de Janeiro,Rio de Janeiro,PARADA DE LUCAS,,,-22.8173928000,-43.3011284000,"02/08/2018, 10:40:00",false,false,,Não identificado,,Tiroteio contínuo,false,0,0,0,0,0,0,0,0,0,0,0,0,0,0
17529,"Antares,  Santa Cruz, Rio de Janeiro - RJ, 23590-817, Brasil",Sudeste,Rio de Janeiro,Rio de Janeiro,SANTA CRUZ,,FAVELA DE ANTARES,-22.9191879000,-43.6590909000,"02/08/2018, 10:42:00",false,false,,Não identificado,,,false,0,0,0,0,0,0,0,0,0,0,0,0,0,0
17527,"Cidade Alta - Cordovil, Rio de Janeiro - RJ, 21012-200, Brasil",Sudeste,Rio de Janeiro,Rio de Janeiro,CORDOVIL,,CIDADE ALTA (COMPLEXO DE ISRAEL),-22.8236638000,-43.2956838000,"02/08/2018, 10:50:00",false,false,,Não identificado,,,false,0,0,0,0,0,0,0,0,0,0,0,0,0,0
17531,"Av. Brasil - Parada de Lucas, Rio de Janeiro - RJ, Brasil",Sudeste,Rio de Janeiro,Rio de Janeiro,PARADA DE LUCAS,,,-22.8159011000,-43.3014806000,"02/08/2018, 11:14:00",true,true,N�o identificado,Ação policial,,,false,1,2,0,0,0,0,0,0,0,0,0,0,0,1
17532,"Morro do Adeus - Complexo do Alemão, Rio de Janeiro - RJ, Brasil",Sudeste,Rio de Janeiro,Rio de Janeiro,COMPLEXO DO ALEMAO,,MORRO DO ADEUS (COMPLEXO DO ALEMAO),-22.8654866000,-43.2619815000,"02/08/2018, 11:17:00",false,false,,Não identificado,,,false,0,0,0,0,0,0,0,0,0,0,0,0,0,0
17534,"Parada de Lucas, Rio de Janeiro - RJ, Brasil",Sudeste,Rio de Janeiro,Rio de Janeiro,PARADA DE LUCAS,,,-22.8184513000,-43.3030143000,"02/08/2018, 12:37:00",true,true,N�o identificado,Ação policial,,,false,0,0,0,0,0,0,0,0,0,0,0,0,0,0
17538,"Parada de Lucas, Rio de Janeiro - RJ, Brasil",Sudeste,Rio de Janeiro,Rio de Janeiro,PARADA DE LUCAS,,,-22.8184513000,-43.3030143000,"02/08/2018, 13:34:00",false,false,,Não identificado,,,false,0,0,0,0,0,0,0,0,0,0,0,0,0,0
17536,"Vila Cruzeiro - Penha, Rio de Janeiro - RJ, 21070-590, Brasil",Sudeste,Rio de Janeiro,Rio de Janeiro,PENHA,,VILA CRUZEIRO (COMPLEXO DA PENHA),-22.8452819000,-43.2803927000,"02/08/2018, 13:35:00",true,true,N�o identificado,Ação policial,,,false,0,0,0,0,0,0,0,0,0,0,0,0,0,0
17541,"Parada de Lucas, Rio de Janeiro - RJ, Brasil",Sudeste,Rio de Janeiro,Rio de Janeiro,PARADA DE LUCAS,,,-22.8184513000,-43.3030143000,"02/08/2018, 14:29:00",false,false,,Não identificado,,,false,0,0,0,0,0,0,0,0,0,0,0,0,0,0
17542,"Antares - Santa Cruz, Rio de Janeiro - RJ, Brasil",Sudeste,Rio de Janeiro,Rio de Janeiro,SANTA CRUZ,,FAVELA DE ANTARES,-22.9217436000,-43.6637652000,"02/08/2018, 15:08:00",false,false,,Disputa,,,false,0,0,0,0,0,0,0,0,0,0,0,0,0,0
17544,"Vigário Geral, Rio de Janeiro - RJ, Brasil",Sudeste,Rio de Janeiro,Rio de Janeiro,VIGARIO GERAL,,,-22.8094553000,-43.3089519000,"02/08/2018, 15:34:00",false,false,,Não identificado,,,false,0,0,0,0,0,0,0,0,0,0,0,0,0,0
17548,"Cidade Alta, Cordovil, Rio de Janeiro - RJ, 21010-200, Brasil",Sudeste,Rio de Janeiro,Rio de Janeiro,CORDOVIL,,CIDADE ALTA (COMPLEXO DE ISRAEL),-22.8196976000,-43.2943395000,"02/08/2018, 16:13:00",false,false,,Não identificado,,,false,0,0,0,0,0,0,0,0,0,0,0,0,0,0
17566,"Cidade Alta, Cordovil, Rio de Janeiro - RJ, 21010-200, Brasil",Sudeste,Rio de Janeiro,Rio de Janeiro,CORDOVIL,,CIDADE ALTA (COMPLEXO DE ISRAEL),-22.8196976000,-43.2943395000,"02/08/2018, 21:11:00",false,false,,Não identificado,,,false,0,0,0,0,0,0,0,0,0,0,0,0,0,0
17558,"Morro São João, Engenho Novo, Rio de Janeiro - RJ, Brasil",Sudeste,Rio de Janeiro,Rio de Janeiro,ENGENHO NOVO,,MORRO SAO JOAO,-22.9074509000,-43.2651010000,"02/08/2018, 21:14:00",false,false,,Não identificado,,,false,0,0,0,0,0,0,0,0,0,0,0,0,0,0
17567,"Av. Braz de Pina, Penha, Rio de Janeiro - RJ, Brasil",Sudeste,Rio de Janeiro,Rio de Janeiro,PENHA CIRCULAR,,,-22.8378369000,-43.2893143000,"02/08/2018, 21:29:00",false,false,,Não identificado,,,false,0,0,0,0,0,0,0,0,0,0,0,0,0,0
17572,"Barbante/Vila Joaniza - Galeão, Rio de Janeiro - RJ, Brasil",Sudeste,Rio de Janeiro,Rio de Janeiro,GALEAO,,MORRO DO BARBANTE (OU VILA JOANIZA),-22.8112620000,-43.2269366000,"02/08/2018, 22:20:00",false,false,,Não identificado,,,false,0,0,0,0,0,0,0,0,0,0,0,0,0,0
17568,"Manilha  - Vila Kennedy, Bangu, Rio de Janeiro - RJ, Brasil",Sudeste,Rio de Janeiro,Rio de Janeiro,VILA KENNEDY,,VILA KENNEDY,-22.8593647000,-43.4918045000,"02/08/2018, 22:22:00",false,false,,Não identificado,,,false,0,0,0,0,0,0,0,0,0,0,0,0,0,0
17569,"R. João Adil de Oliveira - Irajá, Rio de Janeiro - RJ, 21230-175, Brasil",Sudeste,Rio de Janeiro,Rio de Janeiro,IRAJA,,CONDOMINIO JOAO ADIL DE OLIVEIRA,-22.8242943000,-43.3274448000,"02/08/2018, 23:18:00",false,false,,Não identificado,,,false,0,0,0,0,0,0,0,0,0,0,0,0,0,0
17570,"Manilha, Vila Kennedy - Bangu, Rio de Janeiro - RJ, Brasil",Sudeste,Rio de Janeiro,Rio de Janeiro,VILA KENNEDY,,VILA KENNEDY,-22.8593647000,-43.4918045000,"02/08/2018, 23:22:00",false,false,,Não identificado,,,false,0,0,0,0,0,0,0,0,0,0,0,0,0,0
17571,"Manilha, Vila Kennedy - Bangu, Rio de Janeiro - RJ, Brasil",Sudeste,Rio de Janeiro,Rio de Janeiro,VILA KENNEDY,,VILA KENNEDY,-22.8593647000,-43.4918045000,"02/08/2018, 23:50:00",false,false,,Não identificado,,,false,0,0,0,0,0,0,0,0,0,0,0,0,0,0
17589,"Penha, Rio de Janeiro - RJ, Brasil",Sudeste,Rio de Janeiro,Rio de Janeiro,PENHA,,,-22.8308535000,-43.2698184000,"03/08/2018, 01:00:00",true,true,N�o identificado,Sequestro/Cárcere Privado,,Perseguição,false,0,2,0,0,0,0,0,0,0,0,0,0,0,0
17579,"Morro da Providencia - Gambôa, Rio de Janeiro - RJ, 20221-310, Brasil",Sudeste,Rio de Janeiro,Rio de Janeiro,GAMBOA,,MORRO DA PROVIDENCIA,-22.9002778000,-43.1952778000,"03/08/2018, 02:30:00",true,true,PM,Operação policial,,,false,0,1,0,0,0,0,0,0,0,0,0,0,0,0
17575,"Serrinha  -Madureira, Rio de Janeiro - RJ, Brasil",Sudeste,Rio de Janeiro,Rio de Janeiro,MADUREIRA,,MORRO DA SERRINHA (COMPLEXO DA SERRINHA),-22.8725334000,-43.3363639000,"03/08/2018, 03:23:00",false,false,,Não identificado,,,false,0,0,0,0,0,0,0,0,0,0,0,0,0,0
17576,"Bráz De Pina, Rio de Janeiro - RJ, Brasil",Sudeste,Rio de Janeiro,Rio de Janeiro,BRAS DE PINA,,,-22.8331178000,-43.3022257000,"03/08/2018, 03:36:00",false,false,,Não identificado,,,false,0,0,0,0,0,0,0,0,0,0,0,0,0,0
17590,"Furquim Mendes - Vigário Geral, Rio de Janeiro - RJ, 21241-340, Brasil",Sudeste,Rio de Janeiro,Rio de Janeiro,VIGARIO GERAL,,FURQUIM MENDES,-22.8060539000,-43.3149972000,"03/08/2018, 04:00:00",true,true,N�o identificado,Operação policial,,,false,2,0,0,0,0,0,0,0,0,0,0,0,0,0
17580,"R. Srg. José Valouro, 160 - Cosmos, Rio de Janeiro - RJ, 23061-570, Brasil",Sudeste,Rio de Janeiro,Rio de Janeiro,COSMOS,,,-22.9021090000,-43.6147040000,"03/08/2018, 05:07:00",false,false,,Não identificado,,,false,0,0,0,0,0,0,0,0,0,0,0,0,0,0
17581,"Morro do Juramento - Vicente de Carvalho, Rio de Janeiro - RJ, Brasil",Sudeste,Rio de Janeiro,Rio de Janeiro,VICENTE DE CARVALHO,,MORRO DO JURAMENTO (COMPLEXO DO JURAMENTO),-22.8627778000,-43.3152778000,"03/08/2018, 05:34:00",false,false,,Não identificado,,,false,0,0,0,0,0,0,0,0,0,0,0,0,0,0
17586,"Morro do Juramento - Vicente de Carvalho, Rio de Janeiro - RJ, Brasil",Sudeste,Rio de Janeiro,Rio de Janeiro,VICENTE DE CARVALHO,,MORRO DO JURAMENTO (COMPLEXO DO JURAMENTO),-22.8627778000,-43.3152778000,"03/08/2018, 06:34:00",false,false,,Não identificado,,,false,0,0,0,0,0,0,0,0,0,0,0,0,0,0
17585,"Morro do Borel  - Tijuca, Rio de Janeiro - RJ, Brasil",Sudeste,Rio de Janeiro,Rio de Janeiro,TIJUCA,,MORRO DO BOREL,-22.9394805000,-43.2514357000,"03/08/2018, 06:36:00",false,false,,Não identificado,,,false,0,0,0,0,0,0,0,0,0,0,0,0,0,0
17588,"Jacaré, Rio de Janeiro - RJ, Brasil",Sudeste,Rio de Janeiro,Rio de Janeiro,JACARE,,,-22.8923272000,-43.2581953000,"03/08/2018, 06:49:00",false,false,,Não identificado,,,false,0,0,0,0,0,0,0,0,0,0,0,0,0,0
17594,"Morro do Borel - Tijuca, Rio de Janeiro - RJ, 20530-650, Brasil",Sudeste,Rio de Janeiro,Rio de Janeiro,TIJUCA,,MORRO DO BOREL,-22.9394893000,-43.2526444000,"03/08/2018, 07:36:00",false,false,,Não identificado,,,false,0,0,0,0,0,0,0,0,0,0,0,0,0,0
17598,"Morro da Caixa D'Água Tanque, Rio de Janeiro - RJ, Brasil",Sudeste,Rio de Janeiro,Rio de Janeiro,TANQUE,,MORRO DA CAIXA D'AGUA (TANQUE),-22.9130519000,-43.3562248000,"03/08/2018, 10:09:00",false,false,,Não identificado,,,false,0,0,0,0,0,0,0,0,0,0,0,0,0,0
17599,"Serrinha - Madureira, Rio de Janeiro - RJ, 21360-410, Brasil",Sudeste,Rio de Janeiro,Rio de Janeiro,MADUREIRA,,MORRO DA SERRINHA (COMPLEXO DA SERRINHA),-22.8655210000,-43.3291030000,"03/08/2018, 10:20:00",true,true,PM,Operação policial,,,false,1,0,0,0,0,0,0,0,0,0,0,0,0,0
17604,"Bonsucesso, Rio de Janeiro - RJ, Brasil",Sudeste,Rio de Janeiro,Rio de Janeiro,BONSUCESSO,,,-22.8626395000,-43.2539991000,"03/08/2018, 13:05:00",false,false,,Não identificado,,,false,0,0,0,0,0,0,0,0,0,0,0,0,0,0
17607,"R. Marques dos Santos - Santa Cruz, Rio de Janeiro - RJ, Brasil",Sudeste,Rio de Janeiro,Rio de Janeiro,SANTA CRUZ,,COMUNIDADE DO CURRAL,-22.9403712000,-43.6704730000,"03/08/2018, 14:28:00",false,false,,Não identificado,,,false,0,0,0,0,0,0,0,0,0,0,0,0,0,0
17608,"Tangará, Cidade de Deus, Rio de Janeiro - RJ, Brasil",Sudeste,Rio de Janeiro,Rio de Janeiro,CIDADE DE DEUS,,CIDADE DE DEUS,-22.9481688000,-43.3626721000,"03/08/2018, 16:06:00",false,false,,Não identificado,,,false,0,0,0,0,0,0,0,0,0,0,0,0,0,0
17610,"Morro da Formiga - Tijuca, Rio de Janeiro - RJ, Brasil",Sudeste,Rio de Janeiro,Rio de Janeiro,TIJUCA,,MORRO DA FORMIGA,-22.9441667000,-43.2408333000,"03/08/2018, 17:39:00",false,false,,Não identificado,,,false,0,0,0,0,0,0,0,0,0,0,0,0,0,0
17611,"Alvorada, Complexo do Alemão, Rio de Janeiro - RJ, Brasil",Sudeste,Rio de Janeiro,Rio de Janeiro,COMPLEXO DO ALEMAO,,ALVORADA (COMPLEXO DO ALEMAO),-22.8622153000,-43.2750767000,"03/08/2018, 17:45:00",false,false,,Não identificado,,,false,0,0,0,0,0,0,0,0,0,0,0,0,0,0
17612,"Estrada da Água Branca, Realengo, Rio de Janeiro - RJ, Brasil",Sudeste,Rio de Janeiro,Rio de Janeiro,REALENGO,,,-22.8678046000,-43.4330717000,"03/08/2018, 17:57:00",false,false,,Não identificado,,,false,0,0,0,0,0,0,0,0,0,0,0,0,0,0
17614,"Cidade Alta, Cordovil, Rio de Janeiro - RJ, Brasil",Sudeste,Rio de Janeiro,Rio de Janeiro,CORDOVIL,,CONDOMINIO RESIDENCIAL VIVENDAS DO CASARAO,-22.8196976000,-43.2943395000,"03/08/2018, 20:42:00",false,false,,Não identificado,,,false,0,0,0,0,0,0,0,0,0,0,0,0,0,0
17616,"Três Pontes, Paciência, Rio de Janeiro - RJ Brasil",Sudeste,Rio de Janeiro,Rio de Janeiro,PACIENCIA,,FAVELA TRES PONTES,-22.9272107000,-43.6420422000,"03/08/2018, 21:50:00",false,false,,Não identificado,,,false,0,0,0,0,0,0,0,0,0,0,0,0,0,0
17617,"Complexo do Chapadão, Rio de Janeiro - RJ, Brasil",Sudeste,Rio de Janeiro,Rio de Janeiro,ANCHIETA,,COMPLEXO DO CHAPADAO,-22.8251540000,-43.3867840000,"03/08/2018, 22:00:00",false,false,,Disputa,,,false,0,0,0,0,0,0,0,0,0,0,0,0,0,0
17622,"Valão, Rocinha, Rio de Janeiro - RJ, Brasil",Sudeste,Rio de Janeiro,Rio de Janeiro,ROCINHA,,ROCINHA,-22.9917736000,-43.2503611000,"04/08/2018, 05:31:00",true,true,N�o identificado,Ação policial,,,false,0,1,0,0,0,0,0,0,0,0,0,0,0,0
17642,"Vila Vintém - Padre Miguel, Rio de Janeiro - RJ, 21721-021, Brasil",Sudeste,Rio de Janeiro,Rio de Janeiro,PADRE MIGUEL,,VILA VINTEM,-22.8709633000,-43.4426703000,"04/08/2018, 05:45:00",false,false,,Não identificado,,,false,0,0,0,0,0,0,0,0,0,0,0,0,0,0
17625,"Favela da Quitanda, Costa Barros, Rio de Janeiro - RJ, Brasil",Sudeste,Rio de Janeiro,Rio de Janeiro,COSTA BARROS,,MORRO DA QUITANDA (COMPLEXO DA PEDREIRA),-22.8188647000,-43.3658288000,"04/08/2018, 07:06:00",false,false,,Não identificado,,,false,0,0,0,0,0,0,0,0,0,0,0,0,0,0
17626,"R. Congo, Vila Kennedy, Rio de Janeiro - RJ, 21852-580, Brasil",Sudeste,Rio de Janeiro,Rio de Janeiro,VILA KENNEDY,,VILA KENNEDY,-22.8621150000,-43.4908550000,"04/08/2018, 08:10:00",false,false,,Não identificado,,,false,0,0,0,0,0,0,0,0,0,0,0,0,0,0
17631,"R. Congo, Vila Kennedy,  Rio de Janeiro - RJ, 21852-580, Brasil",Sudeste,Rio de Janeiro,Rio de Janeiro,VILA KENNEDY,,VILA KENNEDY,-22.8622084000,-43.4910810000,"04/08/2018, 09:40:00",false,false,,Não identificado,,,false,0,0,0,0,0,0,0,0,0,0,0,0,0,0
17636,"Praça Gramacho, Vila Aliança  - Senador Camará, Rio de Janeiro - RJ, 21842-550, Brasil",Sudeste,Rio de Janeiro,Rio de Janeiro,BANGU,,VILA ALIANCA,-22.8653270000,-43.4773270000,"04/08/2018, 12:05:00",false,false,,Não identificado,,,false,0,0,0,0,0,0,0,0,0,0,0,0,0,0
17633,"Morro da Covanca - Tanque, Rio de Janeiro - RJ, 22735-020, Brasil",Sudeste,Rio de Janeiro,Rio de Janeiro,TANQUE,,MORRO DA COVANCA,-22.9151126000,-43.3472132000,"04/08/2018, 12:20:00",true,true,PM,Ação policial,,,false,0,0,0,1,0,0,0,0,0,0,0,0,0,0
17634,"Manilha, Vila Kennedy,  Rio de Janeiro - RJ, Brasil",Sudeste,Rio de Janeiro,Rio de Janeiro,VILA KENNEDY,,VILA KENNEDY,-22.8593647000,-43.4918045000,"04/08/2018, 13:47:00",false,false,,Não identificado,,,false,0,0,0,0,0,0,0,0,0,0,0,0,0,0
17635,"Vila Progresso, Vila Keneddy, Rio de Janeiro - RJ, 21852-415, Brasil",Sudeste,Rio de Janeiro,Rio de Janeiro,VILA KENNEDY,,VILA KENNEDY,-22.8603873000,-43.4948879000,"04/08/2018, 14:45:00",false,false,,Não identificado,,,false,0,0,0,0,0,0,0,0,0,0,0,0,0,0
17637,"Vila Aliança  - Bangu, Rio de Janeiro - RJ, 21842-740, Brasil",Sudeste,Rio de Janeiro,Rio de Janeiro,BANGU,,VILA ALIANCA,-22.8648423000,-43.4771013000,"04/08/2018, 16:26:00",false,false,,Não identificado,,,false,0,0,0,0,0,0,0,0,0,0,0,0,0,0
17643,"Cidade Alta  - Cordovil, Rio de Janeiro - RJ, Brasil",Sudeste,Rio de Janeiro,Rio de Janeiro,CORDOVIL,,CIDADE ALTA (COMPLEXO DE ISRAEL),-22.8234412000,-43.2959357000,"04/08/2018, 20:40:00",false,false,,Não identificado,,,false,0,0,0,0,0,0,0,0,0,0,0,0,0,0
17649,"Av. Isabel Domingues, Rio de Janeiro - RJ, Brasil",Sudeste,Rio de Janeiro,Rio de Janeiro,JACAREPAGUA,,VILA DO TECO,-22.9632519000,-43.3514768000,"05/08/2018, 00:00:00",false,false,,Homicidio/Tentativa,,Ataques armados sobre rodas,false,1,0,0,0,0,0,0,0,0,0,0,0,0,0
17653,"Muquiço - Guadalupe, Rio de Janeiro - RJ, Brasil",Sudeste,Rio de Janeiro,Rio de Janeiro,GUADALUPE,,FAVELA DO MUQUICO,-22.8401095000,-43.3780741000,"05/08/2018, 00:00:00",false,false,,Não identificado,,,false,0,0,0,0,0,0,0,0,0,0,0,0,0,0
17677,"Rua João Telles de Meneses - Freguesia (Ilha do Governador), Rio de Janeiro - RJ, 21911-325, Brasil",Sudeste,Rio de Janeiro,Rio de Janeiro,FREGUESIA (ILHA),,FAVELA TREMEMBE,-22.7876813000,-43.1806226000,"05/08/2018, 03:00:00",false,false,,Briga,,,false,0,3,0,0,0,0,0,0,0,2,0,0,0,0
17647,"Quintanilha - Cidade de Deus, Rio de Janeiro - RJ, Brasil",Sudeste,Rio de Janeiro,Rio de Janeiro,CIDADE DE DEUS,,CIDADE DE DEUS,-22.9481688000,-43.3626721000,"05/08/2018, 05:57:00",false,false,,Não identificado,,,false,0,0,0,0,0,0,0,0,0,0,0,0,0,0
17654,"Vila Progresso, Vila Kennedy, Rio de Janeiro - RJ, 21852-415, Brasil",Sudeste,Rio de Janeiro,Rio de Janeiro,VILA KENNEDY,,VILA KENNEDY,-22.8603873000,-43.4948879000,"05/08/2018, 08:15:00",false,false,,Não identificado,,,false,0,0,0,0,0,0,0,0,0,0,0,0,0,0
17663,"Morro da Coroa - Catumbi, Rio de Janeiro - RJ, Brasil",Sudeste,Rio de Janeiro,Rio de Janeiro,CATUMBI,,MORRO DA COROA,-22.9193423000,-43.1981959000,"05/08/2018, 11:00:00",false,false,,Não identificado,,,false,0,0,0,0,0,0,0,0,0,0,0,0,0,0
17661,"R. São Carlos- Estácio, Rio de Janeiro - RJ, 20250-053, Brasil",Sudeste,Rio de Janeiro,Rio de Janeiro,ESTACIO,,MORRO DO SAO CARLOS (COMPLEXO DO SAO CARLOS),-22.9181354000,-43.2041649000,"05/08/2018, 11:05:00",false,false,,Não identificado,,,false,0,0,0,0,0,0,0,0,0,0,0,0,0,0
17662,"R. Cabuçu,  Lins, Rio de Janeiro - RJ, 20710-300, Brasil",Sudeste,Rio de Janeiro,Rio de Janeiro,LINS DE VASCONCELOS,,CONJUNTO CABUCU (COMPLEXO DO LINS),-22.9108992000,-43.2758458000,"05/08/2018, 12:09:00",false,false,,Não identificado,,,false,0,0,0,0,0,0,0,0,0,0,0,0,0,0
17668,"Morro dos macacos, Vila Isabel, Rio de Janeiro - RJ, Brasil",Sudeste,Rio de Janeiro,Rio de Janeiro,VILA ISABEL,,MORRO DOS MACACOS,-22.9105457000,-43.2534821000,"05/08/2018, 14:37:00",false,false,,Não identificado,,,false,0,0,0,0,0,0,0,0,0,0,0,0,0,0
17670,"Parada de Lucas, Rio de Janeiro - RJ, Brasil",Sudeste,Rio de Janeiro,Rio de Janeiro,PARADA DE LUCAS,,,-22.8184513000,-43.3030143000,"05/08/2018, 16:40:00",false,false,,Não identificado,,,false,0,0,0,0,0,0,0,0,0,0,0,0,0,0
17727,"Av. Eng. Souza Filho, 1193  - Rio das pedras, Rio de Janeiro - RJ, 22753-039, Brasil",Sudeste,Rio de Janeiro,Rio de Janeiro,JACAREPAGUA,,RIO DAS PEDRAS,-22.9750659000,-43.3357670000,"05/08/2018, 17:30:00",false,false,,Tentativa/Roubo,,,false,1,0,0,0,0,0,0,0,0,0,0,0,0,0
17673,"Quafá, Vila Kennedy, Rio de Janeiro - RJ, Brasil",Sudeste,Rio de Janeiro,Rio de Janeiro,VILA KENNEDY,,VILA KENNEDY,-22.8597738000,-43.4877778000,"05/08/2018, 18:00:00",false,false,,Não identificado,,,false,0,0,0,0,0,0,0,0,0,0,0,0,0,0
17675,"Av. Min. Ary Franco - Bangu, Rio de Janeiro - RJ, Brasil",Sudeste,Rio de Janeiro,Rio de Janeiro,BANGU,,,-22.8663746000,-43.4650723000,"05/08/2018, 19:02:00",false,false,,Não identificado,,,false,0,0,0,0,0,0,0,0,0,0,0,0,0,0
17678,"R. Francisca Zieze - Pilares, Rio de Janeiro - RJ, 20750-040, Brasil",Sudeste,Rio de Janeiro,Rio de Janeiro,PILARES,,,-22.8792200000,-43.2990601000,"05/08/2018, 20:27:00",false,false,,Não identificado,,,false,0,0,0,0,0,0,0,0,0,0,0,0,0,0
17682,"Morro da Caixa Dagua - Tanque, Rio de Janeiro - RJ, 21320-060, Brasil",Sudeste,Rio de Janeiro,Rio de Janeiro,TANQUE,,MORRO DA CAIXA D'AGUA (TANQUE),-22.9151705000,-43.3611415000,"05/08/2018, 21:09:00",true,true,N�o identificado,Ação policial,,,false,0,0,0,0,0,0,0,0,0,0,0,0,0,0
17680,"13 e 15 -Cidade de Deus, Rio de Janeiro - RJ, Brasil",Sudeste,Rio de Janeiro,Rio de Janeiro,CIDADE DE DEUS,,CIDADE DE DEUS,-22.9481688000,-43.3626721000,"05/08/2018, 21:36:00",true,true,N�o identificado,Operação policial,,,false,0,0,0,0,0,0,0,0,0,0,0,0,0,0
17681,"22733-120 - R. Alm. Melquíades de Souza, 1043-1245 - Praça Seca, Rio de Janeiro - RJ, 22733-120, Brasil",Sudeste,Rio de Janeiro,Rio de Janeiro,PRACA SECA,,FAVELA BATEAU MOUCHE,-22.9048084000,-43.3550791000,"05/08/2018, 21:39:00",false,false,,Não identificado,,,false,0,0,0,0,0,0,0,0,0,0,0,0,0,0
17683,"Av. Marrocos - Bangu, Rio de Janeiro - RJ, Brasil",Sudeste,Rio de Janeiro,Rio de Janeiro,VILA KENNEDY,,VILA KENNEDY,-22.8593647000,-43.4918045000,"05/08/2018, 23:15:00",false,false,,Não identificado,,,false,0,0,0,0,0,0,0,0,0,0,0,0,0,0
17702,"Campo do Barrão - Vila Kennedy - Bangu, Rio de Janeiro - RJ, 21850-007, Brasil",Sudeste,Rio de Janeiro,Rio de Janeiro,VILA KENNEDY,,VILA KENNEDY,-22.8604006000,-43.4884116000,"06/08/2018, 03:30:00",true,true,N�o identificado,Ação policial,,,false,1,0,0,0,0,0,0,0,0,0,0,0,0,0
17693,"Pedra - Vila Kennedy - Bangu, Rio de Janeiro - RJ, 21850-007, Brasil",Sudeste,Rio de Janeiro,Rio de Janeiro,VILA KENNEDY,,VILA KENNEDY,-22.8604006000,-43.4884116000,"06/08/2018, 04:10:00",true,true,PM,Ação policial,,,false,0,1,0,0,0,0,0,0,0,0,0,0,0,0
17696,"Morro do Borel - Tijuca, Rio de Janeiro - RJ, Brasil",Sudeste,Rio de Janeiro,Rio de Janeiro,TIJUCA,,MORRO DO BOREL,-22.9325728000,-43.2410248000,"06/08/2018, 05:50:00",false,false,,Não identificado,,,false,0,0,0,0,0,0,0,0,0,0,0,0,0,0
17695,"R. Expedito Resende, Iraque - Vila Aliança, Bangu, Rio de Janeiro - RJ, 21842-740, Brasil",Sudeste,Rio de Janeiro,Rio de Janeiro,BANGU,,VILA ALIANCA,-22.8648423000,-43.4771013000,"06/08/2018, 06:09:00",false,false,,Não identificado,,,false,0,0,0,0,0,0,0,0,0,0,0,0,0,0
17705,"Morro dos Prazeres - Santa Teresa, Rio de Janeiro - RJ, Brasil",Sudeste,Rio de Janeiro,Rio de Janeiro,SANTA TERESA,,MORRO DOS PRAZERES,-22.9347222000,-43.2047222000,"06/08/2018, 06:10:00",true,true,PM,Operação policial,,,false,0,2,0,0,0,0,0,0,0,0,0,0,0,0
17701,"Maré, Rio de Janeiro - RJ, Brasil",Sudeste,Rio de Janeiro,Rio de Janeiro,MARE,,COMPLEXO DA MARE,-22.8574971000,-43.2430137000,"06/08/2018, 06:42:00",false,false,,Não identificado,,,false,0,0,0,0,0,0,0,0,0,0,0,0,0,0
17699,"Roupa Suja e Valão -  Rocinha, Rio de Janeiro - RJ, Brasil",Sudeste,Rio de Janeiro,Rio de Janeiro,ROCINHA,,ROCINHA,-22.9879841000,-43.2479825000,"06/08/2018, 07:05:00",false,false,,Não identificado,,,false,0,0,0,0,0,0,0,0,0,0,0,0,0,0
17700,"Malvinas, Progresso e Manilha - Vila kennedy, Rio de Janeiro - RJ, 21850-000, Brasil",Sudeste,Rio de Janeiro,Rio de Janeiro,VILA KENNEDY,,VILA KENNEDY,-22.8581095000,-43.4875308000,"06/08/2018, 07:05:00",false,false,,Não identificado,,,false,0,0,0,0,0,0,0,0,0,0,0,0,0,0
17703,"Antares -Santa Cruz, Rio de Janeiro - RJ, Brasil",Sudeste,Rio de Janeiro,Rio de Janeiro,SANTA CRUZ,,FAVELA DE ANTARES,-22.9196515000,-43.6843877000,"06/08/2018, 07:41:00",false,false,,Não identificado,,,false,0,0,0,0,0,0,0,0,0,0,0,0,0,0
17706,"Largo do Bulufa, Complexo do Alemão, Rio de Janeiro - RJ, Brasil",Sudeste,Rio de Janeiro,Rio de Janeiro,COMPLEXO DO ALEMAO,,GROTA (COMPLEXO DO ALEMAO),-22.8611743000,-43.2734499000,"06/08/2018, 08:52:00",false,false,,Não identificado,,,false,0,0,0,0,0,0,0,0,0,0,0,0,0,0
17709,"Comunidade Proença Rosa, Honório Gurgel, Rio de Janeiro - RJ, Brasil",Sudeste,Rio de Janeiro,Rio de Janeiro,HONORIO GURGEL,,PROENCA ROSA,-22.8388127000,-43.3605286000,"06/08/2018, 12:57:00",false,false,,Não identificado,,,false,0,0,0,0,0,0,0,0,0,0,0,0,0,0
17710,"Parte alta, Vidigal, Rio de Janeiro - RJ, Brasil",Sudeste,Rio de Janeiro,Rio de Janeiro,VIDIGAL,,VIDIGAL,-22.9941978000,-43.2402185000,"06/08/2018, 13:56:00",false,false,,Não identificado,,,false,0,0,0,0,0,0,0,0,0,0,0,0,0,0
17713,"Palmeirinha, Guadalupe, Rio de Janeiro",Sudeste,Rio de Janeiro,Rio de Janeiro,GUADALUPE,,FAVELA DA PALMEIRINHA,-22.8484310000,-43.3661170000,"06/08/2018, 17:22:00",false,false,,Não identificado,,,false,0,0,0,0,0,0,0,0,0,0,0,0,0,0
17716,"R. Mal. Modestino - Realengo, Rio de Janeiro - RJ, 21735-330, Brasil",Sudeste,Rio de Janeiro,Rio de Janeiro,REALENGO,,,-22.8692178000,-43.4326400000,"06/08/2018, 19:09:00",false,false,,Não identificado,,,false,0,0,0,0,0,0,0,0,0,0,0,0,0,0
17719,"R. Cordovil, Rio de Janeiro - RJ, Brasil",Sudeste,Rio de Janeiro,Rio de Janeiro,PARADA DE LUCAS,,,-22.8209993000,-43.3066061000,"06/08/2018, 20:37:00",false,false,,Não identificado,,,false,0,0,0,0,0,0,0,0,0,0,0,0,0,0
17721,"R. Mirataia, Cidade de Deus, Rio de Janeiro - RJ, Brasil",Sudeste,Rio de Janeiro,Rio de Janeiro,CIDADE DE DEUS,,CIDADE DE DEUS,-22.9368295000,-43.3626135000,"06/08/2018, 21:01:00",false,false,,Não identificado,,,false,0,0,0,0,0,0,0,0,0,0,0,0,0,0
17722,"Estr. dos Teixeiras, Rio de Janeiro - RJ, Brasil",Sudeste,Rio de Janeiro,Rio de Janeiro,TAQUARA,,TEIXEIRAS,-22.9102923000,-43.4180603000,"06/08/2018, 23:38:00",false,false,,Não identificado,,,false,0,0,0,0,0,0,0,0,0,0,0,0,0,0
17723,"Morro Sao Joao - Sampaio, Rio de Janeiro - RJ, Brasil",Sudeste,Rio de Janeiro,Rio de Janeiro,SAMPAIO,,MORRO SAO JOAO,-22.9077778000,-43.2616667000,"07/08/2018, 00:26:00",false,false,,Não identificado,,,false,0,0,0,0,0,0,0,0,0,0,0,0,0,0
17726,"R. 2, R.2 e 99 - Rocinha, Rio de Janeiro - RJ, Brasil",Sudeste,Rio de Janeiro,Rio de Janeiro,ROCINHA,,ROCINHA,-22.9893753000,-43.2457618000,"07/08/2018, 02:00:00",true,true,BOPE,Operação policial,,,false,0,0,0,0,0,0,0,0,0,0,0,0,0,0
17724,"Beco 99 - Rocinha, Rio de Janeiro - RJ, Brasil",Sudeste,Rio de Janeiro,Rio de Janeiro,ROCINHA,,ROCINHA,-22.9879841000,-43.2479825000,"07/08/2018, 03:08:00",false,false,,Não identificado,,,false,0,0,0,0,0,0,0,0,0,0,0,0,0,0
17736,"Praça Jauru - Taquara, Rio de Janeiro - RJ, Brasil",Sudeste,Rio de Janeiro,Rio de Janeiro,TAQUARA,,,-22.9160798000,-43.3778696000,"07/08/2018, 03:30:00",false,false,,Homicidio/Tentativa,,,false,1,0,0,0,0,0,0,0,0,0,0,0,1,0
17730,"R. Merendiba - Penha, Rio de Janeiro - RJ, 21070-730, Brasil",Sudeste,Rio de Janeiro,Rio de Janeiro,PENHA,,MORRO DA MERENDIBA (COMPLEXO DA PENHA),-22.8471269000,-43.2754857000,"07/08/2018, 05:17:00",true,true,N�o identificado,Ação policial,,,false,0,0,0,0,0,0,0,0,0,0,0,0,0,0
17734,"R. Merendiba - Penha, Rio de Janeiro - RJ, 21070-730, Brasil",Sudeste,Rio de Janeiro,Rio de Janeiro,PENHA,,MORRO DA MERENDIBA (COMPLEXO DA PENHA),-22.8471269000,-43.2754857000,"07/08/2018, 06:51:00",true,true,N�o identificado,Ação policial,,,false,0,0,0,0,0,0,0,0,0,0,0,0,0,0
17737,"Favela do sapo - Senador Camará, Rio de Janeiro - RJ, 21832-060, Brasil",Sudeste,Rio de Janeiro,Rio de Janeiro,SENADOR CAMARA,,FAVELA DO SAPO DE CAMARA (COMPLEXO DO SAPO DE CAMARA),-22.8960506000,-43.4869371000,"07/08/2018, 08:40:00",false,false,,Não identificado,,,false,0,0,0,0,0,0,0,0,0,0,0,0,0,0
17739,"R. Jacupema,  Vila Cruzeiro, Penha, Rio de Janeiro - RJ, 21071-140, Brasil",Sudeste,Rio de Janeiro,Rio de Janeiro,OLARIA,,VILA CRUZEIRO (COMPLEXO DA PENHA),-22.8482110000,-43.2773130000,"07/08/2018, 11:40:00",false,false,,Não identificado,,,false,0,0,0,0,0,0,0,0,0,0,0,0,0,0
17744,"Morro Borda do Mato - Grajau, Rio de Janeiro - RJ, 20561-200, Brasil",Sudeste,Rio de Janeiro,Rio de Janeiro,GRAJAU,,BORDA DO MATO,-22.9262706000,-43.2646792000,"07/08/2018, 15:35:00",false,false,,Não identificado,,,false,0,0,0,0,0,0,0,0,0,0,0,0,0,0
17746,"Vila Vintém - Rua Belisário de Sousa, Realengo, Rio de Janeiro - RJ, Brasil",Sudeste,Rio de Janeiro,Rio de Janeiro,PADRE MIGUEL,,VILA VINTEM,-22.8734216000,-43.4395904000,"07/08/2018, 17:20:00",true,true,N�o identificado,Operação policial,,,false,1,0,0,0,0,0,0,0,0,0,0,0,0,0
17748,"Boulevard 28 de Setembro, Vila Isabel, Rio de Janeiro - RJ, Brasil",Sudeste,Rio de Janeiro,Rio de Janeiro,VILA ISABEL,,,-22.9151569000,-43.2438761000,"07/08/2018, 17:32:00",false,false,,Não identificado,,,false,0,0,0,0,0,0,0,0,0,0,0,0,0,0
17747,"Estr. de Urucânia, 3069 - Santa Cruz, Rio de Janeiro - RJ, 23580-140, Brasil",Sudeste,Rio de Janeiro,Rio de Janeiro,SANTA CRUZ,,BARRO VERMELHO,-22.9168340000,-43.6627959000,"07/08/2018, 17:42:00",false,false,,Não identificado,,Outros,false,0,0,0,0,0,0,0,0,0,0,0,0,0,0
17751,"Costa Barros, Rio de Janeiro - RJ, Brasil",Sudeste,Rio de Janeiro,Rio de Janeiro,COSTA BARROS,,,-22.8220750000,-43.3698840000,"07/08/2018, 18:55:00",false,false,,Não identificado,,,false,0,0,0,0,0,0,0,0,0,0,0,0,0,0
17752,Posto 12 - Recreio dos Bandeirantes,Sudeste,Rio de Janeiro,Rio de Janeiro,RECREIO DOS BANDEIRANTES,,,-23.0321540000,-43.4712020000,"07/08/2018, 19:11:00",false,false,,Não identificado,,,false,0,0,0,0,0,0,0,0,0,0,0,0,0,0
17757,"R. Pedro Rufino - Cordovil, Rio de Janeiro - RJ, Brasil",Sudeste,Rio de Janeiro,Rio de Janeiro,CORDOVIL,,,-22.8276985000,-43.3049461000,"07/08/2018, 20:44:00",false,false,,Não identificado,,,false,0,0,0,0,0,0,0,0,0,0,0,0,0,0
17762,"Morro da Serrinha  - Madureira, Rio de Janeiro - RJ, 21360-320, Brasil",Sudeste,Rio de Janeiro,Rio de Janeiro,MADUREIRA,,MORRO DA SERRINHA (COMPLEXO DA SERRINHA),-22.8681519000,-43.3254790000,"08/08/2018, 03:30:00",true,true,N�o identificado,Ação policial,,,false,0,0,0,0,0,0,0,0,0,0,0,0,0,0
17767,"Morro do Urubu - Piedade, Rio de Janeiro - RJ, Brasil",Sudeste,Rio de Janeiro,Rio de Janeiro,PIEDADE,,MORRO DO URUBU (COMPLEXO DO URUBU),-22.8916397000,-43.3107394000,"08/08/2018, 03:52:00",false,false,,Não identificado,,,false,0,0,0,0,0,0,0,0,0,0,0,0,0,0
17761,"Morro do Engenho da Rainha  - Pilares, Rio de Janeiro - RJ, 20760-670, Brasil",Sudeste,Rio de Janeiro,Rio de Janeiro,PILARES,,,-22.8766795000,-43.2933998000,"08/08/2018, 04:09:00",false,false,,Não identificado,,,false,0,0,0,0,0,0,0,0,0,0,0,0,0,0
17766,"Manilha -Vila Kennedy - Bangu, Rio de Janeiro - RJ, 21850-007, Brasil",Sudeste,Rio de Janeiro,Rio de Janeiro,VILA KENNEDY,,VILA KENNEDY,-22.8604006000,-43.4884116000,"08/08/2018, 05:37:00",false,false,,Não identificado,,,false,0,0,0,0,0,0,0,0,0,0,0,0,0,0
17769,"Favelinha/ Vila Turismo - Manguinhos, Rio de Janeiro - RJ, Brasil",Sudeste,Rio de Janeiro,Rio de Janeiro,MANGUINHOS,,VILA TURISMO (COMPLEXO DE MANGUINHOS),-22.8830377000,-43.2457507000,"08/08/2018, 06:08:00",true,true,N�o identificado,Ação policial,,,false,1,0,0,0,0,0,0,0,0,0,0,0,0,0
17768,"R. Jerônimo Pinto, 334 - Campinho, Rio de Janeiro - RJ, 21320-200, Brasil",Sudeste,Rio de Janeiro,Rio de Janeiro,CAMPINHO,,,-22.8869022000,-43.3521866000,"08/08/2018, 06:16:00",false,false,,Não identificado,,,false,0,0,0,0,0,0,0,0,0,0,0,0,0,0
17771,"Morro Santa Marta  - Botafogo, Rio de Janeiro - RJ, 22260-140, Brasil",Sudeste,Rio de Janeiro,Rio de Janeiro,BOTAFOGO,,SANTA MARTA,-22.9471648000,-43.1940684000,"08/08/2018, 08:17:00",true,true,PM,Operação policial,,,false,0,0,0,0,0,0,0,0,0,0,0,0,0,0
17782,"R. Domingos Lopes - Madureira, Rio de Janeiro - RJ, Brasil",Sudeste,Rio de Janeiro,Rio de Janeiro,MADUREIRA,,,-22.8793707000,-43.3414537000,"08/08/2018, 10:00:00",false,false,,Tentativa/Roubo,,,false,0,2,0,0,0,0,0,0,0,0,0,0,0,0
17776,"R. Congo, Vila Kennedy, Rio de Janeiro - RJ, 21852-580, Brasil",Sudeste,Rio de Janeiro,Rio de Janeiro,VILA KENNEDY,,VILA KENNEDY,-22.8622084000,-43.4910810000,"08/08/2018, 12:40:00",false,false,,Não identificado,,,false,0,1,0,0,0,0,0,0,0,0,0,1,0,0
17777,"AutoEstrada Grajaú - Jacarepaguá - Engenho Novo, Rio de Janeiro - RJ, Brasil",Sudeste,Rio de Janeiro,Rio de Janeiro,ENGENHO NOVO,,MORRO DA CACHOEIRA GRANDE (COMPLEXO DO LINS),-22.9210934000,-43.2850215000,"08/08/2018, 13:56:00",true,true,PM,Ação policial,,,false,0,0,0,0,0,0,0,0,0,0,0,0,0,0
17780,"Morro do Turano- Rio Comprido, Rio de Janeiro - RJ, Brasil",Sudeste,Rio de Janeiro,Rio de Janeiro,RIO COMPRIDO,,MORRO DO TURANO,-22.9256874000,-43.2156940000,"08/08/2018, 14:45:00",false,false,,Não identificado,,,false,0,0,0,0,0,0,0,0,0,0,0,0,0,0
17785,"Morro do Pontal de Sernambetiba - Recreio dos Bandeirantes, Rio de Janeiro - RJ, Brasil",Sudeste,Rio de Janeiro,Rio de Janeiro,RECREIO DOS BANDEIRANTES,,MORRO DO PONTAL DE SERNAMBETIBA,-23.0359526000,-43.4699195000,"08/08/2018, 18:10:00",true,true,N�o identificado,Ação policial,,,false,0,0,0,0,0,0,0,0,0,0,0,0,0,0
17792,"Via Parque Shopping, Barra da Tijuca, Rio de Janeiro - RJ, Brasil",Sudeste,Rio de Janeiro,Rio de Janeiro,BARRA DA TIJUCA,,,-22.9826917000,-43.3641901000,"08/08/2018, 18:29:00",false,false,,Tentativa/Roubo,,Shopping,false,0,0,0,0,0,0,0,0,0,0,0,0,0,0
17786,"Loteamento, Complexo do Alemão, Rio de Janeiro - RJ, Brasil",Sudeste,Rio de Janeiro,Rio de Janeiro,COMPLEXO DO ALEMAO,,LOTEAMENTO (COMPLEXO DO ALEMAO),-22.8593331000,-43.2754759000,"08/08/2018, 18:36:00",false,false,,Não identificado,,,false,0,0,0,0,0,0,0,0,0,0,0,0,0,0
17793,"Favela do Tatão, Anchieta, Rio de Janeiro - RJ, Brasil",Sudeste,Rio de Janeiro,Rio de Janeiro,ANCHIETA,,FAVELA DO TATAO,-22.8296969000,-43.4102822000,"08/08/2018, 18:43:00",false,false,,Não identificado,,,false,0,0,0,0,0,0,0,0,0,0,0,0,0,0
17787,"Mangueira, Rio de Janeiro - RJ, Brasil",Sudeste,Rio de Janeiro,Rio de Janeiro,MANGUEIRA,,MANGUEIRA,-22.9052507000,-43.2340127000,"08/08/2018, 18:57:00",false,false,,Não identificado,,,false,0,0,0,0,0,0,0,0,0,0,0,0,0,0
17791,"Cidade Alta, Cordovil, Rio de Janeiro - RJ, Brasil",Sudeste,Rio de Janeiro,Rio de Janeiro,CORDOVIL,,CIDADE ALTA (COMPLEXO DE ISRAEL),-22.8196976000,-43.2943395000,"08/08/2018, 19:02:00",false,false,,Não identificado,,,false,0,0,0,0,0,0,0,0,0,0,0,0,0,0
17789,"Av. Brasil, Parada de Lucas, Rio de Janeiro - RJ, Brasil",Sudeste,Rio de Janeiro,Rio de Janeiro,PARADA DE LUCAS,,,-22.8184513000,-43.3080379000,"08/08/2018, 19:15:00",false,false,,Não identificado,,,false,0,0,0,0,0,0,0,0,0,0,0,0,0,0
17860,"R. Bérgamo - Rocha, Rio de Janeiro - RJ, 20911-170, Brasil",Sudeste,Rio de Janeiro,Rio de Janeiro,ROCHA,,BAIRRO CARIOCA (TRIAGEM),-22.8936373000,-43.2474624000,"08/08/2018, 20:00:00",false,false,,Ataque a civis,,,false,0,2,0,0,0,0,0,0,0,0,0,0,0,0
17799,"R. São Miguel, Tijuca, Rio de Janeiro - RJ, Brasil",Sudeste,Rio de Janeiro,Rio de Janeiro,TIJUCA,,MORRO DO BOREL,-22.9395041000,-43.2515359000,"08/08/2018, 20:43:00",false,false,,Não identificado,,,false,0,0,0,0,0,0,0,0,0,0,0,0,0,0
17800,"Acari, Rio de Janeiro - RJ, Brasil",Sudeste,Rio de Janeiro,Rio de Janeiro,ACARI,,,-22.8255312000,-43.3444600000,"08/08/2018, 20:55:00",false,false,,Não identificado,,,false,0,0,0,0,0,0,0,0,0,0,0,0,0,0
17801,"Morro dos Macacos, Vila Isabel, Rio de Janeiro - RJ, Brasil",Sudeste,Rio de Janeiro,Rio de Janeiro,SAMPAIO,,MORRO DOS MACACOS,-22.9100000000,-43.2575000000,"08/08/2018, 21:05:00",false,false,,Tiros a esmo,,,false,0,0,0,0,0,0,0,0,0,0,0,0,0,0
17802,"Engenho Novo, Rio de Janeiro - RJ, 20950-370, Brasil",Sudeste,Rio de Janeiro,Rio de Janeiro,ENGENHO NOVO,,,-22.9078627000,-43.2659281000,"08/08/2018, 21:10:00",false,false,,Não identificado,,,false,0,0,0,0,0,0,0,0,0,0,0,0,0,0
17819,"Av. das Américas, 1500 - Recreio dos Bandeirantes, Rio de Janeiro - RJ, 22790-303, Brasil",Sudeste,Rio de Janeiro,Rio de Janeiro,RECREIO DOS BANDEIRANTES,,,-23.0094860000,-43.4530160000,"08/08/2018, 22:30:00",false,false,,Ataque a civis,,,false,0,0,0,0,0,0,0,0,0,0,0,0,0,0
17808,"Cidade de Deus, Rio de Janeiro - RJ, Brasil",Sudeste,Rio de Janeiro,Rio de Janeiro,CIDADE DE DEUS,,CIDADE DE DEUS,-22.9481688000,-43.3626721000,"08/08/2018, 22:31:00",true,true,PM,Ação policial,,,false,0,0,0,0,0,0,0,0,0,0,0,0,0,0
17816,"Morro dos Macacos - Vila Isabel, Rio de Janeiro - RJ, Brasil",Sudeste,Rio de Janeiro,Rio de Janeiro,VILA ISABEL,,MORRO DOS MACACOS,-22.9167328000,-43.2508337000,"09/08/2018, 03:10:00",true,true,N�o identificado,Operação policial,,,false,0,0,0,0,0,0,0,0,0,0,0,0,0,0
17811,"Zâmbia e Marrocos - Bangu, Rio de Janeiro - RJ, 21850-680, Brasil",Sudeste,Rio de Janeiro,Rio de Janeiro,VILA KENNEDY,,VILA KENNEDY,-22.8596421000,-43.4916354000,"09/08/2018, 03:50:00",false,false,,Não identificado,,,false,0,0,0,0,0,0,0,0,0,0,0,0,0,0
17812,"Vila Vintém - Padre Miguel, Rio de Janeiro - RJ, 21721-021, Brasil",Sudeste,Rio de Janeiro,Rio de Janeiro,PADRE MIGUEL,,VILA VINTEM,-22.8709633000,-43.4426703000,"09/08/2018, 04:01:00",true,true,PM,Ação policial,,,false,0,2,0,0,0,0,0,0,0,0,0,0,0,0
17815,"Morro da Providencia - Gambôa, Rio de Janeiro - RJ, 20221-310, Brasil",Sudeste,Rio de Janeiro,Rio de Janeiro,GAMBOA,,MORRO DA PROVIDENCIA,-22.9002778000,-43.1952778000,"09/08/2018, 04:32:00",false,false,,Não identificado,,,false,0,0,0,0,0,0,0,0,0,0,0,0,0,0
17820,"Morro dos Macacos - Vila Isabel, Rio de Janeiro - RJ, Brasil",Sudeste,Rio de Janeiro,Rio de Janeiro,VILA ISABEL,,MORRO DOS MACACOS,-22.9167328000,-43.2508337000,"09/08/2018, 07:52:00",true,true,N�o identificado,Ação policial,,,false,0,0,0,0,0,0,0,0,0,0,0,0,0,0
17822,"Morro da Coroa - Catumbi, Rio de Janeiro - RJ, Brasil",Sudeste,Rio de Janeiro,Rio de Janeiro,CATUMBI,,MORRO DA COROA,-22.9187133000,-43.1978399000,"09/08/2018, 08:20:00",false,false,,Não identificado,,,false,0,0,0,0,0,0,0,0,0,0,0,0,0,0
17826,"Irajá, Rio de Janeiro - RJ, 20765-630, Brasil",Sudeste,Rio de Janeiro,Rio de Janeiro,IRAJA,,,-22.8481724000,-43.3230527000,"09/08/2018, 11:20:00",false,false,,Não identificado,,,false,0,0,0,0,0,0,0,0,0,0,0,0,0,0
17828,"R. Matupiri - Benfica, Rio de Janeiro - RJ, 20911-380, Brasil",Sudeste,Rio de Janeiro,Rio de Janeiro,BENFICA,,PARQUE ARARA,-22.8893220000,-43.2433470000,"09/08/2018, 12:30:00",false,false,,Não identificado,,,false,0,0,0,0,0,0,0,0,0,0,0,0,0,0
17832,"Campo do Barrão, Vila Kennedy, Rio de Janeiro - RJ, 21850-180, Brasil",Sudeste,Rio de Janeiro,Rio de Janeiro,VILA KENNEDY,,VILA KENNEDY,-22.8597738000,-43.4877778000,"09/08/2018, 14:20:00",false,false,,Não identificado,,,false,0,0,0,0,0,0,0,0,0,0,0,0,0,0
17833,"Rua 2 - Rocinha, Rio de Janeiro - RJ, 22451-570, Brasil",Sudeste,Rio de Janeiro,Rio de Janeiro,ROCINHA,,ROCINHA,-22.9886460000,-43.2454193000,"09/08/2018, 15:05:00",false,false,,Não identificado,,,false,0,0,0,0,0,0,0,0,0,0,0,0,0,0
17841,"Sapo, Vila Kennedy , Rio de Janeiro - RJ, 21853-550, Brasil",Sudeste,Rio de Janeiro,Rio de Janeiro,VILA KENNEDY,,VILA KENNEDY,-22.8546975000,-43.4956301000,"09/08/2018, 18:02:00",false,false,,Não identificado,,,false,0,0,0,0,0,0,0,0,0,0,0,0,0,0
17843,"R. Barão do Bananal, Rio de Janeiro - RJ, Brasil",Sudeste,Rio de Janeiro,Rio de Janeiro,CASCADURA,,,-22.8787531000,-43.3195308000,"09/08/2018, 18:15:00",false,false,,Não identificado,,,false,0,0,0,0,0,0,0,0,0,0,0,0,0,0
17845,"Encantado, Rio de Janeiro - RJ, Brasil",Sudeste,Rio de Janeiro,Rio de Janeiro,ENCANTADO,,,-22.8959587000,-43.3021819000,"09/08/2018, 19:18:00",false,false,,Não identificado,,,false,0,0,0,0,0,0,0,0,0,0,0,0,0,0
17847,"Vila da Penha, Rio de Janeiro - RJ, Brasil",Sudeste,Rio de Janeiro,Rio de Janeiro,VILA DA PENHA,,,-22.8440802000,-43.3094623000,"09/08/2018, 20:45:00",false,false,,Não identificado,,,false,0,0,0,0,0,0,0,0,0,0,0,0,0,0
17850,"R. Pompílio de Albuquerque - Encantado, Rio de Janeiro - RJ, Brasil",Sudeste,Rio de Janeiro,Rio de Janeiro,ENCANTADO,,FAVELA BECO DO VITORINO,-22.9005513000,-43.3036395000,"09/08/2018, 21:39:00",false,false,,Não identificado,,,false,0,0,0,0,0,0,0,0,0,0,0,0,0,0
17859,"R. Barão da Torre - Ipanema, Rio de Janeiro - RJ, Brasil",Sudeste,Rio de Janeiro,Rio de Janeiro,IPANEMA,,,-22.9831306000,-43.2054831000,"09/08/2018, 23:00:00",false,false,,Homicidio/Tentativa,,,false,1,0,0,0,0,0,0,0,0,0,0,0,0,0
17853,"Maré, Rio de Janeiro - RJ, Brasil",Sudeste,Rio de Janeiro,Rio de Janeiro,MARE,,COMPLEXO DA MARE,-22.8574971000,-43.2430137000,"09/08/2018, 23:15:00",false,false,,Não identificado,,,false,0,0,0,0,0,0,0,0,0,0,0,0,0,0
17871,"Antares - Santa Cruz, Rio de Janeiro - RJ, Brasil",Sudeste,Rio de Janeiro,Rio de Janeiro,SANTA CRUZ,,FAVELA DE ANTARES,-22.9217436000,-43.6637652000,"10/08/2018, 00:00:00",false,false,,Não identificado,,,false,0,0,0,0,0,0,0,0,0,0,0,0,0,0
17852,"Congo - Vila Kennedy - Bangu, Rio de Janeiro - RJ, 21850-007, Brasil",Sudeste,Rio de Janeiro,Rio de Janeiro,VILA KENNEDY,,VILA KENNEDY,-22.8604006000,-43.4884116000,"10/08/2018, 04:12:00",false,false,,Não identificado,,,false,0,0,0,0,0,0,0,0,0,0,0,0,0,0
17857,"99 - Rocinha, Rio de Janeiro - RJ, Brasil",Sudeste,Rio de Janeiro,Rio de Janeiro,ROCINHA,,ROCINHA,-22.9879841000,-43.2479825000,"10/08/2018, 06:05:00",false,false,,Não identificado,,,false,0,0,0,0,0,0,0,0,0,0,0,0,0,0
17863,"R. Canal Limite, 40 - Maré, Rio de Janeiro - RJ, 21043-230, Brasil",Sudeste,Rio de Janeiro,Rio de Janeiro,MARE,,BAIXA DO SAPATEIRO (COMPLEXO DA MARE),-22.8605340000,-43.2406800000,"10/08/2018, 07:33:00",false,false,,Não identificado,,,false,0,0,0,0,0,0,0,0,0,0,0,0,0,0
17866,"Morro do Urubu - Cavalcanti, Rio de Janeiro - RJ, Brasil",Sudeste,Rio de Janeiro,Rio de Janeiro,CAVALCANTI,,MORRO DO URUBU (COMPLEXO DO URUBU),-22.8730410000,-43.3134763000,"10/08/2018, 08:21:00",false,false,,Não identificado,,,false,0,0,0,0,0,0,0,0,0,0,0,0,0,0
17867,"Av. João Ribeiro, Tomás Coelho, Rio de Janeiro - RJ, Brasil",Sudeste,Rio de Janeiro,Rio de Janeiro,TOMAS COELHO,,FAVELA BRACO DE JUDAS,-22.8684461000,-43.3045372000,"10/08/2018, 08:50:00",false,false,,Não identificado,,,false,0,0,0,0,0,0,0,0,0,0,0,0,0,0
17869,"Baixa do Sapateiro, Maré, Rio de Janeiro - RJ, Brasil",Sudeste,Rio de Janeiro,Rio de Janeiro,MARE,,BAIXA DO SAPATEIRO (COMPLEXO DA MARE),-22.8694675000,-43.2414579000,"10/08/2018, 09:00:00",false,false,,Não identificado,,,false,0,0,0,0,0,0,0,0,0,0,0,0,0,0
17872,"Estrada do Itararé, Complexo do Alemão, Rio de Janeiro - RJ, Brasil",Sudeste,Rio de Janeiro,Rio de Janeiro,COMPLEXO DO ALEMAO,,ESTRADA DO ITARARE (COMPLEXO DO ALEMAO),-22.8660157000,-43.2689779000,"10/08/2018, 12:46:00",true,true,N�o identificado,Ação policial,,,false,0,3,0,0,0,0,0,0,0,0,0,0,0,0
17873,"Manguinhos, Rio de Janeiro - RJ, Brasil",Sudeste,Rio de Janeiro,Rio de Janeiro,MANGUINHOS,,MANGUINHOS (COMPLEXO DE MANGUINHOS),-22.8729831000,-43.2530504000,"10/08/2018, 13:35:00",false,false,,Não identificado,,,false,0,0,0,0,0,0,0,0,0,0,0,0,0,0
17875,"Morro Santa Marta, Botafogo, Rio de Janeiro - RJ, Brasil",Sudeste,Rio de Janeiro,Rio de Janeiro,BOTAFOGO,,SANTA MARTA,-22.9483710000,-43.1935330000,"10/08/2018, 14:49:00",false,false,,Não identificado,,,false,0,0,0,0,0,0,0,0,0,0,0,0,0,0
17879,"Av. dos Democráticos, 12 - Manguinhos, Rio de Janeiro - RJ, Brasil",Sudeste,Rio de Janeiro,Rio de Janeiro,MANGUINHOS,,MANGUINHOS (COMPLEXO DE MANGUINHOS),-22.8819147000,-43.2534153000,"10/08/2018, 15:51:00",false,false,,Não identificado,,,false,0,0,0,0,0,0,0,0,0,0,0,0,0,0
17880,"Palmeirinha - Guadalupe, Rio de Janeiro - RJ, Brasil",Sudeste,Rio de Janeiro,Rio de Janeiro,GUADALUPE,,FAVELA DA PALMEIRINHA,-22.8473673000,-43.3680729000,"10/08/2018, 16:18:00",false,false,,Não identificado,,,false,0,1,0,0,0,0,0,0,0,0,0,0,0,0
17882,"Valão - Rocinha, Rio de Janeiro - RJ, 22451-262, Brasil",Sudeste,Rio de Janeiro,Rio de Janeiro,ROCINHA,,ROCINHA,-22.9917736000,-43.2503611000,"10/08/2018, 16:52:00",false,false,,Não identificado,,,false,0,0,0,0,0,0,0,0,0,0,0,0,0,0
17884,"Quitanda - Costa Barros, Rio de Janeiro - RJ, 21532-050, Brasil",Sudeste,Rio de Janeiro,Rio de Janeiro,COSTA BARROS,,MORRO DA QUITANDA (COMPLEXO DA PEDREIRA),-22.8195030000,-43.3668940000,"10/08/2018, 17:10:00",true,true,N�o identificado,Ação policial,,,false,0,0,0,0,0,0,0,0,0,0,0,0,0,0
17883,"Morro da Formiga - Tijuca, Rio de Janeiro - RJ, 20530-160, Brasil",Sudeste,Rio de Janeiro,Rio de Janeiro,TIJUCA,,MORRO DA FORMIGA,-22.9414750000,-43.2424794000,"10/08/2018, 17:12:00",false,false,,Não identificado,,,false,0,0,0,0,0,0,0,0,0,0,0,0,0,0
17887,"Estr. Meringuava - Taquara, Rio de Janeiro - RJ, Brasil",Sudeste,Rio de Janeiro,Rio de Janeiro,TAQUARA,,,-22.9150644000,-43.3849499000,"10/08/2018, 18:32:00",true,true,N�o identificado,Ação policial,,Perseguição,false,1,1,0,0,0,0,0,0,0,0,0,0,0,0
17897,"Morro dos Macacos, Vila isabel, Rio de Janeiro - RJ, Brasil",Sudeste,Rio de Janeiro,Rio de Janeiro,SAMPAIO,,MORRO DOS MACACOS,-22.9100000000,-43.2575000000,"10/08/2018, 18:32:00",false,false,,Não identificado,,,false,0,0,0,0,0,0,0,0,0,0,0,0,0,0
17898,"Vila Aliança, Bangu, Rio de Janeiro - RJ, Brasil",Sudeste,Rio de Janeiro,Rio de Janeiro,BANGU,,VILA ALIANCA,-22.8704475000,-43.4777208000,"10/08/2018, 23:22:00",false,false,,Não identificado,,,false,0,0,0,0,0,0,0,0,0,0,0,0,0,0
17899,"Morro dos Macacos, Vila Isabel, Rio de Janeiro - RJ - Brasil",Sudeste,Rio de Janeiro,Rio de Janeiro,SAMPAIO,,MORRO DOS MACACOS,-22.9100000000,-43.2575000000,"11/08/2018, 02:58:00",true,true,PM,Operação policial,,,false,0,0,0,2,0,0,0,0,0,0,0,0,0,0
17901,"Morro do Adeus, Complexo do Alemão, Rio de Janeiro - RJ, Brasil",Sudeste,Rio de Janeiro,Rio de Janeiro,COMPLEXO DO ALEMAO,,MORRO DO ADEUS (COMPLEXO DO ALEMAO),-22.8654866000,-43.2619815000,"11/08/2018, 03:19:00",false,false,,Não identificado,,,false,0,0,0,0,0,0,0,0,0,0,0,0,0,0
17908,"Valão, Rocinha",Sudeste,Rio de Janeiro,Rio de Janeiro,ROCINHA,,ROCINHA,-22.9917736000,-43.2503611000,"11/08/2018, 04:04:00",false,false,,Não identificado,,,false,0,0,0,0,0,0,0,0,0,0,0,0,0,0
17903,"Morro dos Macacos, Vila Isabel, Rio de Janeiro - RJ, Brasil",Sudeste,Rio de Janeiro,Rio de Janeiro,SAMPAIO,,MORRO DOS MACACOS,-22.9100000000,-43.2575000000,"11/08/2018, 04:20:00",false,false,,Não identificado,,,false,0,0,0,0,0,0,0,0,0,0,0,0,0,0
17910,"R. Daome - Bangu, Rio de Janeiro - RJ, 21850-007, Brasil",Sudeste,Rio de Janeiro,Rio de Janeiro,VILA KENNEDY,,VILA KENNEDY,-22.8594285000,-43.4929784000,"11/08/2018, 06:51:00",false,false,,Não identificado,,,false,0,0,0,0,0,0,0,0,0,0,0,0,0,0
17913,"R. Congo - Vila Kennedy, Rio de Janeiro - RJ, 21852-580, Brasil",Sudeste,Rio de Janeiro,Rio de Janeiro,VILA KENNEDY,,VILA KENNEDY,-22.8621958000,-43.4914535000,"11/08/2018, 08:00:00",false,false,,Não identificado,,,false,0,0,0,0,0,0,0,0,0,0,0,0,0,0
17923,"Antares - Santa Cruz, Rio de Janeiro - RJ, Brasil",Sudeste,Rio de Janeiro,Rio de Janeiro,SANTA CRUZ,,FAVELA DE ANTARES,-22.9228671000,-43.6737900000,"11/08/2018, 13:19:00",false,false,,Não identificado,,,false,0,0,0,0,0,0,0,0,0,0,0,0,0,0
17950,"Estr. do Lameirão - Santíssimo, Rio de Janeiro - RJ, Brasil",Sudeste,Rio de Janeiro,Rio de Janeiro,SANTISSIMO,,,-22.8734656000,-43.5273188000,"11/08/2018, 13:19:00",false,false,,Não identificado,,,false,0,0,0,0,0,0,0,0,0,0,0,0,0,0
17930,"R. Alcobaça - Anchieta, Rio de Janeiro - RJ, Brasil",Sudeste,Rio de Janeiro,Rio de Janeiro,ANCHIETA,,COMPLEXO DO CHAPADAO,-22.8203222000,-43.3925882000,"11/08/2018, 15:25:00",false,false,,Não identificado,,,false,0,0,0,0,0,0,0,0,0,0,0,0,0,0
17931,"Malvinas, Vila Kennedy - Bangu, Rio de Janeiro - RJ, 21850-007, Brasil",Sudeste,Rio de Janeiro,Rio de Janeiro,VILA KENNEDY,,VILA KENNEDY,-22.8589420000,-43.4870980000,"11/08/2018, 16:06:00",false,false,,Não identificado,,,false,0,0,0,0,0,0,0,0,0,0,0,0,0,0
17936,"Favela do Rola - Santa Cruz, Rio de Janeiro - RJ, 23510-500, Brasil",Sudeste,Rio de Janeiro,Rio de Janeiro,SANTA CRUZ,,FAVELA DO ROLA 1 (COMPLEXO DO RODO),-22.9266642000,-43.6705888000,"11/08/2018, 16:26:00",false,false,,Disputa,,,false,0,0,0,0,0,0,0,0,0,0,0,0,0,0
17934,"Morro do Juramento - Vicente de Carvalho, Rio de Janeiro - RJ, Brasil",Sudeste,Rio de Janeiro,Rio de Janeiro,VICENTE DE CARVALHO,,MORRO DO JURAMENTO (COMPLEXO DO JURAMENTO),-22.8583870000,-43.3150893000,"11/08/2018, 16:43:00",false,false,,Não identificado,,,false,0,0,0,0,0,0,0,0,0,0,0,0,0,0
17935,"15 - Cidade de Deus, Rio de Janeiro - RJ, 22773-270, Brasil",Sudeste,Rio de Janeiro,Rio de Janeiro,CIDADE DE DEUS,,CIDADE DE DEUS,-22.9459209000,-43.3656970000,"11/08/2018, 17:04:00",false,false,,Não identificado,,,false,0,0,0,0,0,0,0,0,0,0,0,0,0,0
17938,"Vila Sapê  - Jacarepagua, Rio de Janeiro - RJ, 22775-400, Brasil",Sudeste,Rio de Janeiro,Rio de Janeiro,JACAREPAGUA,,FAVELA VILA SAPE,-22.9504790000,-43.3763970000,"11/08/2018, 18:53:00",false,false,,Não identificado,,,false,0,0,0,0,0,0,0,0,0,0,0,0,0,0
17946,"Estr. Mal. Alencastro,  Deodoro, Rio de Janeiro - RJ, Brasil",Sudeste,Rio de Janeiro,Rio de Janeiro,DEODORO,,,-22.8454774000,-43.3967874000,"11/08/2018, 19:14:00",false,false,,Não identificado,,,false,0,0,0,0,0,0,0,0,0,0,0,0,0,0
17939,"Rodo - Santa Cruz, Rio de Janeiro - RJ, 23590-160, Brasil",Sudeste,Rio de Janeiro,Rio de Janeiro,SANTA CRUZ,,COMPLEXO DO RODO,-22.9275510000,-43.6654130000,"11/08/2018, 19:15:00",false,false,,Não identificado,,,false,0,0,0,0,0,0,0,0,0,0,0,0,0,0
17943,"Sapo de Camará - Senador Camará, Rio de Janeiro - RJ, Brasil",Sudeste,Rio de Janeiro,Rio de Janeiro,SENADOR CAMARA,,FAVELA DO SAPO DE CAMARA (COMPLEXO DO SAPO DE CAMARA),-22.8842331000,-43.4880234000,"11/08/2018, 20:50:00",false,false,,Não identificado,,,false,0,0,0,0,0,0,0,0,0,0,0,0,0,0
17940,"São Francisco Xavier, Rio de Janeiro - RJ, Brasil",Sudeste,Rio de Janeiro,Rio de Janeiro,SAO FRANCISCO XAVIER,,,-22.9043747000,-43.2436871000,"11/08/2018, 20:57:00",false,false,,Não identificado,,,false,0,0,0,0,0,0,0,0,0,0,0,0,0,0
17955,"Morro da Caixa D'Água - Tanque, Rio de Janeiro - RJ, Brasil",Sudeste,Rio de Janeiro,Rio de Janeiro,TANQUE,,MORRO DA CAIXA D'AGUA (TANQUE),-22.9157208000,-43.3610832000,"12/08/2018, 00:12:00",false,false,,Não identificado,,,false,0,0,0,0,0,0,0,0,0,0,0,0,0,0
17947,"Morro do Adeus, Complexo do Alemão, Rio de Janeiro - RJ, Brasil",Sudeste,Rio de Janeiro,Rio de Janeiro,COMPLEXO DO ALEMAO,,MORRO DO ADEUS (COMPLEXO DO ALEMAO),-22.8654866000,-43.2619815000,"12/08/2018, 01:55:00",true,true,UPP (Complexo do Alem�o),Ação policial,,,false,0,0,0,0,0,0,0,0,0,0,0,0,0,0
17944,"Rodo, Santa Cruz, Rio de Janeiro - RJ, Brasil",Sudeste,Rio de Janeiro,Rio de Janeiro,SANTA CRUZ,,COMPLEXO DO RODO,-22.9266820000,-43.6650670000,"12/08/2018, 01:56:00",false,false,,Não identificado,,,false,0,0,0,0,0,0,0,0,0,0,0,0,0,0
17945,"Viaduto São Cosme - Ramos, Rio de Janeiro - RJ, Brasil",Sudeste,Rio de Janeiro,Rio de Janeiro,RAMOS,,,-22.8527739000,-43.2620888000,"12/08/2018, 02:01:00",false,false,,Não identificado,,,false,0,0,0,0,0,0,0,0,0,0,0,0,0,0
17952,"Palmeirinha, Guadalupe, Rio de Janeiro - RJ, Brasil",Sudeste,Rio de Janeiro,Rio de Janeiro,GUADALUPE,,FAVELA DA PALMEIRINHA,-22.8481102000,-43.3697275000,"12/08/2018, 05:44:00",false,false,,Não identificado,,,false,0,0,0,0,0,0,0,0,0,0,0,0,0,0
17953,"Morro do Borel, Tijuca, Rio de Janeiro - RJ, Brasil",Sudeste,Rio de Janeiro,Rio de Janeiro,TIJUCA,,MORRO DO BOREL,-22.9395041000,-43.2515359000,"12/08/2018, 06:38:00",false,false,,Não identificado,,,false,0,0,0,0,0,0,0,0,0,0,0,0,0,0
17954,"Túnel Noel Rosa, Vila Isabel, Rio de Janeiro - RJ, Brasil",Sudeste,Rio de Janeiro,Rio de Janeiro,VILA ISABEL,,MORRO DOS MACACOS,-22.9141449000,-43.2517353000,"12/08/2018, 06:45:00",false,false,,Não identificado,,,false,0,0,0,0,0,0,0,0,0,0,0,0,0,0
17956,"Rodo, Santa Cruz, Rio de Janeiro - RJ, Brasil",Sudeste,Rio de Janeiro,Rio de Janeiro,SANTA CRUZ,,COMPLEXO DO RODO,-22.9266055000,-43.6653359000,"12/08/2018, 07:36:00",false,false,,Não identificado,,,false,0,0,0,0,0,0,0,0,0,0,0,0,0,0
17958,"Morro dos Macacos - Vila Isabel, Rio de Janeiro - RJ, 20551-230, Brasil",Sudeste,Rio de Janeiro,Rio de Janeiro,VILA ISABEL,,MORRO DOS MACACOS,-22.9134470000,-43.2511510000,"12/08/2018, 10:23:00",true,true,N�o identificado,Ação policial,,,false,0,0,0,0,0,0,0,0,0,0,0,0,0,0
17960,"Av. Cesário de Melo - Santa Cruz, Rio de Janeiro - RJ, 23595-040, Brasil",Sudeste,Rio de Janeiro,Rio de Janeiro,SANTA CRUZ,,FAVELA DO ROLA 2 (COMPLEXO DO RODO),-22.9268750000,-43.6515119000,"12/08/2018, 11:20:00",false,false,,Não identificado,,Tiroteio contínuo,false,0,0,0,0,0,0,0,0,0,0,0,0,0,0
17961,"Congo, Vila Kennedy, Rio de Janeiro - RJ, 21852-580, Brasil",Sudeste,Rio de Janeiro,Rio de Janeiro,VILA KENNEDY,,VILA KENNEDY,-22.8621958000,-43.4914535000,"12/08/2018, 11:40:00",false,false,,Não identificado,,,false,0,0,0,0,0,0,0,0,0,0,0,0,0,0
17969,"Estr. de Urucânia, 1481 - Paciência, Rio de Janeiro - RJ, 23580-140, Brasil",Sudeste,Rio de Janeiro,Rio de Janeiro,PACIENCIA,,CONJUNTO MAESTRO OLIMPIO DOS SANTOS (OU URUCANIA),-22.9186593000,-43.6495243000,"12/08/2018, 12:00:00",false,false,,Disputa,,,false,0,1,0,0,0,0,0,0,0,0,0,1,0,0
17963,"Av. Cesário de Melo - Santa Cruz, Rio de Janeiro - RJ, 23595-040, Brasil",Sudeste,Rio de Janeiro,Rio de Janeiro,SANTA CRUZ,,FAVELA DO ROLA 2 (COMPLEXO DO RODO),-22.9268750000,-43.6515119000,"12/08/2018, 12:40:00",false,false,,Não identificado,,,false,0,0,0,0,0,0,0,0,0,0,0,0,0,0
17964,"Rodo, Santa Cruz, Rio de Janeiro - RJ, Brasil",Sudeste,Rio de Janeiro,Rio de Janeiro,SANTA CRUZ,,COMPLEXO DO RODO,-22.9269815000,-43.6650056000,"12/08/2018, 13:51:00",false,false,,Não identificado,,,false,0,0,0,0,0,0,0,0,0,0,0,0,0,0
17967,"Complexo do Rodo - Santa Cruz, Rio de Janeiro - RJ, 23591-590, Brasil",Sudeste,Rio de Janeiro,Rio de Janeiro,SANTA CRUZ,,COMPLEXO DO RODO,-22.9289269000,-43.6657842000,"12/08/2018, 15:30:00",false,false,,Disputa,,Tiroteio contínuo,false,0,0,0,0,0,0,0,0,0,0,0,0,0,0
17968,"Rodo - Santa Cruz, Rio de Janeiro - RJ, 23591-290, Brasil",Sudeste,Rio de Janeiro,Rio de Janeiro,SANTA CRUZ,,COMPLEXO DO RODO,-22.9264720000,-43.6649440000,"12/08/2018, 16:30:00",false,false,,Não identificado,,,false,0,0,0,0,0,0,0,0,0,0,0,0,0,0
17971,"Rodo - Santa Cruz, Rio de Janeiro - RJ, 23591-290, Brasil",Sudeste,Rio de Janeiro,Rio de Janeiro,SANTA CRUZ,,COMPLEXO DO RODO,-22.9263050000,-43.6650470000,"12/08/2018, 17:30:00",false,false,,Não identificado,,,false,0,0,0,0,0,0,0,0,0,0,0,0,0,0
17970,"R. Azevedo Lima - Rio Comprido, Rio de Janeiro - RJ, Brasil",Sudeste,Rio de Janeiro,Rio de Janeiro,RIO COMPRIDO,,MORRO DO SAO CARLOS (COMPLEXO DO SAO CARLOS),-22.9223808000,-43.2056381000,"12/08/2018, 17:45:00",false,false,,Não identificado,,,false,0,0,0,0,0,0,0,0,0,0,0,0,0,0
17974,"R. Lã Paz - Tres Pontes, Rio de Janeiro - RJ, Brasil",Sudeste,Rio de Janeiro,Rio de Janeiro,SANTA CRUZ,,FAVELA TRES PONTES,-22.9237417000,-43.6476324000,"12/08/2018, 18:41:00",false,false,,Não identificado,,,false,0,0,0,0,0,0,0,0,0,0,0,0,0,0
17975,"Morro do Juramento - Vicente de Carvalho, Rio de Janeiro - RJ, Brasil",Sudeste,Rio de Janeiro,Rio de Janeiro,VICENTE DE CARVALHO,,MORRO DO JURAMENTO (COMPLEXO DO JURAMENTO),-22.8583870000,-43.3150893000,"12/08/2018, 19:08:00",false,false,,Não identificado,,,false,0,0,0,0,0,0,0,0,0,0,0,0,0,0
17980,"Santa Cruz, Rio de Janeiro - RJ, Brasil",Sudeste,Rio de Janeiro,Rio de Janeiro,SANTA CRUZ,,,-22.9196515000,-43.6843877000,"12/08/2018, 20:18:00",false,false,,Não identificado,,,false,0,0,0,0,0,0,0,0,0,0,0,0,0,0
17981,"Favela do Batan - Realengo, Rio de Janeiro - RJ, 21730-450, Brasil",Sudeste,Rio de Janeiro,Rio de Janeiro,REALENGO,,BATAN,-22.8617657000,-43.4282805000,"12/08/2018, 20:49:00",false,false,,Não identificado,,,false,0,0,0,0,0,0,0,0,0,0,0,0,0,0
17982,"R. Coração de Maria - Cachambi, Rio de Janeiro - RJ, 20775-050, Brasil",Sudeste,Rio de Janeiro,Rio de Janeiro,CACHAMBI,,,-22.8912027000,-43.2742424000,"12/08/2018, 20:58:00",false,false,,Não identificado,,,false,0,0,0,0,0,0,0,0,0,0,0,0,0,0
17996,"Largo do Machado, Catete, Rio de Janeiro - RJ, Brasil",Sudeste,Rio de Janeiro,Rio de Janeiro,CATETE,,,-22.9309219000,-43.1782692000,"13/08/2018, 00:00:00",false,false,,Não identificado,,,false,0,0,0,0,0,0,0,0,0,0,0,0,0,0
17998,"Comunidade Palmeirinha - Honório Gurgel, Rio de Janeiro - RJ, Brasil",Sudeste,Rio de Janeiro,Rio de Janeiro,MARECHAL HERMES,,FAVELA DA PALMEIRINHA,-22.8487101000,-43.3644469000,"13/08/2018, 02:00:00",false,false,,Não identificado,,,false,0,0,0,0,0,0,0,0,0,0,0,0,0,0
17984,"Lins de Vasconcelos, Rio de Janeiro - RJ, Brasil",Sudeste,Rio de Janeiro,Rio de Janeiro,LINS DE VASCONCELOS,,,-22.9128703000,-43.2845545000,"13/08/2018, 02:27:00",false,false,,Não identificado,,,false,0,0,0,0,0,0,0,0,0,0,0,0,0,0
17985,"15, Cidade de Deus, Rio de Janeiro - RJ, Brasil",Sudeste,Rio de Janeiro,Rio de Janeiro,CIDADE DE DEUS,,CIDADE DE DEUS,-22.9456073000,-43.3654448000,"13/08/2018, 03:02:00",false,false,,Não identificado,,,false,0,0,0,0,0,0,0,0,0,0,0,0,0,0
17986,"R. Congo - Bangu, Rio de Janeiro - RJ, Brasil",Sudeste,Rio de Janeiro,Rio de Janeiro,VILA KENNEDY,,VILA KENNEDY,-22.8621466000,-43.4907856000,"13/08/2018, 04:07:00",false,false,,Não identificado,,,false,0,0,0,0,0,0,0,0,0,0,0,0,0,0
18000,"Morro Santa Marta - Botafogo, Rio de Janeiro - RJ, 22260-140, Brasil",Sudeste,Rio de Janeiro,Rio de Janeiro,BOTAFOGO,,SANTA MARTA,-22.9484851000,-43.1935999000,"13/08/2018, 12:30:00",false,false,,Não identificado,,,false,0,0,0,0,0,0,0,0,0,0,0,0,0,0
18001,"R. Leopoldo Bulhões, Manguinhos, Rio de Janeiro - RJ, Brasil",Sudeste,Rio de Janeiro,Rio de Janeiro,MANGUINHOS,,MANGUINHOS (COMPLEXO DE MANGUINHOS),-22.8785144000,-43.2509865000,"13/08/2018, 12:45:00",false,false,,Não identificado,,,false,0,0,0,0,0,0,0,0,0,0,0,0,0,0
18010,"Muquiço - Mal. Hermes, Rio de Janeiro - RJ, Brasil",Sudeste,Rio de Janeiro,Rio de Janeiro,MARECHAL HERMES,,FAVELA DO MUQUICO,-22.8599462000,-43.3698377000,"13/08/2018, 16:51:00",false,false,,Não identificado,,,false,0,0,0,0,0,0,0,0,0,0,0,0,0,0
18027,"R. Miguel Ângelo, Rio de Janeiro - RJ, Brasil",Sudeste,Rio de Janeiro,Rio de Janeiro,CACHAMBI,,CONJUNTO IAPC DO CACHAMBI,-22.8901184000,-43.2675101000,"13/08/2018, 17:00:00",true,true,PC,Ação policial,,,false,0,1,0,1,0,0,0,0,0,0,0,0,0,0
18013,"Muquiço - Mal. Hermes, Rio de Janeiro - RJ, Brasil",Sudeste,Rio de Janeiro,Rio de Janeiro,MARECHAL HERMES,,FAVELA DO MUQUICO,-22.8599462000,-43.3698377000,"13/08/2018, 17:51:00",false,false,,Não identificado,,,false,0,0,0,0,0,0,0,0,0,0,0,0,0,0
18019,"Av. Brasil, Rio de Janeiro - RJ, Brasil",Sudeste,Rio de Janeiro,Rio de Janeiro,VILA KENNEDY,,VILA KENNEDY,-22.8557973000,-43.4915896000,"13/08/2018, 18:31:00",false,false,,Não identificado,,,false,0,0,0,0,0,0,0,0,0,0,0,0,0,0
18021,"R. Carvalho Cruz, 16 - Tijuca, Rio de Janeiro - RJ, 20521-330, Brasil",Sudeste,Rio de Janeiro,Rio de Janeiro,TIJUCA,,MORRO DO SALGUEIRO,-22.9295263000,-43.2262719000,"13/08/2018, 19:39:00",false,false,,Não identificado,,,false,0,0,0,0,0,0,0,0,0,0,0,0,0,0
18022,"Largo do Sapê, Picui - Bento Ribeiro, Rio de Janeiro - RJ, Brasil",Sudeste,Rio de Janeiro,Rio de Janeiro,BENTO RIBEIRO,,LOTEAMENTO BENTO RIBEIRO,-22.8668265000,-43.3632680000,"13/08/2018, 20:05:00",false,false,,Não identificado,,,false,0,0,0,0,0,0,0,0,0,0,0,0,0,0
18024,"Morro da Babilônia - Leme, Rio de Janeiro - RJ, 22010-060, Brasil",Sudeste,Rio de Janeiro,Rio de Janeiro,LEME,,BABILONIA,-22.9597702000,-43.1713128000,"14/08/2018, 01:07:00",false,false,,Tiros a esmo,,,false,0,0,0,0,0,0,0,0,0,0,0,0,0,0
18023,"Morro da Coroa - Santa Teresa, Rio de Janeiro - RJ, 20251-190, Brasil",Sudeste,Rio de Janeiro,Rio de Janeiro,SANTA TERESA,,MORRO DA COROA,-22.9225000000,-43.1925000000,"14/08/2018, 02:50:00",true,true,N�o identificado,Operação policial,,Tiroteio contínuo,false,0,0,0,0,0,0,0,0,0,0,0,0,0,0
18025,"R. Congo - Vila Kennedy, Rio de Janeiro - RJ, Brasil",Sudeste,Rio de Janeiro,Rio de Janeiro,VILA KENNEDY,,VILA KENNEDY,-22.8621466000,-43.4907856000,"14/08/2018, 03:19:00",true,true,N�o identificado,Ação policial,,,false,0,0,0,0,0,0,0,0,0,0,0,0,0,0
18029,"Morro da Coroa - Santa Teresa, Rio de Janeiro - RJ, 20240-090, Brazil",Sudeste,Rio de Janeiro,Rio de Janeiro,SANTA TERESA,,MORRO DA COROA,-22.9238890000,-43.1904990000,"14/08/2018, 04:00:00",true,true,N�o identificado,Ação policial,,,false,0,0,0,0,0,0,0,0,0,0,0,0,0,0
18033,"Fallet-Fogueteiro - Santa Teresa, Rio de Janeiro - RJ, 20251-180, Brasil",Sudeste,Rio de Janeiro,Rio de Janeiro,SANTA TERESA,,FALLET/FOGUETEIRO,-22.9259750000,-43.1940957000,"14/08/2018, 04:50:00",true,true,N�o identificado,Ação policial,,,false,1,0,0,0,0,0,0,0,0,0,0,0,0,0
18034,"Vila Progresso, Vila Kennedy, Rio de Janeiro - RJ, 21852-415, Brasil",Sudeste,Rio de Janeiro,Rio de Janeiro,VILA KENNEDY,,VILA KENNEDY,-22.8603873000,-43.4948879000,"14/08/2018, 05:04:00",true,true,N�o identificado,Ação policial,,,false,0,0,0,0,0,0,0,0,0,0,0,0,0,0
18037,"R. 25 de Dezembro, 8 - Vidigal, Rio de Janeiro - RJ, 22452-750, Brasil",Sudeste,Rio de Janeiro,Rio de Janeiro,VIDIGAL,,VIDIGAL,-22.9955770000,-43.2411384000,"14/08/2018, 05:58:00",true,true,N�o identificado,Ação policial,,,false,0,0,0,1,0,0,0,0,0,0,0,0,0,0
18045,"Morro dos Prazeres - Rio Comprido, Rio de Janeiro - RJ, Brasil",Sudeste,Rio de Janeiro,Rio de Janeiro,RIO COMPRIDO,,MORRO DOS PRAZERES,-22.9303678000,-43.2060405000,"14/08/2018, 07:15:00",false,false,,Não identificado,,,false,0,0,0,0,0,0,0,0,0,0,0,0,0,0
18048,"Tangará - Cidade de Deus, Rio de Janeiro - RJ, 22772-510, Brasil",Sudeste,Rio de Janeiro,Rio de Janeiro,CIDADE DE DEUS,,CIDADE DE DEUS,-22.9482550000,-43.3624520000,"14/08/2018, 09:57:00",false,false,,Não identificado,,,false,0,0,0,0,0,0,0,0,0,0,0,0,0,0
18053,"Complexo do Antares - Santa Cruz, Rio de Janeiro - RJ, 23590-801, Brasil",Sudeste,Rio de Janeiro,Rio de Janeiro,SANTA CRUZ,,FAVELA DE ANTARES,-22.9202192000,-43.6585471000,"14/08/2018, 10:00:00",true,true,PM,Ação policial,,,false,1,0,0,0,0,0,0,0,0,0,0,0,0,0
18055,"Morro do Adeus - Complexo do Alemão, Rio de Janeiro - RJ, Brasil",Sudeste,Rio de Janeiro,Rio de Janeiro,COMPLEXO DO ALEMAO,,MORRO DO ADEUS (COMPLEXO DO ALEMAO),-22.8648266000,-43.2613620000,"14/08/2018, 14:57:00",false,false,,Não identificado,,,false,0,0,0,0,0,0,0,0,0,0,0,0,0,0
18062,"Av. Embaixador Abelardo Bueno, 1163 - Barra da Tijuca, Rio de Janeiro - RJ, 22775-040, Brasil",Sudeste,Rio de Janeiro,Rio de Janeiro,BARRA OLIMPICA,,,-22.9735515000,-43.3730910000,"14/08/2018, 16:40:00",false,false,,Tentativa/Roubo,,,false,1,0,0,0,0,0,0,0,0,0,0,0,1,0
18057,"Morro do Juramento - Vicente de Carvalho, Rio de Janeiro - RJ, Brasil",Sudeste,Rio de Janeiro,Rio de Janeiro,VICENTE DE CARVALHO,,MORRO DO JURAMENTO (COMPLEXO DO JURAMENTO),-22.8627778000,-43.3152778000,"14/08/2018, 17:24:00",false,false,,Não identificado,,,false,0,0,0,0,0,0,0,0,0,0,0,0,0,0
18067,"Morro do Fubá - Cascadura, Rio de Janeiro - RJ, Brasil",Sudeste,Rio de Janeiro,Rio de Janeiro,CASCADURA,,MORRO DO FUBA (COMPLEXO DO FUBA),-22.8822363000,-43.3245974000,"14/08/2018, 19:55:00",false,false,,Não identificado,,,false,0,0,0,0,0,0,0,0,0,0,0,0,0,0
18091,"Favela Cinco Bocas, Braz de Pina, Rio de Janeiro - RJ, 21863-570, Brasil",Sudeste,Rio de Janeiro,Rio de Janeiro,BRAS DE PINA,,FAVELA 5 BOCAS (COMPLEXO DE ISRAEL),-22.8213344000,-43.2847664000,"14/08/2018, 21:30:00",false,false,,Ataque a civis,,"Outros,Entrada na Favela por Engano",false,0,1,0,0,0,0,0,0,0,0,0,0,0,0
18070,"R. São Francisco Xavier, Maracanã, Rio de Janeiro - RJ, Brasil",Sudeste,Rio de Janeiro,Rio de Janeiro,MARACANA,,,-22.9158841000,-43.2318395000,"15/08/2018, 00:35:00",false,false,,Não identificado,,,false,0,0,0,0,0,0,0,0,0,0,0,0,0,0
18071,"Morro da Serrinha, Madureira, Rio de Janeiro - RJ, Brasil",Sudeste,Rio de Janeiro,Rio de Janeiro,MADUREIRA,,MORRO DA SERRINHA (COMPLEXO DA SERRINHA),-22.8682750000,-43.3251270000,"15/08/2018, 01:30:00",true,true,PM,Operação policial,,Tiroteio contínuo,false,0,0,0,0,0,0,0,0,0,0,0,0,0,0
18074,"Morro da Serrinha,, Rio de Janeiro - RJ, Brasil",Sudeste,Rio de Janeiro,Rio de Janeiro,VAZ LOBO,,MORRO DA SERRINHA (COMPLEXO DA SERRINHA),-22.8641667000,-43.3238889000,"15/08/2018, 02:30:00",true,true,N�o identificado,Ação policial,,,false,0,0,0,0,0,0,0,0,0,0,0,0,0,0
18072,Pavão Pavãozinho,Sudeste,Rio de Janeiro,Rio de Janeiro,IPANEMA,,MORRO DO PAVAO-PAVAOZINHO,-22.9805210000,-43.1978813000,"15/08/2018, 02:32:00",false,false,,Não identificado,,,false,0,0,0,0,0,0,0,0,0,0,0,0,0,0
18075,"Morro da Serrinha, Rio de Janeiro - RJ, Brasil",Sudeste,Rio de Janeiro,Rio de Janeiro,VAZ LOBO,,MORRO DA SERRINHA (COMPLEXO DA SERRINHA),-22.8641667000,-43.3238889000,"15/08/2018, 03:30:00",true,true,N�o identificado,Ação policial,,,false,0,0,0,0,0,0,0,0,0,0,0,0,0,0
18081,"Chapéu Mangueira - Leme, Rio de Janeiro - RJ, Brasil",Sudeste,Rio de Janeiro,Rio de Janeiro,LEME,,CHAPEU-MANGUEIRA,-22.9597702000,-43.1713128000,"15/08/2018, 03:45:00",true,true,PM,Operação policial,,,false,0,0,0,0,0,0,0,0,0,0,0,0,0,0
18084,"Morro da Serrinha - Váz Lobo, Rio de Janeiro - RJ, Brasil",Sudeste,Rio de Janeiro,Rio de Janeiro,VAZ LOBO,,MORRO DA SERRINHA (COMPLEXO DA SERRINHA),-22.8641667000,-43.3238889000,"15/08/2018, 04:30:00",true,true,N�o identificado,Ação policial,,,false,0,0,0,0,0,0,0,0,0,0,0,0,0,0
18085,"Morro do Urubu, Cavalcanti, Rio de Janeiro - RJ, Brasil",Sudeste,Rio de Janeiro,Rio de Janeiro,CAVALCANTI,,MORRO DO URUBU (COMPLEXO DO URUBU),-22.8728906000,-43.3131506000,"15/08/2018, 07:46:00",false,false,,Não identificado,,,false,0,0,0,0,0,0,0,0,0,0,0,0,0,0
18088,"Santa Marta - Botafogo, Rio de Janeiro - RJ, 22260-182, Brasil",Sudeste,Rio de Janeiro,Rio de Janeiro,BOTAFOGO,,SANTA MARTA,-22.9467172000,-43.1945457000,"15/08/2018, 07:50:00",true,true,PM,Ação policial,,,false,1,0,0,0,0,0,0,0,0,0,0,0,0,0
18092,"R. Jorn. Henrique Cordeiro - Barra da Tijuca, Rio de Janeiro - RJ, Brasil",Sudeste,Rio de Janeiro,Rio de Janeiro,BARRA DA TIJUCA,,,-23.0048971000,-43.3227965000,"15/08/2018, 11:30:00",false,false,,Homicidio/Tentativa,,Feminicídio/tentativa,false,1,0,0,0,0,0,0,0,0,0,0,0,0,0
18094,"Vidigal, Rio de Janeiro - RJ, 22450-242, Brasil",Sudeste,Rio de Janeiro,Rio de Janeiro,VIDIGAL,,VIDIGAL,-22.9938906000,-43.2361445000,"15/08/2018, 13:20:00",false,false,,Não identificado,,,false,0,0,0,0,0,0,0,0,0,0,0,0,0,0
18096,"Barrão, Vila Kennedy, Rio de Janeiro - RJ, 21853-280, Brasil",Sudeste,Rio de Janeiro,Rio de Janeiro,VILA KENNEDY,,VILA KENNEDY,-22.8527983000,-43.4934391000,"15/08/2018, 14:49:00",false,false,,Não identificado,,,false,0,0,0,0,0,0,0,0,0,0,0,0,0,0
18098,"Comunidade da Pedreira - Costa Barros, Rio de Janeiro - RJ, 21515-460, Brasil",Sudeste,Rio de Janeiro,Rio de Janeiro,COSTA BARROS,,MORRO DA PEDREIRA (COMPLEXO DA PEDREIRA),-22.8231076000,-43.3580185000,"15/08/2018, 15:20:00",false,false,,Não identificado,,,false,0,0,0,0,0,0,0,0,0,0,0,0,0,0
18100,"Vila Aliança - Bangu, Rio de Janeiro - RJ, 21842-300, Brasil",Sudeste,Rio de Janeiro,Rio de Janeiro,BANGU,,VILA ALIANCA,-22.8682350000,-43.4786930000,"15/08/2018, 16:24:00",false,false,,Não identificado,,,false,0,0,0,0,0,0,0,0,0,0,0,0,0,0
18102,"Cidade de Deus, Rio de Janeiro - RJ, Brasil",Sudeste,Rio de Janeiro,Rio de Janeiro,CIDADE DE DEUS,,CIDADE DE DEUS,-22.9481688000,-43.3626721000,"15/08/2018, 17:21:00",false,false,,Não identificado,,,false,0,0,0,0,0,0,0,0,0,0,0,0,0,0
18104,"Pavão Pavãozinho - Copacabana, Rio de Janeiro - RJ, 22071-060, Brasil",Sudeste,Rio de Janeiro,Rio de Janeiro,COPACABANA,,MORRO DO PAVAO-PAVAOZINHO,-22.9802325000,-43.1957778000,"15/08/2018, 18:16:00",false,false,,Não identificado,,,false,0,0,0,0,0,0,0,0,0,0,0,0,0,0
18103,"Caju, Rio de Janeiro - RJ, Brasil",Sudeste,Rio de Janeiro,Rio de Janeiro,CAJU,,COMPLEXO DO CAJU,-22.8792069000,-43.2155524000,"15/08/2018, 18:25:00",false,false,,Não identificado,,,false,0,0,0,0,0,0,0,0,0,0,0,0,0,0
18106,"Vila Aliança - Bangu, Rio de Janeiro - RJ, 21842-030, Brasil",Sudeste,Rio de Janeiro,Rio de Janeiro,BANGU,,VILA ALIANCA,-22.8668691000,-43.4773665000,"15/08/2018, 18:36:00",false,false,,Não identificado,,,false,0,0,0,0,0,0,0,0,0,0,0,0,0,0
18113,"Morro do Dezoito - Quintino Bocaiuva, Rio de Janeiro - RJ, Brasil",Sudeste,Rio de Janeiro,Rio de Janeiro,QUINTINO BOCAIUVA,,MORRO DO 18 (COMPLEXO DO 18),-22.8988889000,-43.3219444000,"15/08/2018, 18:46:00",false,false,,Não identificado,,,false,0,0,0,0,0,0,0,0,0,0,0,0,0,0
18108,"Estr. do Portela, 222 - Madureira, Rio de Janeiro - RJ, 21351-050, Brasil",Sudeste,Rio de Janeiro,Rio de Janeiro,MADUREIRA,,,-22.8704850000,-43.3411099000,"15/08/2018, 18:57:00",false,false,,Não identificado,,,false,0,0,0,0,0,0,0,0,0,0,0,0,0,0
18109,"Rua Barão, 30 - Praça Seca, Rio de Janeiro - RJ, 21321-620, Brasil",Sudeste,Rio de Janeiro,Rio de Janeiro,PRACA SECA,,MORRO SAO JOSE OPERARIO (OU MORRO DA BARAO),-22.9033737000,-43.3458969000,"15/08/2018, 19:03:00",false,false,,Não identificado,,,false,0,0,0,0,0,0,0,0,0,0,0,0,0,0
18110,"R. Piraquara - Realengo, Rio de Janeiro - RJ, Brasil",Sudeste,Rio de Janeiro,Rio de Janeiro,REALENGO,,,-22.8839065000,-43.4189660000,"15/08/2018, 19:22:00",false,false,,Não identificado,,,false,0,0,0,0,0,0,0,0,0,0,0,0,0,0
18111,"Fumacê - Realengo, Rio de Janeiro - RJ, Brasil",Sudeste,Rio de Janeiro,Rio de Janeiro,REALENGO,,FUMACE,-22.8673435000,-43.4237291000,"15/08/2018, 19:37:00",false,false,,Não identificado,,,false,0,0,0,0,0,0,0,0,0,0,0,0,0,0
18112,"Morro das Palmeiras - Complexo do Alemão, Rio de Janeiro - RJ, 20766-720, Brasil",Sudeste,Rio de Janeiro,Rio de Janeiro,COMPLEXO DO ALEMAO,,MORRO DAS PALMEIRAS (COMPLEXO DO ALEMAO),-22.8625000000,-43.2816667000,"15/08/2018, 19:43:00",false,false,,Não identificado,,,false,0,0,0,0,0,0,0,0,0,0,0,0,0,0
18114,"Morro da Covanca - Tanque, Rio de Janeiro - RJ, 22735-020, Brasil",Sudeste,Rio de Janeiro,Rio de Janeiro,TANQUE,,MORRO DA COVANCA,-22.9168988000,-43.3438212000,"15/08/2018, 20:12:00",false,false,,Não identificado,,,false,0,0,0,0,0,0,0,0,0,0,0,0,0,0
18120,"Vila Progresso, Vila Kennedy, Rio de Janeiro - RJ, Brasil",Sudeste,Rio de Janeiro,Rio de Janeiro,VILA KENNEDY,,VILA KENNEDY,-22.8603873000,-43.4948879000,"15/08/2018, 22:45:00",false,false,,Não identificado,,,false,0,0,0,0,0,0,0,0,0,0,0,0,0,0
18121,"Jacarezinho, Rio de Janeiro - RJ, Brasil",Sudeste,Rio de Janeiro,Rio de Janeiro,JACAREZINHO,,JACAREZINHO,-22.8875573000,-43.2581953000,"16/08/2018, 02:12:00",false,false,,Não identificado,,,false,0,0,0,0,0,0,0,0,0,0,0,0,0,0
18123,"Av. do Funcionário, Vila Aliança, Rio de Janeiro - RJ, Brasil",Sudeste,Rio de Janeiro,Rio de Janeiro,BANGU,,VILA ALIANCA,-22.8705360000,-43.4797640000,"16/08/2018, 03:20:00",false,false,,Não identificado,,,false,0,0,0,0,0,0,0,0,0,0,0,0,0,0
18124,"Morro Santa Marta, Botafogo",Sudeste,Rio de Janeiro,Rio de Janeiro,BOTAFOGO,,SANTA MARTA,-22.9444444000,-43.1963889000,"16/08/2018, 03:37:00",false,false,,Não identificado,,,false,0,0,0,0,0,0,0,0,0,0,0,0,0,0
18125,"Rua Torres de Oliveira, Morro do 18,  Rio de Janeiro - RJ, Brasil",Sudeste,Rio de Janeiro,Rio de Janeiro,PIEDADE,,MORRO DO 18 (COMPLEXO DO 18),-22.9020305000,-43.3144764000,"16/08/2018, 03:42:00",false,false,,Não identificado,,,false,0,0,0,0,0,0,0,0,0,0,0,0,0,0
18128,"Alameda São Paulo - Acari, Rio de Janeiro - RJ, Brasil",Sudeste,Rio de Janeiro,Rio de Janeiro,ACARI,,FAVELA DE ACARI,-22.8242979000,-43.3416683000,"16/08/2018, 03:57:00",true,true,PM,Ação policial,,,false,1,0,0,0,0,0,0,0,0,0,0,0,0,0
18135,"Morro da Formiga - Tijuca, Rio de Janeiro - RJ, Brasil",Sudeste,Rio de Janeiro,Rio de Janeiro,TIJUCA,,MORRO DA FORMIGA,-22.9441667000,-43.2408333000,"16/08/2018, 04:50:00",true,true,PM,Operação policial,,,false,0,0,0,0,0,0,0,0,0,0,0,0,0,0
18134,"Morro do Salgueiro, Tijuca, Rio de Janeiro - RJ, Brasil",Sudeste,Rio de Janeiro,Rio de Janeiro,TIJUCA,,MORRO DO SALGUEIRO,-22.9283408000,-43.2280539000,"16/08/2018, 04:56:00",true,true,PM,Operação policial,,,false,0,0,0,0,0,0,0,0,0,0,0,0,0,0
18133,"Praça da Harmonia, Morro da Providência, Gambôa, Rio de Janeiro - RJ, Brasil",Sudeste,Rio de Janeiro,Rio de Janeiro,GAMBOA,,,-22.8955242000,-43.1916385000,"16/08/2018, 05:15:00",true,true,N�o identificado,Ação policial,,,false,0,0,0,0,0,0,0,0,0,0,0,0,0,0
18129,"Rua Edgard Werneck, Cidade de Deus, Rio de Janeiro - RJ, Brasil",Sudeste,Rio de Janeiro,Rio de Janeiro,CIDADE DE DEUS,,CIDADE DE DEUS,-22.9469308000,-43.3600435000,"16/08/2018, 05:22:00",false,false,,Não identificado,,,false,0,0,0,0,0,0,0,0,0,0,0,0,0,0
18139,"Vila dos Pinheiros, Maré, Rio de Janeiro - RJ, 21040-000, Brasil",Sudeste,Rio de Janeiro,Rio de Janeiro,MARE,,VILA DO PINHEIRO (COMPLEXO DA MARE),-22.8603635000,-43.2424443000,"16/08/2018, 06:20:00",true,true,PM,Ação policial,,,false,0,1,0,0,0,0,0,0,0,0,0,0,0,0
18138,"Bairro Carioca, Triagem - RJ, 20950-085, Brasil",Sudeste,Rio de Janeiro,Rio de Janeiro,ROCHA,TRIAGEM,BAIRRO CARIOCA (TRIAGEM),-22.8968261000,-43.2445751000,"16/08/2018, 08:18:00",false,false,,Não identificado,,,false,0,0,0,0,0,0,0,0,0,0,0,0,0,0
18137,"R. Congo, Vila Kennedy, Rio de Janeiro - RJ, 21852-580, Brasil",Sudeste,Rio de Janeiro,Rio de Janeiro,VILA KENNEDY,,VILA KENNEDY,-22.8621150000,-43.4908550000,"16/08/2018, 08:30:00",false,false,,Não identificado,,,false,0,0,0,0,0,0,0,0,0,0,0,0,0,0
18143,"Vila Aliança, Bangu, Rio de Janeiro - RJ, 21842-030, Brasil",Sudeste,Rio de Janeiro,Rio de Janeiro,BANGU,,VILA ALIANCA,-22.8731000000,-43.4773730000,"16/08/2018, 11:15:00",false,false,,Não identificado,,,false,0,0,0,0,0,0,0,0,0,0,0,0,0,0
18145,"Buraco do Lacerda, Jacarezinho, Rio de Janeiro - RJ, Brasil",Sudeste,Rio de Janeiro,Rio de Janeiro,JACAREZINHO,,JACAREZINHO,-22.8878774000,-43.2579237000,"16/08/2018, 11:20:00",true,true,N�o identificado,Ação policial,,,false,0,0,0,0,0,0,0,0,0,0,0,0,0,0
18151,"R. da Grota, Complexo do Alemão, Rio de Janeiro - RJ, 21061-240, Brasil",Sudeste,Rio de Janeiro,Rio de Janeiro,COMPLEXO DO ALEMAO,,GROTA (COMPLEXO DO ALEMAO),-22.8611743000,-43.2734499000,"16/08/2018, 12:56:00",false,false,,Não identificado,,,false,0,0,0,0,0,0,0,0,0,0,0,0,0,0
18157,"Malvinas, Vila Kennedy, Rio de Janeiro - RJ, 21850-007, Brasil",Sudeste,Rio de Janeiro,Rio de Janeiro,VILA KENNEDY,,VILA KENNEDY,-22.8595082000,-43.4875084000,"16/08/2018, 14:26:00",false,false,,Não identificado,,,false,0,0,0,0,0,0,0,0,0,0,0,0,0,0
18160,"Malvina - Vila Kennedy, Rio de Janeiro - RJ, Brasil",Sudeste,Rio de Janeiro,Rio de Janeiro,VILA KENNEDY,,VILA KENNEDY,-22.8588961000,-43.4870104000,"16/08/2018, 17:29:00",false,false,,Não identificado,,,false,0,0,0,0,0,0,0,0,0,0,0,0,0,0
18175,"Estr. Rio-São Paulo, 2540 - Campo Grande, Rio de Janeiro - RJ, 23087-005, Brasil",Sudeste,Rio de Janeiro,Rio de Janeiro,CAMPO GRANDE,,,-22.8756957000,-43.5752367000,"16/08/2018, 18:56:00",false,false,,Não identificado,,,false,0,0,0,0,0,0,0,0,0,0,0,0,0,0
18172,"Grota - Complexo do Alemão, Rio de Janeiro - RJ, Brasil",Sudeste,Rio de Janeiro,Rio de Janeiro,COMPLEXO DO ALEMAO,,GROTA (COMPLEXO DO ALEMAO),-22.8593331000,-43.2754759000,"16/08/2018, 23:27:00",true,true,N�o identificado,Operação policial,,,false,0,0,0,0,0,0,0,0,0,0,0,0,0,0
18168,"R. Canitar - Inhauma, Rio de Janeiro - RJ, Brasil",Sudeste,Rio de Janeiro,Rio de Janeiro,COMPLEXO DO ALEMAO,,MORRO DAS PALMEIRAS (COMPLEXO DO ALEMAO),-22.8631468000,-43.2856986000,"16/08/2018, 23:40:00",true,true,N�o identificado,Ação policial,,,false,0,0,0,0,0,0,0,0,0,0,0,0,0,0
18174,"13  - Cidade de Deus, Rio de Janeiro - RJ, Brasil",Sudeste,Rio de Janeiro,Rio de Janeiro,CIDADE DE DEUS,,CIDADE DE DEUS,-22.9481688000,-43.3626721000,"17/08/2018, 03:00:00",true,true,BPChq,Operação policial,,,false,0,0,0,0,0,0,0,0,0,0,0,0,0,0
18173,"Morro do Sereno - Penha Circular, Rio de Janeiro - RJ, 21210-004, Brasil",Sudeste,Rio de Janeiro,Rio de Janeiro,PENHA CIRCULAR,,MORRO DO SERENO (COMPLEXO DA PENHA),-22.8436111000,-43.2936111000,"17/08/2018, 03:45:00",false,false,,Não identificado,,,false,0,0,0,0,0,0,0,0,0,0,0,0,0,0
18170,"Vila da Penha, Rio de Janeiro - RJ, Brasil",Sudeste,Rio de Janeiro,Rio de Janeiro,VILA DA PENHA,,,-22.8440802000,-43.3094623000,"17/08/2018, 04:07:00",false,false,,Não identificado,,,false,0,0,0,0,0,0,0,0,0,0,0,0,0,0
18176,"Morro do Borel - Tijuca, Rio de Janeiro - RJ, 20530-001, Brasil",Sudeste,Rio de Janeiro,Rio de Janeiro,TIJUCA,,MORRO DO BOREL,-22.9395041000,-43.2515359000,"17/08/2018, 07:00:00",false,false,,Não identificado,,,false,0,0,0,0,0,0,0,0,0,0,0,0,0,0
18178,"Manilha, Vila Kennedy  - Bangu, Rio de Janeiro - RJ, Brasil",Sudeste,Rio de Janeiro,Rio de Janeiro,VILA KENNEDY,,VILA KENNEDY,-22.8586115000,-43.4892789000,"17/08/2018, 07:23:00",true,true,N�o identificado,Ação policial,,,false,0,0,0,0,0,0,0,0,0,0,0,0,0,0
18179,"R. Marcos Pinto de Oliveira, Vila Kennedy, Rio de Janeiro - RJ, 21850-015, Brasil",Sudeste,Rio de Janeiro,Rio de Janeiro,VILA KENNEDY,,VILA KENNEDY,-22.8601690000,-43.4877589000,"17/08/2018, 08:07:00",false,false,,Não identificado,,,false,0,0,0,0,0,0,0,0,0,0,0,0,0,0
18181,"Grota, Complexo do Alemão, Rio de Janeiro - RJ, Brasil",Sudeste,Rio de Janeiro,Rio de Janeiro,COMPLEXO DO ALEMAO,,GROTA (COMPLEXO DO ALEMAO),-22.8593864000,-43.2756890000,"17/08/2018, 10:49:00",false,false,,Não identificado,,,false,0,0,0,0,0,0,0,0,0,0,0,0,0,0
18182,"R. Leopoldo Bulhões, Manguinhos, Rio de Janeiro - RJ, 20911-300, Brasil",Sudeste,Rio de Janeiro,Rio de Janeiro,MANGUINHOS,,COMPLEXO DE MANGUINHOS,-22.8797839000,-43.2504594000,"17/08/2018, 12:00:00",false,false,,Não identificado,,,false,0,0,0,0,0,0,0,0,0,0,0,0,0,0
18183,"Morro do Mato Alto- Tanque, Rio de Janeiro - RJ, 22733-040, Brasil",Sudeste,Rio de Janeiro,Rio de Janeiro,TANQUE,,MATO ALTO,-22.9083840000,-43.3647009000,"17/08/2018, 13:00:00",false,false,,Não identificado,,,false,0,0,0,0,0,0,0,0,0,0,0,0,0,0
18186,"Morro do Borel -  Tijuca, Rio de Janeiro - RJ, Brasil",Sudeste,Rio de Janeiro,Rio de Janeiro,TIJUCA,,MORRO DO BOREL,-22.9395237000,-43.2539724000,"17/08/2018, 17:50:00",false,false,,Não identificado,,,false,0,0,0,0,0,0,0,0,0,0,0,0,0,0
18189,"Malvina - Vila Kennedy, Rio de Janeiro - RJ, 21850-180, Brasil",Sudeste,Rio de Janeiro,Rio de Janeiro,VILA KENNEDY,,VILA KENNEDY,-22.8599340000,-43.4857560000,"17/08/2018, 18:42:00",false,false,,Não identificado,,,false,0,0,0,0,0,0,0,0,0,0,0,0,0,0
18194,"Manguinhos, Rio de Janeiro - RJ, Brasil",Sudeste,Rio de Janeiro,Rio de Janeiro,MANGUINHOS,,MANGUINHOS (COMPLEXO DE MANGUINHOS),-22.8830377000,-43.2457507000,"17/08/2018, 18:50:00",false,false,,Não identificado,,,false,0,0,0,0,0,0,0,0,0,0,0,0,0,0
18191,"Morro do Adeus - Complexo do Alemão, Rio de Janeiro - RJ, Brasil",Sudeste,Rio de Janeiro,Rio de Janeiro,COMPLEXO DO ALEMAO,,MORRO DO ADEUS (COMPLEXO DO ALEMAO),-22.8654866000,-43.2619815000,"17/08/2018, 18:55:00",false,false,,Não identificado,,,false,0,0,0,0,0,0,0,0,0,0,0,0,0,0
18196,"Cordovil, Rio de Janeiro - RJ, Brasil",Sudeste,Rio de Janeiro,Rio de Janeiro,CORDOVIL,,,-22.8234412000,-43.2959357000,"17/08/2018, 19:37:00",false,false,,Não identificado,,,false,0,0,0,0,0,0,0,0,0,0,0,0,0,0
18197,"Vila do João - Maré, Rio de Janeiro - RJ",Sudeste,Rio de Janeiro,Rio de Janeiro,MARE,,VILA DO JOAO (COMPLEXO DA MARE),-22.8727954000,-43.2408632000,"17/08/2018, 20:00:00",false,false,,Não identificado,,,false,0,0,0,0,0,0,0,0,0,0,0,0,0,0
18214,"Morro dos Macacos - Sampaio, Rio de Janeiro - RJ, Brasil",Sudeste,Rio de Janeiro,Rio de Janeiro,SAMPAIO,,MORRO DOS MACACOS,-22.9100000000,-43.2575000000,"18/08/2018, 02:30:00",false,false,,Não identificado,,,false,0,0,0,0,0,0,0,0,0,0,0,0,0,0
18203,"Morro Dona Marta - Botafogo, Rio de Janeiro - RJ, 22260-140, Brasil",Sudeste,Rio de Janeiro,Rio de Janeiro,BOTAFOGO,,SANTA MARTA,-22.9465946000,-43.1945089000,"18/08/2018, 02:50:00",false,false,,Não identificado,,,false,0,0,0,0,0,0,0,0,0,0,0,0,0,0
18212,"Morro da Coroa - Santa Teresa, Rio de Janeiro - RJ, 20251-190, Brasil",Sudeste,Rio de Janeiro,Rio de Janeiro,SANTA TERESA,,MORRO DA COROA,-22.9225000000,-43.1925000000,"18/08/2018, 07:22:00",false,false,,Não identificado,,,false,0,0,0,0,0,0,0,0,0,0,0,0,0,0
18222,"Morro da Chacrinha, Tanque, Rio de Janeiro - RJ, Brasil",Sudeste,Rio de Janeiro,Rio de Janeiro,PRACA SECA,,FAVELA DA CHACRINHA,-22.9067353000,-43.3620391000,"18/08/2018, 11:11:00",true,true,PM,Ação policial,,,false,0,0,0,0,0,0,0,0,0,0,0,0,0,0
18221,"Morro do Adeus, Complexo do Alemão, Rio de Janeiro - RJ, Brasil",Sudeste,Rio de Janeiro,Rio de Janeiro,COMPLEXO DO ALEMAO,,MORRO DO ADEUS (COMPLEXO DO ALEMAO),-22.8654866000,-43.2619815000,"18/08/2018, 11:56:00",false,false,,Não identificado,,,false,0,0,0,0,0,0,0,0,0,0,0,0,0,0
18227,"Rua Otaviano Romeiro, Vila Kennedy, Rio de Janeiro - RJ, Brasil",Sudeste,Rio de Janeiro,Rio de Janeiro,VILA KENNEDY,,VILA KENNEDY,-22.8537094000,-43.4959508000,"18/08/2018, 13:15:00",false,false,,Não identificado,,,false,0,0,0,0,0,0,0,0,0,0,0,0,0,0
18228,"Av. Menezes Cortes, Engenho Novo, Rio de Janeiro - RJ, Brasil",Sudeste,Rio de Janeiro,Rio de Janeiro,ENGENHO NOVO,,MORRO DA CACHOEIRA GRANDE (COMPLEXO DO LINS),-22.9188008000,-43.2841045000,"18/08/2018, 14:10:00",false,false,,Não identificado,,,false,0,0,0,0,0,0,0,0,0,0,0,0,0,0
18231,"Barreira do Vasco - São Cristóvão, Rio de Janeiro - RJ, 20921-250, Brasil",Sudeste,Rio de Janeiro,Rio de Janeiro,SAO CRISTOVAO,,BARREIRA DO VASCO,-22.8883029000,-43.2284264000,"18/08/2018, 17:24:00",true,true,N�o identificado,Ação policial,,,false,0,0,0,0,0,0,0,0,0,0,0,0,0,0
18235,"Lins de Vasconcelos, Rio de Janeiro - RJ, 20725-140, Brasil",Sudeste,Rio de Janeiro,Rio de Janeiro,LINS DE VASCONCELOS,,,-22.9164040000,-43.2828830000,"18/08/2018, 18:15:00",true,true,N�o identificado,Ação policial,,,false,0,0,0,0,0,0,0,0,0,0,0,0,0,0
18237,"Mandela, Manguinhos, Rio de Janeiro - RJ, Brasil",Sudeste,Rio de Janeiro,Rio de Janeiro,MANGUINHOS,,MANDELA (COMPLEXO DE MANGUINHOS),-22.8823088000,-43.2447354000,"18/08/2018, 18:45:00",false,false,,Não identificado,,,false,0,0,0,0,0,0,0,0,0,0,0,0,0,0
18239,"Favela das 5 Bocas, Bráz De Pina, Rio de Janeiro - RJ, 21725-520, Brasil",Sudeste,Rio de Janeiro,Rio de Janeiro,BRAS DE PINA,,FAVELA 5 BOCAS (COMPLEXO DE ISRAEL),-22.8216853000,-43.2850581000,"18/08/2018, 18:58:00",true,true,N�o identificado,Ação policial,,,false,0,0,0,0,0,0,0,0,0,0,0,0,0,0
18255,"Batanzinho - Realengo, Rio de Janeiro - RJ, 21715-530, Brasil",Sudeste,Rio de Janeiro,Rio de Janeiro,REALENGO,,BATAN,-22.8661363000,-43.4286688000,"18/08/2018, 21:40:00",true,true,N�o identificado,Ação policial,,,false,0,0,0,0,0,0,0,0,0,0,0,0,0,0
18245,"Rua Olívia Maia - Madureira, Rio de Janeiro - RJ, 21350-230, Brasil",Sudeste,Rio de Janeiro,Rio de Janeiro,MADUREIRA,,MORRO DO SAO JOSE (COMPLEXO DA SERRINHA),-22.8755440000,-43.3322640000,"18/08/2018, 22:50:00",false,false,,Não identificado,,,false,0,0,0,0,0,0,0,0,0,0,0,0,0,0
18256,"Fazendinha e Grota - Complexo do Alemão, Rio de Janeiro - RJ, Brasil",Sudeste,Rio de Janeiro,Rio de Janeiro,COMPLEXO DO ALEMAO,,FAZENDINHA (COMPLEXO DO ALEMAO),-22.8593331000,-43.2754759000,"18/08/2018, 23:00:00",true,true,FFAA,Operação policial,,,false,0,0,0,0,0,0,0,0,0,0,0,0,0,0
18253,"Dona Marta - Botafogo, Rio de Janeiro - RJ, Brasil",Sudeste,Rio de Janeiro,Rio de Janeiro,BOTAFOGO,,SANTA MARTA,-22.9511149000,-43.1809269000,"18/08/2018, 23:45:00",false,false,,Não identificado,,,false,0,0,0,0,0,0,0,0,0,0,0,0,0,0
18246,"Estr. do Taquaral, Rio de Janeiro - RJ, Brasil",Sudeste,Rio de Janeiro,Rio de Janeiro,SENADOR CAMARA,,,-22.8713057000,-43.4859222000,"19/08/2018, 01:09:00",false,false,,Não identificado,,,false,0,0,0,0,0,0,0,0,0,0,0,0,0,0
18254,"Morro do Fallet - Santa Teresa, Rio de Janeiro - RJ, Brasil",Sudeste,Rio de Janeiro,Rio de Janeiro,SANTA TERESA,,FALLET/FOGUETEIRO,-22.9266315000,-43.1963660000,"19/08/2018, 03:27:00",false,false,,Não identificado,,,false,0,0,0,0,0,0,0,0,0,0,0,0,0,0
18248,"R. Castro Barbosa - Grajau, Rio de Janeiro - RJ, 20540-230, Brasil",Sudeste,Rio de Janeiro,Rio de Janeiro,GRAJAU,,,-22.9243378000,-43.2561743000,"19/08/2018, 04:02:00",false,false,,Não identificado,,,false,0,0,0,0,0,0,0,0,0,0,0,0,0,0
18257,"Casinhas, Complexo do Alemão, Rio de Janeiro - RJ, Brasil",Sudeste,Rio de Janeiro,Rio de Janeiro,COMPLEXO DO ALEMAO,,CASINHAS (COMPLEXO DO ALEMAO),-22.8590689000,-43.2754178000,"19/08/2018, 07:38:00",true,true,N�o identificado,Ação policial,,,false,0,0,0,0,0,0,0,0,0,0,0,0,0,0
18258,"Av. Brasil, Guadalupe, Rio de Janeiro - RJ, Brasil",Sudeste,Rio de Janeiro,Rio de Janeiro,GUADALUPE,,,-22.8437918000,-43.3759749000,"19/08/2018, 08:00:00",false,false,,Não identificado,,,false,0,0,0,0,0,0,0,0,0,0,0,0,0,0
18261,"Estrada Macembu, Taquara, Rio de Janeiro - RJ, Brasil",Sudeste,Rio de Janeiro,Rio de Janeiro,TAQUARA,,,-22.9292302000,-43.3800274000,"19/08/2018, 09:30:00",false,false,,Tentativa/Roubo,,,false,1,1,0,0,0,0,0,0,0,0,0,0,0,0
18259,"Parque União, Maré, Rio de Janeiro - RJ, Brasil",Sudeste,Rio de Janeiro,Rio de Janeiro,MARE,,PARQUE UNIAO (COMPLEXO DA MARE),-22.8527300000,-43.2462960000,"19/08/2018, 09:34:00",false,false,,Não identificado,,,false,0,0,0,0,0,0,0,0,0,0,0,0,0,0
18266,"R. Zeferino da Costa - Cavalcanti, Rio de Janeiro - RJ, Brasil",Sudeste,Rio de Janeiro,Rio de Janeiro,CAVALCANTI,,,-22.8710993000,-43.3164386000,"19/08/2018, 11:52:00",true,true,PM,Ação policial,,,false,0,0,0,2,0,0,0,0,0,0,0,0,0,0
18275,"Rua Bolívar - Copacabana, Rio de Janeiro - RJ, 22070-000, Brasil",Sudeste,Rio de Janeiro,Rio de Janeiro,COPACABANA,,,-22.9761980000,-43.1875780000,"19/08/2018, 12:00:00",false,false,,Briga,,,false,0,1,0,0,0,0,0,0,0,0,0,0,0,0
18264,"Complexo da Penha, Penha, Rio de Janeiro - RJ, Brasil",Sudeste,Rio de Janeiro,Rio de Janeiro,PENHA,,COMPLEXO DA PENHA,-22.8461370000,-43.2849710000,"19/08/2018, 14:11:00",false,false,,Não identificado,,,false,0,0,0,0,0,0,0,0,0,0,0,0,0,0
18267,"Antares - Santa Cruz, Rio de Janeiro - RJ, Brasil",Sudeste,Rio de Janeiro,Rio de Janeiro,SANTA CRUZ,,FAVELA DE ANTARES,-22.9217436000,-43.6637652000,"19/08/2018, 15:06:00",false,false,,Não identificado,,,false,0,0,0,0,0,0,0,0,0,0,0,0,0,0
18271,"Antares - Santa Cruz, Rio de Janeiro - RJ, Brasil",Sudeste,Rio de Janeiro,Rio de Janeiro,SANTA CRUZ,,FAVELA DE ANTARES,-22.9195437000,-43.6598043000,"19/08/2018, 16:56:00",false,false,,Não identificado,,,false,0,0,0,0,0,0,0,0,0,0,0,0,0,0
18281,"Cidade de Deus, Rio de Janeiro - RJ, Brasil",Sudeste,Rio de Janeiro,Rio de Janeiro,CIDADE DE DEUS,,CIDADE DE DEUS,-22.9481688000,-43.3626721000,"19/08/2018, 18:08:00",false,false,,Não identificado,,,false,0,0,0,0,0,0,0,0,0,0,0,0,0,0
18278,"Diana, Campo Grande, Rio de Janeiro - RJ, 23055-140, Brasil",Sudeste,Rio de Janeiro,Rio de Janeiro,CAMPO GRANDE,,,-22.9116468000,-43.5787913000,"19/08/2018, 18:15:00",false,false,,Não identificado,,,false,0,0,0,0,0,0,0,0,0,0,0,0,0,0
18304,"R. Frei Henrique - Piedade, Rio de Janeiro - RJ, 20751-160, Brasil",Sudeste,Rio de Janeiro,Rio de Janeiro,PIEDADE,,,-22.8843785000,-43.3045503000,"19/08/2018, 18:29:00",false,false,,Não identificado,,,false,0,0,0,0,0,0,0,0,0,0,0,0,0,0
18284,"São Cristóvão, Rio de Janeiro - RJ, Brasil",Sudeste,Rio de Janeiro,Rio de Janeiro,SAO CRISTOVAO,,,-22.8982426000,-43.2189006000,"19/08/2018, 18:48:00",false,false,,Não identificado,,,false,0,0,0,0,0,0,0,0,0,0,0,0,0,0
18282,"Morro da Fé - Penha Circular, Rio de Janeiro - RJ, 21210-360, Brasil",Sudeste,Rio de Janeiro,Rio de Janeiro,PENHA CIRCULAR,,MORRO DA FE (COMPLEXO DA PENHA),-22.8466337000,-43.2968410000,"19/08/2018, 19:48:00",false,false,,Não identificado,,,false,0,0,0,0,0,0,0,0,0,0,0,0,0,0
18285,"Manilha - Vila Kennedy, Rio de Janeiro - RJ, Brasil",Sudeste,Rio de Janeiro,Rio de Janeiro,VILA KENNEDY,,VILA KENNEDY,-22.8617336000,-43.4843264000,"19/08/2018, 20:12:00",true,true,N�o identificado,Ação policial,,,false,0,0,0,0,0,0,0,0,0,0,0,0,0,0
18287,"Rua Laura Telles, 123 - Tanque, Rio de Janeiro - RJ, 22730-305, Brasil",Sudeste,Rio de Janeiro,Rio de Janeiro,TANQUE,,,-22.9254538000,-43.3617583000,"19/08/2018, 20:55:00",true,true,N�o identificado,Ação policial,,,false,0,0,0,0,0,0,0,0,0,0,0,0,0,0
18296,"R. Ourique, Bráz de Pina, Rio de Janeiro - RJ, Brasil",Sudeste,Rio de Janeiro,Rio de Janeiro,BRAS DE PINA,,FAVELA 5 BOCAS (COMPLEXO DE ISRAEL),-22.8242419000,-43.2827661000,"19/08/2018, 22:19:00",false,false,,Não identificado,,,false,0,0,0,0,0,0,0,0,0,0,0,0,0,0
18288,"Maré, Rio de Janeiro - RJ, Brasil",Sudeste,Rio de Janeiro,Rio de Janeiro,MARE,,COMPLEXO DA MARE,-22.8574971000,-43.2430137000,"19/08/2018, 22:30:00",true,true,FFAA,Operação policial,,,false,0,0,0,0,0,0,0,0,0,0,0,0,0,0
18303,"Complexo do Alemão, Rio de Janeiro - RJ, Brasil",Sudeste,Rio de Janeiro,Rio de Janeiro,COMPLEXO DO ALEMAO,,COMPLEXO DO ALEMAO,-22.8593331000,-43.2754759000,"19/08/2018, 23:00:00",true,true,FFAA,Operação policial,,,false,0,0,1,0,0,0,0,0,0,0,0,0,0,0
18289,"Morro do Sereno - Penha Circular, Rio de Janeiro - RJ, Brasil",Sudeste,Rio de Janeiro,Rio de Janeiro,PENHA CIRCULAR,,MORRO DO SERENO (COMPLEXO DA PENHA),-22.8436111000,-43.2936111000,"20/08/2018, 02:00:00",true,true,"Forças Armadas, PM e PC",Operação policial,,Tiroteio contínuo,true,5,1,2,0,0,0,0,0,0,0,0,0,0,0
18294,"Vila Cruzeiro, Penha, Rio de Janeiro - RJ, Brasil",Sudeste,Rio de Janeiro,Rio de Janeiro,PENHA,,VILA CRUZEIRO (COMPLEXO DA PENHA),-22.8470418000,-43.2841752000,"20/08/2018, 02:08:00",true,true,N�o identificado,Ação policial,,,false,0,0,0,0,0,0,0,0,0,0,0,0,0,0
18292,"Quitungo, Bráz De Pina, Rio de Janeiro - RJ, Brasil",Sudeste,Rio de Janeiro,Rio de Janeiro,BRAS DE PINA,,QUITUNGO-GUAPORE,-22.8331178000,-43.3022257000,"20/08/2018, 02:50:00",false,false,,Não identificado,,,false,0,0,0,0,0,0,0,0,0,0,0,0,0,0
18291,"Maré, Rio de Janeiro - RJ, Brasil",Sudeste,Rio de Janeiro,Rio de Janeiro,MARE,,COMPLEXO DA MARE,-22.8574971000,-43.2430137000,"20/08/2018, 02:50:00",true,true,FFAA,Ação policial,,,false,0,0,0,0,0,0,0,0,0,0,0,0,0,0
18293,"Morro da Fé, Penha Circular, Rio de Janeiro - RJ, Brasil",Sudeste,Rio de Janeiro,Rio de Janeiro,PENHA CIRCULAR,,MORRO DA FE (COMPLEXO DA PENHA),-22.8469239000,-43.2969005000,"20/08/2018, 03:01:00",true,true,N�o identificado,Ação policial,,,false,0,0,0,0,0,0,0,0,0,0,0,0,0,0
18295,"Praça do Carmo, Penha Circular, Rio de Janeiro - RJ, Brasil",Sudeste,Rio de Janeiro,Rio de Janeiro,PENHA CIRCULAR,,,-22.8388125000,-43.2950253000,"20/08/2018, 03:47:00",true,true,N�o identificado,Ação policial,,,false,0,0,0,0,0,0,0,0,0,0,0,0,0,0
18297,"Chatuba, Complexo da Penha, Penha, Rio de Janeiro - RJ, Brasil",Sudeste,Rio de Janeiro,Rio de Janeiro,PENHA,,CHATUBA (COMPLEXO DA PENHA),-22.8460990000,-43.2916903000,"20/08/2018, 04:25:00",true,true,N�o identificado,Ação policial,,,false,0,0,0,0,0,0,0,0,0,0,0,0,0,0
18301,"Praça São Lucas, Complexo da Penha, Rio de Janeiro - RJ, Brasil",Sudeste,Rio de Janeiro,Rio de Janeiro,PENHA,,VILA CRUZEIRO (COMPLEXO DA PENHA),-22.8468754000,-43.2839706000,"20/08/2018, 05:11:00",true,true,N�o identificado,Ação policial,,,false,0,0,0,0,0,0,0,0,0,0,0,0,0,0
18351,"Av. dos Democráticos, Manguinhos, Rio de Janeiro - RJ, Brasil",Sudeste,Rio de Janeiro,Rio de Janeiro,HIGIENOPOLIS,,,-22.8754020000,-43.2572940000,"20/08/2018, 06:00:00",true,true,N�o identificado,Operação policial,,,false,0,0,0,0,0,0,0,0,0,0,0,0,0,0
18309,"Morro do Campinho, Jacarepaguá, Rio de Janeiro - RJ, Brasil",Sudeste,Rio de Janeiro,Rio de Janeiro,CAMPINHO,,MORRO DO CAMPINHO (COMPLEXO DO FUBA),-22.8888889000,-43.3394444000,"20/08/2018, 06:51:00",false,false,,Não identificado,,,false,0,0,0,0,0,0,0,0,0,0,0,0,0,0
18306,"Nova Holanda, Maré, Rio de Janeiro - RJ, Brasil",Sudeste,Rio de Janeiro,Rio de Janeiro,MARE,,NOVA HOLANDA (COMPLEXO DA MARE),-22.8551888000,-43.2415143000,"20/08/2018, 06:55:00",true,true,N�o identificado,Ação policial,,,false,0,0,0,0,0,0,0,0,0,0,0,0,0,0
18308,"Mata, Complexo do Alemão, Rio de Janeiro - RJ, Brasil",Sudeste,Rio de Janeiro,Rio de Janeiro,COMPLEXO DO ALEMAO,,RELICARIO E MATINHA (COMPLEXO DO ALEMAO),-22.8593331000,-43.2754759000,"20/08/2018, 07:15:00",true,true,N�o identificado,Ação policial,,,false,0,0,0,0,0,0,0,0,0,0,0,0,0,0
18311,"Quintanilha, Cidade de Deus, Rio de Janeiro - RJ, Brasil",Sudeste,Rio de Janeiro,Rio de Janeiro,CIDADE DE DEUS,,CIDADE DE DEUS,-22.9441764000,-43.3509827000,"20/08/2018, 07:35:00",false,false,,Não identificado,,,false,0,0,0,0,0,0,0,0,0,0,0,0,0,0
18312,"Morro da Fé, Vila Cosmos, Rio de Janeiro - RJ, Brasil",Sudeste,Rio de Janeiro,Rio de Janeiro,PENHA,,MORRO DA FE (COMPLEXO DA PENHA),-22.8468692000,-43.2963646000,"20/08/2018, 08:00:00",false,false,,Não identificado,,,false,0,0,0,0,0,0,0,0,0,0,0,0,0,0
18314,"Morro do Trem, Vila Cosmos, Rio de Janeiro - RJ, Brasil",Sudeste,Rio de Janeiro,Rio de Janeiro,VILA KOSMOS,,MORRO DO CARMO  (MORRO DO TREM),-22.8537940000,-43.3027057000,"20/08/2018, 09:37:00",false,false,,Não identificado,,,false,0,0,0,0,0,0,0,0,0,0,0,0,0,0
18316,"Av. Dom Hélder Câmara, Manguinhos, Rio de Janeiro - RJ, 20973-012, Brasil",Sudeste,Rio de Janeiro,Rio de Janeiro,MANGUINHOS,,COMPLEXO DE MANGUINHOS,-22.8855808000,-43.2521024000,"20/08/2018, 09:50:00",false,false,,Não identificado,,,false,0,0,0,0,0,0,0,0,0,0,0,0,0,0
18315,"Morro da Fé - Penha Circular, Rio de Janeiro - RJ, 21210-360, Brasil",Sudeste,Rio de Janeiro,Rio de Janeiro,PENHA CIRCULAR,,MORRO DA FE (COMPLEXO DA PENHA),-22.8466337000,-43.2968410000,"20/08/2018, 09:51:00",false,false,,Não identificado,,,false,0,0,0,0,0,0,0,0,0,0,0,0,0,0
18318,"Av. João Ribeiro, Rio de Janeiro - RJ, Brasil",Sudeste,Rio de Janeiro,Rio de Janeiro,PILARES,,,-22.8712817000,-43.2994645000,"20/08/2018, 10:05:00",false,false,,Não identificado,,,false,0,0,0,0,0,0,0,0,0,0,0,0,0,0
18322,"Tijolinho, Nova Holanda - Maré, Rio de Janeiro - RJ, 21044-251, Brasil",Sudeste,Rio de Janeiro,Rio de Janeiro,MARE,,NOVA HOLANDA (COMPLEXO DA MARE),-22.8552202000,-43.2417564000,"20/08/2018, 11:54:00",true,true,PM,Ação policial,,,false,0,1,0,0,0,0,0,0,0,0,0,0,0,0
18321,"Morro do Juramento - Vicente de Carvalho, Rio de Janeiro - RJ, Brasil",Sudeste,Rio de Janeiro,Rio de Janeiro,VICENTE DE CARVALHO,,MORRO DO JURAMENTO (COMPLEXO DO JURAMENTO),-22.8584300000,-43.3167307000,"20/08/2018, 11:55:00",false,false,,Não identificado,,,false,0,0,0,0,0,0,0,0,0,0,0,0,0,0
18323,"Ruben Vaz - Maré, Rio de Janeiro - RJ, 21044-170, Brasil",Sudeste,Rio de Janeiro,Rio de Janeiro,MARE,,RUBENS VAZ (COMPLEXO DA MARE),-22.8530440000,-43.2428529000,"20/08/2018, 12:13:00",false,false,,Não identificado,,,false,0,0,0,0,0,0,0,0,0,0,0,0,0,0
18326,"Estr. do Quafa, Vila Kennedy, Rio de Janeiro - RJ, 21853-050, Brasil",Sudeste,Rio de Janeiro,Rio de Janeiro,VILA KENNEDY,,VILA KENNEDY,-22.8536850000,-43.4898270000,"20/08/2018, 13:00:00",false,false,,Não identificado,,,false,0,0,0,0,0,0,0,0,0,0,0,0,0,0
18327,"Vila Cruzeiro- Penha, Rio de Janeiro - RJ, 21070-480, Brasil",Sudeste,Rio de Janeiro,Rio de Janeiro,PENHA,,VILA CRUZEIRO (COMPLEXO DA PENHA),-22.8466807000,-43.2839457000,"20/08/2018, 13:36:00",false,false,,Não identificado,,,false,0,0,0,0,0,0,0,0,0,0,0,0,0,0
18330,"Rua Tatajuba, Maré, Rio de Janeiro - RJ, 24733-200, Brasil",Sudeste,Rio de Janeiro,Rio de Janeiro,MARE,,NOVA HOLANDA (COMPLEXO DA MARE),-22.8576770000,-43.2425731000,"20/08/2018, 14:32:00",false,false,,Não identificado,,,false,0,0,0,0,0,0,0,0,0,0,0,0,0,0
18329,"Vila Cruzeiro, Penha, Rio de Janeiro - RJ, 21070-370, Brasil",Sudeste,Rio de Janeiro,Rio de Janeiro,PENHA,,VILA CRUZEIRO (COMPLEXO DA PENHA),-22.8467360000,-43.2844660000,"20/08/2018, 14:36:00",false,false,,Não identificado,,,false,0,0,0,0,0,0,0,0,0,0,0,0,0,0
18334,"Taquara, Rio de Janeiro - RJ, Brasil",Sudeste,Rio de Janeiro,Rio de Janeiro,TAQUARA,,,-22.9230494000,-43.3739788000,"20/08/2018, 16:18:00",false,false,,Não identificado,,,false,0,0,0,0,0,0,0,0,0,0,0,0,0,0
18336,"R. Barão de Itapagipe, Rio de Janeiro - RJ, Brasil",Sudeste,Rio de Janeiro,Rio de Janeiro,RIO COMPRIDO,,MORRO DO TURANO,-22.9229723000,-43.2172689000,"20/08/2018, 17:05:00",false,false,,Não identificado,,,false,0,0,0,0,0,0,0,0,0,0,0,0,0,0
18337,"Praça São Lucas - Penha, Rio de Janeiro - RJ, Brasil",Sudeste,Rio de Janeiro,Rio de Janeiro,PENHA,,VILA CRUZEIRO (COMPLEXO DA PENHA),-22.8468754000,-43.2839706000,"20/08/2018, 17:29:00",false,false,,Não identificado,,,false,0,0,0,0,0,0,0,0,0,0,0,0,0,0
18341,"R. Carinhanha, Rio de Janeiro - RJ, Brasil",Sudeste,Rio de Janeiro,Rio de Janeiro,MAGALHAES BASTOS,,FAVELA 14 DE JULHO,-22.8750130000,-43.4129846000,"20/08/2018, 18:23:00",false,false,,Não identificado,,,false,0,0,0,0,0,0,0,0,0,0,0,0,0,0
18344,"R. Principal - Maré, Rio de Janeiro - RJ, Brasil",Sudeste,Rio de Janeiro,Rio de Janeiro,MARE,,NOVA HOLANDA (COMPLEXO DA MARE),-22.8561770000,-43.2420381000,"20/08/2018, 20:15:00",false,false,,Não identificado,,,false,0,0,0,0,0,0,0,0,0,0,0,0,0,0
18348,"Bangu, Rio de Janeiro - RJ, Brasil",Sudeste,Rio de Janeiro,Rio de Janeiro,BANGU,,,-22.8742263000,-43.4685442000,"20/08/2018, 20:49:00",false,false,,Não identificado,,,false,0,0,0,0,0,0,0,0,0,0,0,0,0,0
18347,"Rua do Armistício, 195 - Senador Camará, Rio de Janeiro - RJ, 21831-390, Brasil",Sudeste,Rio de Janeiro,Rio de Janeiro,SENADOR CAMARA,,,-22.8913622000,-43.4812603000,"20/08/2018, 21:10:00",false,false,,Não identificado,,,false,0,0,0,0,0,0,0,0,0,0,0,0,0,0
18349,"Jacarezinho, Rio de Janeiro - RJ, Brasil",Sudeste,Rio de Janeiro,Rio de Janeiro,JACAREZINHO,,JACAREZINHO,-22.8875573000,-43.2581953000,"21/08/2018, 02:34:00",true,true,PM,Operação policial,,,false,0,1,0,0,0,0,0,0,0,0,0,0,0,0
18350,"Jacarezinho, Rio de Janeiro - RJ, Brasil",Sudeste,Rio de Janeiro,Rio de Janeiro,JACAREZINHO,,JACAREZINHO,-22.8875573000,-43.2581953000,"21/08/2018, 03:25:00",false,false,,Não identificado,,,false,0,0,0,0,0,0,0,0,0,0,0,0,0,0
18353,"Jacaré, Rio de Janeiro - RJ, Brasil",Sudeste,Rio de Janeiro,Rio de Janeiro,JACARE,,,-22.8923272000,-43.2581953000,"21/08/2018, 05:14:00",false,false,,Não identificado,,,false,0,0,0,0,0,0,0,0,0,0,0,0,0,0
18354,"Jacarezinho, Rio de Janeiro - RJ, Brasil",Sudeste,Rio de Janeiro,Rio de Janeiro,JACAREZINHO,,JACAREZINHO,-22.8875573000,-43.2581953000,"21/08/2018, 05:27:00",false,false,,Não identificado,,,false,0,0,0,0,0,0,0,0,0,0,0,0,0,0
18362,"R. Carolina Amado - Váz Lobo, Rio de Janeiro - RJ, 21361-320, Brasil",Sudeste,Rio de Janeiro,Rio de Janeiro,IRAJA,,,-22.8495807000,-43.3312048000,"21/08/2018, 07:26:00",false,false,,Não identificado,,,false,0,0,0,0,0,0,0,0,0,0,0,0,0,0
18363,"Morro do Faz Quem Quer,  Rocha Miranda, Rio de Janeiro - RJ, 21540-530, Brasil",Sudeste,Rio de Janeiro,Rio de Janeiro,ROCHA MIRANDA,,MORRO DO FAZ QUEM QUER (COMPLEXO DO CAJUEIRO),-22.8527301000,-43.3425728000,"21/08/2018, 07:40:00",false,false,,Não identificado,,,false,0,0,0,0,0,0,0,0,0,0,0,0,0,0
18366,"Complexo do Chapadão - Guadalupe, Rio de Janeiro - RJ, Brasil",Sudeste,Rio de Janeiro,Rio de Janeiro,GUADALUPE,,COMPLEXO DO CHAPADAO,-22.8288343000,-43.3836925000,"21/08/2018, 08:03:00",false,false,,Não identificado,,,false,0,0,0,0,0,0,0,0,0,0,0,0,0,0
18371,"Penha, Rio de Janeiro - RJ, Brasil",Sudeste,Rio de Janeiro,Rio de Janeiro,PENHA,,,-22.8308535000,-43.2698184000,"21/08/2018, 08:39:00",false,false,,Não identificado,,,false,0,0,0,0,0,0,0,0,0,0,0,0,0,0
18368,"Morro do Juramento - Vicente de Carvalho, Rio de Janeiro - RJ, Brasil",Sudeste,Rio de Janeiro,Rio de Janeiro,VICENTE DE CARVALHO,,MORRO DO JURAMENTO (COMPLEXO DO JURAMENTO),-22.8627778000,-43.3152778000,"21/08/2018, 09:03:00",false,false,,Não identificado,,,false,0,0,0,0,0,0,0,0,0,0,0,0,0,0
18372,"Anchieta, Rio de Janeiro - RJ, Brasil",Sudeste,Rio de Janeiro,Rio de Janeiro,ANCHIETA,,,-22.8238795000,-43.3981236000,"21/08/2018, 09:26:00",false,false,,Não identificado,,,false,0,0,0,0,0,0,0,0,0,0,0,0,0,0
18379,"Complexo do Chapadão, Guadalupe, Rio de Janeiro - RJ, 21640-260, Brasil",Sudeste,Rio de Janeiro,Rio de Janeiro,GUADALUPE,,COMPLEXO DO CHAPADAO,-22.8291920000,-43.3899640000,"21/08/2018, 10:19:00",false,false,,Não identificado,,,false,0,0,0,0,0,0,0,0,0,0,0,0,0,0
18377,"R. Iguaba Grande,  Pavuna, Rio de Janeiro - RJ, Brasil",Sudeste,Rio de Janeiro,Rio de Janeiro,PAVUNA,,CONJUNTO RESIDENCIAL VILLAGE PAVUNA,-22.8173747000,-43.3746895000,"21/08/2018, 11:22:00",false,false,,Não identificado,,,false,0,0,0,0,0,0,0,0,0,0,0,0,0,0
18378,"Complexo do Chapadão, Guadalupe, Rio de Janeiro - RJ, Brasil",Sudeste,Rio de Janeiro,Rio de Janeiro,ANCHIETA,,COMPLEXO DO CHAPADAO,-22.8208874000,-43.3892476000,"21/08/2018, 11:28:00",true,true,PM,Ação policial,,,false,0,4,0,0,0,0,0,0,0,0,0,0,0,0
18382,"R. Lome,Vila Kennedy, Rio de Janeiro - RJ, 21853-460, Brasil",Sudeste,Rio de Janeiro,Rio de Janeiro,VILA KENNEDY,,VILA KENNEDY,-22.8534471000,-43.4939227000,"21/08/2018, 13:20:00",false,false,,Não identificado,,,false,0,0,0,0,0,0,0,0,0,0,0,0,0,0
18384,"Morro da Covanca- Tanque, Rio de Janeiro - RJ, Brasil",Sudeste,Rio de Janeiro,Rio de Janeiro,TANQUE,,MORRO DA COVANCA,-22.9168857000,-43.3410124000,"21/08/2018, 14:23:00",false,false,,Não identificado,,,false,0,0,0,0,0,0,0,0,0,0,0,0,0,0
18386,"R. Congo, Vila Kennedy, Rio de Janeiro - RJ, Brasil",Sudeste,Rio de Janeiro,Rio de Janeiro,VILA KENNEDY,,VILA KENNEDY,-22.8621466000,-43.4907856000,"21/08/2018, 15:26:00",false,false,,Não identificado,,,false,0,0,0,0,0,0,0,0,0,0,0,0,0,0
18387,"R. Gen. Azeredo, Realengo, Rio de Janeiro - RJ, 21755-140, Brasil",Sudeste,Rio de Janeiro,Rio de Janeiro,REALENGO,,FAVELA DO ALMIRANTE,-22.8904806000,-43.4255703000,"21/08/2018, 15:27:00",false,false,,Não identificado,,,false,0,0,0,0,0,0,0,0,0,0,0,0,0,0
18391,"Favela da Light - Realengo, Rio de Janeiro - RJ, Brasil",Sudeste,Rio de Janeiro,Rio de Janeiro,REALENGO,,COMUNIDADE DA LIGHT (OU FAVELA DO ALMIRANTE),-22.8763107000,-43.4302937000,"21/08/2018, 15:37:00",false,false,,Não identificado,,,false,0,0,0,0,0,0,0,0,0,0,0,0,0,0
18390,"Chatuba- Penha, Rio de Janeiro - RJ, 21070-355, Brasil",Sudeste,Rio de Janeiro,Rio de Janeiro,PENHA,,CHATUBA (COMPLEXO DA PENHA),-22.8461530000,-43.2915550000,"21/08/2018, 15:45:00",false,false,,Não identificado,,,false,0,0,0,0,0,0,0,0,0,0,0,0,0,0
18393,"Leão e Malvinas - Vila Kennedy - Bangu, Rio de Janeiro - RJ, 21850-007, Brasil",Sudeste,Rio de Janeiro,Rio de Janeiro,VILA KENNEDY,,VILA KENNEDY,-22.8604006000,-43.4884116000,"21/08/2018, 18:35:00",false,false,,Não identificado,,,false,0,0,0,0,0,0,0,0,0,0,0,0,0,0
18397,"Mandela I e II - Manguinhos, Rio de Janeiro - RJ, Brasil",Sudeste,Rio de Janeiro,Rio de Janeiro,MANGUINHOS,,MANDELA (COMPLEXO DE MANGUINHOS),-22.8826194000,-43.2438533000,"21/08/2018, 18:48:00",true,true,UPP (Arar�/Mandela),Ação policial,,,false,2,0,0,0,0,0,0,0,0,0,0,0,0,0
18413,"Morro do Barbante, Vila Joaniza, Rio de Janeiro - RJ, Brasil",Sudeste,Rio de Janeiro,Rio de Janeiro,GALEAO,,MORRO DO BARBANTE (OU VILA JOANIZA),-22.8133799000,-43.2310881000,"21/08/2018, 19:00:00",true,true,PM,Operação policial,,,false,1,2,0,0,0,0,0,0,0,0,0,1,0,0
18398,"Morro da Penha - Penha, Rio de Janeiro - RJ, 21011-816, Brasil",Sudeste,Rio de Janeiro,Rio de Janeiro,PENHA,,MORRO DA MERENDIBA (COMPLEXO DA PENHA),-22.8436111000,-43.2747222000,"21/08/2018, 19:02:00",false,false,,Não identificado,,,false,0,0,0,0,0,0,0,0,0,0,0,0,0,0
18404,"Parque Arará, Rio de Janeiro - RJ, Brasil",Sudeste,Rio de Janeiro,Rio de Janeiro,BENFICA,,PARQUE ARARA,-22.8889072000,-43.2391525000,"21/08/2018, 20:14:00",false,false,,Não identificado,,,false,0,0,0,0,0,0,0,0,0,0,0,0,0,0
18416,"Rua João Vicente, Madureira, Rio de Janeiro - RJ, 21310-000, Brasil",Sudeste,Rio de Janeiro,Rio de Janeiro,MADUREIRA,,,-22.8755562000,-43.3397183000,"21/08/2018, 20:30:00",true,true,N�o identificado,Arrastão,,,false,0,0,0,0,0,0,0,0,0,0,0,0,0,0
18405,"Leão e Light - Vila Kennedy - Bangu, Rio de Janeiro - RJ, 21850-007, Brasil",Sudeste,Rio de Janeiro,Rio de Janeiro,VILA KENNEDY,,VILA KENNEDY,-22.8604006000,-43.4884116000,"21/08/2018, 20:37:00",false,false,,Não identificado,,,false,0,0,0,0,0,0,0,0,0,0,0,0,0,0
18407,"R. Pinto Gomes - Oswaldo Cruz, Rio de Janeiro - RJ, 21341-010, Brasil",Sudeste,Rio de Janeiro,Rio de Janeiro,OSVALDO CRUZ,,,-22.8732773000,-43.3517552000,"21/08/2018, 20:51:00",false,false,,Não identificado,,,false,0,0,0,0,0,0,0,0,0,0,0,0,0,0
18410,"Morro do Jordão - Tanque, Rio de Janeiro - RJ, Brasil",Sudeste,Rio de Janeiro,Rio de Janeiro,TANQUE,,MORRO DO JORDAO,-22.9086111000,-43.3750000000,"21/08/2018, 21:09:00",false,false,,Não identificado,,,false,0,0,0,0,0,0,0,0,0,0,0,0,0,0
18414,"Barrão, Vila Kennedy, Rio de Janeiro - RJ, Brasil",Sudeste,Rio de Janeiro,Rio de Janeiro,VILA KENNEDY,,VILA KENNEDY,-22.8528603000,-43.4938345000,"21/08/2018, 22:26:00",false,false,,Não identificado,,,false,0,0,0,0,0,0,0,0,0,0,0,0,0,0
18411,"Proença Rosa - Honório Gurgel, Rio de Janeiro - RJ, Brasil",Sudeste,Rio de Janeiro,Rio de Janeiro,HONORIO GURGEL,,PROENCA ROSA,-22.8381050000,-43.3596270000,"22/08/2018, 00:01:00",false,false,,Não identificado,,,false,0,0,0,0,0,0,0,0,0,0,0,0,0,0
18423,"Quintanilha,  Cidade de Deus, Rio de Janeiro - RJ, Brasil",Sudeste,Rio de Janeiro,Rio de Janeiro,CIDADE DE DEUS,,CIDADE DE DEUS,-22.9481408000,-43.3625659000,"22/08/2018, 02:00:00",false,false,,Não identificado,,,false,0,0,0,0,0,0,0,0,0,0,0,0,0,0
18417,"Morro da Mineira, Catumbi, Rio de Janeiro - RJ, Brasil",Sudeste,Rio de Janeiro,Rio de Janeiro,CATUMBI,,MORRO DA MINEIRA (COMPLEXO DO SAO CARLOS),-22.9159650000,-43.1954830000,"22/08/2018, 03:00:00",true,true,N�o identificado,Operação policial,,,false,0,0,0,0,0,0,0,0,0,0,0,0,0,0
18424,"Pantanal, Cidade de Deus, Rio de Janeiro - RJ, Brasil",Sudeste,Rio de Janeiro,Rio de Janeiro,CIDADE DE DEUS,,CIDADE DE DEUS,-22.9447482000,-43.3526684000,"22/08/2018, 03:30:00",true,true,N�o identificado,Operação policial,,,false,0,1,0,0,0,0,0,0,0,0,0,0,0,0
18427,"R. Camarista Méier - Engenho de Dentro, Rio de Janeiro - RJ, Brasil",Sudeste,Rio de Janeiro,Rio de Janeiro,ENGENHO DE DENTRO,,,-22.9095096000,-43.2967614000,"22/08/2018, 04:35:00",false,false,,Não identificado,,,false,0,0,0,0,0,0,0,0,0,0,0,0,0,0
18426,"Karatê, Cidade de Deus - Jacarepaguá, Rio de Janeiro - RJ, Brasil",Sudeste,Rio de Janeiro,Rio de Janeiro,CIDADE DE DEUS,,CIDADE DE DEUS,-22.9341184000,-43.3635010000,"22/08/2018, 04:56:00",true,true,N�o identificado,Ação policial,,,false,0,0,0,0,0,0,0,0,0,0,0,0,0,0
18469,"Morro do São Carlos,  Estácio, Rio de Janeiro - RJ, 20250-170, Brasil",Sudeste,Rio de Janeiro,Rio de Janeiro,ESTACIO,,MORRO DO SAO CARLOS (COMPLEXO DO SAO CARLOS),-22.9198751000,-43.2030128000,"22/08/2018, 06:00:00",true,true,N�o identificado,Operação policial,,,false,0,0,0,0,0,0,0,0,0,0,0,0,0,0
18438,"R. Morais Pinheiro, Rio de Janeiro - RJ, Brasil",Sudeste,Rio de Janeiro,Rio de Janeiro,RICARDO DE ALBUQUERQUE,,MORRO DA TIRADENTES (COMPLEXO DO CHAPADAO),-22.8322403000,-43.3904486000,"22/08/2018, 09:14:00",false,false,,Não identificado,,,false,0,0,0,0,0,0,0,0,0,0,0,0,0,0
18439,"Praça da Fé, Cidade de Deus, Rio de Janeiro - RJ, 22763-550, Brasil",Sudeste,Rio de Janeiro,Rio de Janeiro,CIDADE DE DEUS,,CIDADE DE DEUS,-22.9505567000,-43.3543799000,"22/08/2018, 13:06:00",false,false,,Não identificado,,,false,0,0,0,0,0,0,0,0,0,0,0,0,0,0
18440,"Karate,  Cidade de Deus, Rio de Janeiro",Sudeste,Rio de Janeiro,Rio de Janeiro,CIDADE DE DEUS,,CIDADE DE DEUS,-22.9476190000,-43.3670850000,"22/08/2018, 16:01:00",false,false,,Não identificado,,,false,0,0,0,0,0,0,0,0,0,0,0,0,0,0
18444,"Tijuca, Rio de Janeiro - RJ, Brasil",Sudeste,Rio de Janeiro,Rio de Janeiro,TIJUCA,,,-22.9325728000,-43.2410248000,"22/08/2018, 16:16:00",false,false,,Não identificado,,,false,0,0,0,0,0,0,0,0,0,0,0,0,0,0
18445,"Manguinhos, Rio de Janeiro - RJ, 20975-070, Brasil",Sudeste,Rio de Janeiro,Rio de Janeiro,MANGUINHOS,,MANGUINHOS (COMPLEXO DE MANGUINHOS),-22.8826769000,-43.2478547000,"22/08/2018, 16:48:00",false,false,,Não identificado,,,false,0,0,0,0,0,0,0,0,0,0,0,0,0,0
18450,"Quintino Bocaiuva, Rio de Janeiro - RJ, Brasil",Sudeste,Rio de Janeiro,Rio de Janeiro,QUINTINO BOCAIUVA,,,-22.8936588000,-43.3217453000,"22/08/2018, 16:57:00",false,false,,Não identificado,,,false,0,0,0,0,0,0,0,0,0,0,0,0,0,0
18446,"Estr. do Piaí, 3038-3056 - Sepetiba, Rio de Janeiro - RJ",Sudeste,Rio de Janeiro,Rio de Janeiro,SEPETIBA,,,-22.9781367000,-43.6788306000,"22/08/2018, 17:00:00",false,false,,Não identificado,,,false,0,0,0,0,0,0,0,0,0,0,0,0,0,0
18452,"R. Lagoa Real, 29 - Guadalupe, Rio de Janeiro - RJ, 21665-100, Brasil",Sudeste,Rio de Janeiro,Rio de Janeiro,GUADALUPE,,GOGO DA EMA (COMPLEXO DO CHAPADAO),-22.8336530000,-43.3802540000,"22/08/2018, 17:25:00",false,false,,Não identificado,,,false,0,0,0,0,0,0,0,0,0,0,0,0,0,0
18453,"Morro do Adeus,  Complexo do Alemão, Rio de Janeiro - RJ, Brasil",Sudeste,Rio de Janeiro,Rio de Janeiro,COMPLEXO DO ALEMAO,,MORRO DO ADEUS (COMPLEXO DO ALEMAO),-22.8647630000,-43.2649760000,"22/08/2018, 17:50:00",false,false,,Não identificado,,,false,0,0,0,0,0,0,0,0,0,0,0,0,0,0
18454,"Mandela, Manguinhos, Rio de Janeiro - RJ, Brasil",Sudeste,Rio de Janeiro,Rio de Janeiro,MANGUINHOS,,MANDELA (COMPLEXO DE MANGUINHOS),-22.8828561000,-43.2439862000,"22/08/2018, 17:56:00",false,false,,Não identificado,,,false,0,0,0,0,0,0,0,0,0,0,0,0,0,0
18466,"R. das Laranjeiras, Rio de Janeiro - RJ, Brasil",Sudeste,Rio de Janeiro,Rio de Janeiro,LARANJEIRAS,,,-22.9346283000,-43.1877371000,"22/08/2018, 19:30:00",true,true,N�o identificado,Tentativa/Roubo,,Outros,false,0,1,0,0,0,0,0,0,0,0,0,0,0,0
18457,"R. da Grota - Complexo do Alemão, Rio de Janeiro - RJ, Brasil",Sudeste,Rio de Janeiro,Rio de Janeiro,COMPLEXO DO ALEMAO,,GROTA (COMPLEXO DO ALEMAO),-22.8608162000,-43.2741950000,"22/08/2018, 19:59:00",false,false,,Não identificado,,,false,0,0,0,0,0,0,0,0,0,0,0,0,0,0
18458,"R. Piraquara - Realengo, Rio de Janeiro - RJ, Brasil",Sudeste,Rio de Janeiro,Rio de Janeiro,REALENGO,,,-22.8839065000,-43.4189660000,"22/08/2018, 20:17:00",false,false,,Não identificado,,,false,0,0,0,0,0,0,0,0,0,0,0,0,0,0
18470,"Mangueira, Rio de Janeiro - RJ, Brasil",Sudeste,Rio de Janeiro,Rio de Janeiro,MANGUEIRA,,MANGUEIRA,-22.9052507000,-43.2340127000,"23/08/2018, 02:30:00",true,true,PM,Operação policial,,,false,0,0,0,0,0,0,0,0,0,0,0,0,0,0
18472,"R. Bezerra de Menezes - Váz Lobo, Rio de Janeiro - RJ, Brasil",Sudeste,Rio de Janeiro,Rio de Janeiro,VAZ LOBO,,MORRO DA FAZENDA (COMPLEXO DA SERRINHA),-22.8594617000,-43.3264736000,"23/08/2018, 05:19:00",false,false,,Não identificado,,,false,0,0,0,0,0,0,0,0,0,0,0,0,0,0
18473,"Morro do Juramento, Igrejinha - Vicente de Carvalho, Rio de Janeiro - RJ, Brasil",Sudeste,Rio de Janeiro,Rio de Janeiro,VICENTE DE CARVALHO,,MORRO DO JURAMENTO (COMPLEXO DO JURAMENTO),-22.8584300000,-43.3167307000,"23/08/2018, 05:26:00",true,true,N�o identificado,Operação policial,,,false,0,0,0,1,0,0,0,0,0,0,0,0,0,0
18474,"São Cristóvão, Rio de Janeiro - RJ, Brasil",Sudeste,Rio de Janeiro,Rio de Janeiro,SAO CRISTOVAO,,,-22.8982426000,-43.2189006000,"23/08/2018, 05:29:00",false,false,,Não identificado,,,false,0,0,0,0,0,0,0,0,0,0,0,0,0,0
18478,"R. Marambaia, Rio de Janeiro - RJ, Brasil",Sudeste,Rio de Janeiro,Rio de Janeiro,IRAJA,,,-22.8529195000,-43.3248488000,"23/08/2018, 06:00:00",false,false,,Não identificado,,,false,0,0,0,0,0,0,0,0,0,0,0,0,0,0
18476,"Vila Aliança - Bangu, Rio de Janeiro - RJ, 21842-170, Brasil",Sudeste,Rio de Janeiro,Rio de Janeiro,BANGU,,VILA ALIANCA,-22.8704475000,-43.4777208000,"23/08/2018, 06:32:00",true,true,PM,Operação policial,,,false,0,0,0,0,0,0,0,0,0,0,0,0,0,0
18481,"Cidade de Deus, Rio de Janeiro - RJ, Brasil",Sudeste,Rio de Janeiro,Rio de Janeiro,CIDADE DE DEUS,,CIDADE DE DEUS,-22.9481688000,-43.3626721000,"23/08/2018, 07:46:00",false,false,,Não identificado,,,false,0,0,0,0,0,0,0,0,0,0,0,0,0,0
18482,"Chapéu Mangueira, Leme, Rio de Janeiro - RJ, Brasil",Sudeste,Rio de Janeiro,Rio de Janeiro,LEME,,CHAPEU-MANGUEIRA,-22.9615018000,-43.1662396000,"23/08/2018, 07:48:00",false,false,,Não identificado,,,false,0,0,0,0,0,0,0,0,0,0,0,0,0,0
18488,"Morro (na Torre) - Vila Kennedy - Bangu, Rio de Janeiro - RJ, Brasil",Sudeste,Rio de Janeiro,Rio de Janeiro,VILA KENNEDY,,VILA KENNEDY,-22.8604006000,-43.4884116000,"23/08/2018, 13:22:00",false,false,,Não identificado,,,false,0,0,0,0,0,0,0,0,0,0,0,0,0,0
18516,"Morro da Viúva - Flamengo, Rio de Janeiro - RJ, 22250-060, Brasil",Sudeste,Rio de Janeiro,Rio de Janeiro,FLAMENGO,,,-22.9400000000,-43.1730556000,"23/08/2018, 14:30:00",true,true,PM,Operação policial,,,false,0,1,0,0,0,0,0,0,0,0,0,0,0,0
18494,"Teixeiras, Rio de Janeiro - RJ, Brasil",Sudeste,Rio de Janeiro,Rio de Janeiro,TAQUARA,,TEIXEIRAS,-22.9135290000,-43.4156659000,"23/08/2018, 16:51:00",false,false,,Não identificado,,,false,0,0,0,0,0,0,0,0,0,0,0,0,0,0
18503,"Av. Menezes Cortes - Freguesia (Jacarepaguá), Rio de Janeiro - RJ, Brasil",Sudeste,Rio de Janeiro,Rio de Janeiro,JACAREPAGUA,,,-22.9245309000,-43.2908911000,"23/08/2018, 17:00:00",false,false,,Não identificado,,,false,0,0,0,0,0,0,0,0,0,0,0,0,0,0
18495,"Freguesia (Jacarepaguá), Rio de Janeiro - RJ, Brasil",Sudeste,Rio de Janeiro,Rio de Janeiro,FREGUESIA (JACAREPAGUA),,,-22.9348995000,-43.3360471000,"23/08/2018, 17:00:00",true,true,N�o identificado,Ação policial,,,false,0,0,0,0,0,0,0,0,0,0,0,0,0,0
18499,"Antares - Santa Cruz, Rio de Janeiro - RJ, 23510-360, Brasil",Sudeste,Rio de Janeiro,Rio de Janeiro,SANTA CRUZ,,FAVELA DE ANTARES,-22.9214300000,-43.6647960000,"23/08/2018, 19:07:00",false,false,,Não identificado,,,false,0,0,0,0,0,0,0,0,0,0,0,0,0,0
18622,"Costa Barros, Rio de Janeiro - RJ, Brasil",Sudeste,Rio de Janeiro,Rio de Janeiro,COSTA BARROS,,,-22.8246493000,-43.3727275000,"23/08/2018, 21:00:00",false,false,,Disputa,,,false,1,2,0,0,0,0,0,0,0,0,0,0,0,0
18524,"Campo Grande, Rio de Janeiro - RJ, Brasil",Sudeste,Rio de Janeiro,Rio de Janeiro,CAMPO GRANDE,,,-22.9035842000,-43.5662438000,"24/08/2018, 00:00:00",false,true,,Tentativa/Roubo,,,false,0,0,0,1,0,0,0,0,0,0,0,0,0,0
18504,"Bateau Mouche - Praça Seca, Rio de Janeiro - RJ, 22733-120, Brasil",Sudeste,Rio de Janeiro,Rio de Janeiro,PRACA SECA,,FAVELA BATEAU MOUCHE,-22.9048084000,-43.3550791000,"24/08/2018, 00:48:00",false,false,,Não identificado,,,false,0,0,0,0,0,0,0,0,0,0,0,0,0,0
18517,"Vila Cruzeiro -  Penha, Rio de Janeiro - RJ, 21070-480, BrasilVi",Sudeste,Rio de Janeiro,Rio de Janeiro,PENHA,,VILA CRUZEIRO (COMPLEXO DA PENHA),-22.8470418000,-43.2841752000,"24/08/2018, 02:00:00",true,true,N�o identificado,Operação policial,,,false,0,0,0,0,0,0,0,0,0,0,0,0,0,0
18505,"Morro da Serrinha - Madureira, Rio de Janeiro - RJ, Brasil",Sudeste,Rio de Janeiro,Rio de Janeiro,MADUREIRA,,MORRO DA SERRINHA (COMPLEXO DA SERRINHA),-22.8670205000,-43.3346274000,"24/08/2018, 03:30:00",true,true,N�o identificado,Ação policial,,,false,0,0,0,0,0,0,0,0,0,0,0,0,0,0
18506,"Morro da Barão - Praça Seca, Rio de Janeiro - RJ, Brasil",Sudeste,Rio de Janeiro,Rio de Janeiro,PRACA SECA,,MORRO SAO JOSE OPERARIO (OU MORRO DA BARAO),-22.8988185000,-43.3521535000,"24/08/2018, 03:35:00",true,true,PM,Operação policial,,,false,0,1,0,0,0,0,0,0,0,0,0,0,0,0
18509,"Bateau Mouche - Praça Seca, Rio de Janeiro - RJ, 22733-120, Brasil",Sudeste,Rio de Janeiro,Rio de Janeiro,PRACA SECA,,FAVELA BATEAU MOUCHE,-22.9048084000,-43.3550791000,"24/08/2018, 04:55:00",false,false,,Não identificado,,,false,0,0,0,0,0,0,0,0,0,0,0,0,0,0
18510,"Barão - Praça Seca, Rio de Janeiro - RJ, Brasil",Sudeste,Rio de Janeiro,Rio de Janeiro,PRACA SECA,,MORRO SAO JOSE OPERARIO (OU MORRO DA BARAO),-22.8988185000,-43.3521535000,"24/08/2018, 05:35:00",false,false,,Não identificado,,,false,0,0,0,0,0,0,0,0,0,0,0,0,0,0
18511,"Bateau Mouche - Praça Seca, Rio de Janeiro - RJ, 22733-120, Brasil",Sudeste,Rio de Janeiro,Rio de Janeiro,PRACA SECA,,FAVELA BATEAU MOUCHE,-22.9048084000,-43.3550791000,"24/08/2018, 05:54:00",true,true,N�o identificado,Ação policial,,,false,0,0,0,0,0,0,0,0,0,0,0,0,0,0
18528,"Cotia - Lins de Vasconcelos, Rio de Janeiro - RJ, 20725-090, Brasil",Sudeste,Rio de Janeiro,Rio de Janeiro,LINS DE VASCONCELOS,,MORRO DA COTIA (COMPLEXO DO LINS),-22.9145803000,-43.2822719000,"24/08/2018, 06:00:00",true,true,N�o identificado,Ação policial,,,false,0,0,0,0,0,0,0,0,0,0,0,0,0,0
18530,"R. São Francisco Xavier, Rio de Janeiro - RJ, Brasil",Sudeste,Rio de Janeiro,Rio de Janeiro,TIJUCA,,,-22.9181414000,-43.2243845000,"24/08/2018, 06:00:00",true,true,PM,Ação policial,,,false,0,0,0,0,0,0,0,0,0,0,0,0,0,0
18512,"Morro da Fé - Penha, Rio de Janeiro - RJ, Brasil",Sudeste,Rio de Janeiro,Rio de Janeiro,PENHA,,MORRO DA FE (COMPLEXO DA PENHA),-22.8308535000,-43.2698184000,"24/08/2018, 06:16:00",true,true,N�o identificado,Operação policial,,,false,0,0,0,0,0,0,0,0,0,0,0,0,0,0
18519,"Vila Cruzeiro - Penha, Rio de Janeiro - RJ, 21070-480, Brasil",Sudeste,Rio de Janeiro,Rio de Janeiro,PENHA,,VILA CRUZEIRO (COMPLEXO DA PENHA),-22.8470418000,-43.2841752000,"24/08/2018, 07:39:00",false,false,,Não identificado,,,false,0,0,0,0,0,0,0,0,0,0,0,0,0,0
18522,"14 - Vidigal, Rio de Janeiro - RJ, 22450-241, Brasil",Sudeste,Rio de Janeiro,Rio de Janeiro,VIDIGAL,,VIDIGAL,-22.9942710000,-43.2354183000,"24/08/2018, 10:00:00",false,false,,Não identificado,,,false,0,0,0,0,0,0,0,0,0,0,0,0,0,0
18529,"Penha, Rio de Janeiro - RJ, Brasil",Sudeste,Rio de Janeiro,Rio de Janeiro,PENHA,,,-22.8308535000,-43.2698184000,"24/08/2018, 16:06:00",false,false,,Não identificado,,,false,0,0,0,0,0,0,0,0,0,0,0,0,0,0
18533,"Av. Chrisóstomo Pimentel de Oliveira, 2500 - Pavuna, Rio de Janeiro - RJ, 21650-002, Brasil",Sudeste,Rio de Janeiro,Rio de Janeiro,PAVUNA,,CONJUNTO DA MARINHA,-22.8136986000,-43.3765478000,"24/08/2018, 17:40:00",false,false,,Não identificado,,,false,0,0,0,0,0,0,0,0,0,0,0,0,0,0
18537,"R. Bulhões Marcial, Rio de Janeiro - RJ, Brasil",Sudeste,Rio de Janeiro,Rio de Janeiro,VIGARIO GERAL,,FAVELA DE VIGARIO GERAL (COMPLEXO DE ISRAEL),-22.8089456000,-43.3027478000,"24/08/2018, 18:38:00",false,false,,Não identificado,,,false,0,0,0,0,0,0,0,0,0,0,0,0,0,0
18536,"Morro do Juramento - Vicente de Carvalho, Rio de Janeiro - RJ, Brasil",Sudeste,Rio de Janeiro,Rio de Janeiro,VICENTE DE CARVALHO,,MORRO DO JURAMENTO (COMPLEXO DO JURAMENTO),-22.8627778000,-43.3152778000,"24/08/2018, 18:39:00",false,false,,Não identificado,,,false,0,0,0,0,0,0,0,0,0,0,0,0,0,0
18579,"R. Pavãozinho - Copacabana, Rio de Janeiro - RJ, 22071-060, Brasil",Sudeste,Rio de Janeiro,Rio de Janeiro,COPACABANA,,MORRO DO PAVAO-PAVAOZINHO,-22.9807799000,-43.1966495000,"24/08/2018, 21:01:00",false,false,,Não identificado,,,false,0,0,0,0,0,0,0,0,0,0,0,0,0,0
18546,"R. Castelnuovo, 175 - Tijuca, Rio de Janeiro - RJ, 20530-120, Brasil",Sudeste,Rio de Janeiro,Rio de Janeiro,TIJUCA,,MORRO DA FORMIGA,-22.9422397000,-43.2430250000,"24/08/2018, 23:45:00",false,false,,Não identificado,,,false,0,0,0,0,0,0,0,0,0,0,0,0,0,0
18560,"AutoEstrada Grajaú - Jacarepaguá - Engenho Novo, Rio de Janeiro - RJ, Brasil",Sudeste,Rio de Janeiro,Rio de Janeiro,JACAREPAGUA,,,-22.9210934000,-43.2850215000,"25/08/2018, 00:00:00",true,true,N�o identificado,Operação policial,,,false,0,0,0,0,0,0,0,0,0,0,0,0,0,0
18554,"Dona Marta - R. Belisário Távora - Laranjeiras, Rio de Janeiro - RJ, Brasil",Sudeste,Rio de Janeiro,Rio de Janeiro,BOTAFOGO,,SANTA MARTA,-22.9420509000,-43.1929697000,"25/08/2018, 03:55:00",true,true,N�o identificado,Ação policial,,,false,0,0,0,0,0,0,0,0,0,0,0,0,0,0
18552,"Manilha - Vila Kennedy - Bangu, Rio de Janeiro - RJ, 21850-007, Brasil",Sudeste,Rio de Janeiro,Rio de Janeiro,VILA KENNEDY,,VILA KENNEDY,-22.8604006000,-43.4884116000,"25/08/2018, 04:25:00",false,false,,Não identificado,,,false,0,0,0,0,0,0,0,0,0,0,0,0,0,0
18558,"Rua Canitar, Complexo do Alemão, Rio de Janeiro - RJ, Brasil",Sudeste,Rio de Janeiro,Rio de Janeiro,COMPLEXO DO ALEMAO,,ALVORADA (COMPLEXO DO ALEMAO),-22.8602489000,-43.2810716000,"25/08/2018, 09:20:00",false,false,,Não identificado,,,false,0,0,0,0,0,0,0,0,0,0,0,0,0,0
18559,"Rua Itamataré - Curicica, Rio de Janeiro - RJ, 22780-804, Brasil",Sudeste,Rio de Janeiro,Rio de Janeiro,CURICICA,,,-22.9524769000,-43.3806607000,"25/08/2018, 12:40:00",false,false,,Não identificado,,,false,0,0,0,0,0,0,0,0,0,0,0,0,0,0
18565,"Morro da Posse, Bairro Adriana, Campo Grande, Rio de Janeiro - RJ, 23088-140, Brasil",Sudeste,Rio de Janeiro,Rio de Janeiro,CAMPO GRANDE,,,-22.8880390000,-43.5454030000,"25/08/2018, 15:31:00",false,false,,Não identificado,,,false,0,0,0,0,0,0,0,0,0,0,0,0,0,0
18569,"26, Vila Kennedy, Rio de Janeiro - RJ, Brasil",Sudeste,Rio de Janeiro,Rio de Janeiro,VILA KENNEDY,,VILA KENNEDY,-22.8556269000,-43.4883460000,"25/08/2018, 16:56:00",false,false,,Não identificado,,,false,0,0,0,0,0,0,0,0,0,0,0,0,0,0
18573,"Morro da Posse, Bairro Adriana, Campo Grande, Rio de Janeiro - RJ, 23088-140, Brasil",Sudeste,Rio de Janeiro,Rio de Janeiro,CAMPO GRANDE,,,-22.8880390000,-43.5454030000,"25/08/2018, 17:32:00",false,false,,Não identificado,,,false,0,0,0,0,0,0,0,0,0,0,0,0,0,0
18570,"Ladeira dos Tabajaras, Rio de Janeiro - RJ, Brasil",Sudeste,Rio de Janeiro,Rio de Janeiro,COPACABANA,,LADEIRA DOS TABAJARAS,-22.9642350000,-43.1898099000,"25/08/2018, 18:20:00",false,false,,Não identificado,,,false,0,0,0,0,0,0,0,0,0,0,0,0,0,0
18575,"Morro do Urubu, Cavalcanti, Rio de Janeiro - RJ, Brasil",Sudeste,Rio de Janeiro,Rio de Janeiro,CAVALCANTI,,MORRO DO URUBU (COMPLEXO DO URUBU),-22.8724232000,-43.3125114000,"25/08/2018, 20:18:00",false,false,,Não identificado,,,false,0,0,0,0,0,0,0,0,0,0,0,0,0,0
18574,"Av. Pastor Martin Luther King Junior, Inhaúma, Rio de Janeiro - RJ, Brasil",Sudeste,Rio de Janeiro,Rio de Janeiro,INHAUMA,,,-22.8645182000,-43.3051318000,"25/08/2018, 20:32:00",false,false,,Não identificado,,,false,0,0,0,0,0,0,0,0,0,0,0,0,0,0
18581,"Malvinas, Vila Kennedy - Bangu, Rio de Janeiro - RJ, Brasil",Sudeste,Rio de Janeiro,Rio de Janeiro,VILA KENNEDY,,VILA KENNEDY,-22.8604006000,-43.4884116000,"25/08/2018, 21:00:00",false,false,,Não identificado,,,false,0,0,0,0,0,0,0,0,0,0,0,0,0,0
18582,"Dona Marta- R. São Clemente, 307 - Botafogo, Rio de Janeiro - RJ, 22260-140, Brasil",Sudeste,Rio de Janeiro,Rio de Janeiro,BOTAFOGO,,SANTA MARTA,-22.9483710000,-43.1935330000,"26/08/2018, 03:52:00",true,true,N�o identificado,Ação policial,,,false,0,0,0,0,0,0,0,0,0,0,0,0,0,0
18584,"Morro do Juramento - Vicente de Carvalho, Rio de Janeiro - RJ, Brasil",Sudeste,Rio de Janeiro,Rio de Janeiro,VICENTE DE CARVALHO,,MORRO DO JURAMENTO (COMPLEXO DO JURAMENTO),-22.8627778000,-43.3152778000,"26/08/2018, 04:17:00",false,false,,Não identificado,,,false,0,0,0,0,0,0,0,0,0,0,0,0,0,0
18583,"Manguinhos, Rio de Janeiro - RJ, 20975-070, Brasil",Sudeste,Rio de Janeiro,Rio de Janeiro,MANGUINHOS,,MANGUINHOS (COMPLEXO DE MANGUINHOS),-22.8826769000,-43.2478547000,"26/08/2018, 04:30:00",false,false,,Não identificado,,,false,0,0,0,0,0,0,0,0,0,0,0,0,0,0
18588,"Morro do Borel - Tijuca, Rio de Janeiro - RJ, Brasil",Sudeste,Rio de Janeiro,Rio de Janeiro,TIJUCA,,MORRO DO BOREL,-22.9325728000,-43.2410248000,"26/08/2018, 07:17:00",false,false,,Não identificado,,,false,0,0,0,0,0,0,0,0,0,0,0,0,0,0
18591,"Morro do Turano - Tijuca, Rio de Janeiro - RJ, 20260-230, Brasil",Sudeste,Rio de Janeiro,Rio de Janeiro,TIJUCA,,MORRO DO TURANO,-22.9230472000,-43.2195826000,"26/08/2018, 11:06:00",false,false,,Não identificado,,,false,0,0,0,0,0,0,0,0,0,0,0,0,0,0
18593,"R. R - Senador Camará, Rio de Janeiro - RJ, 21853-560, Brasil",Sudeste,Rio de Janeiro,Rio de Janeiro,BANGU,,VILA ALIANCA,-22.8664439000,-43.4852414000,"26/08/2018, 11:34:00",false,false,,Não identificado,,,false,0,0,0,0,0,0,0,0,0,0,0,0,0,0
18621,"Av. Oliveira Belo - Vila da Penha, Rio de Janeiro - RJ, 21221-300, Brasil",Sudeste,Rio de Janeiro,Rio de Janeiro,VILA DA PENHA,,,-22.8446306000,-43.3100280000,"26/08/2018, 14:00:00",false,false,,Tentativa/Roubo,,,false,0,6,0,0,0,0,0,0,0,0,0,0,0,0
18596,"Estr. do Camboatá e Complexo do Chapadão, Guadalupe, Rio de Janeiro - RJ, Brasil",Sudeste,Rio de Janeiro,Rio de Janeiro,GUADALUPE,,FAVELA FAZ QUEM QUER,-22.8341566000,-43.3796253000,"26/08/2018, 17:28:00",false,false,,Não identificado,,,false,0,0,0,0,0,0,0,0,0,0,0,0,0,0
18636,"Estrada da Água Branca, Bangu, Rio de Janeiro - RJ, Brasil",Sudeste,Rio de Janeiro,Rio de Janeiro,BANGU,,VILA ALIANCA,-22.8630396000,-43.4693090000,"26/08/2018, 17:30:00",false,false,,Briga,,,false,0,1,0,0,0,0,0,0,0,1,0,0,0,0
18598,"Antares, Santa Cruz, Rio de Janeiro - RJ, Brasil",Sudeste,Rio de Janeiro,Rio de Janeiro,SANTA CRUZ,,FAVELA DE ANTARES,-22.9217436000,-43.6637652000,"26/08/2018, 18:33:00",false,false,,Não identificado,,,false,0,0,0,0,0,0,0,0,0,0,0,0,0,0
18599,"R. Canal Limite, 40 - Maré, Rio de Janeiro - RJ, 21043-230, Brasil",Sudeste,Rio de Janeiro,Rio de Janeiro,MARE,,BAIXA DO SAPATEIRO (COMPLEXO DA MARE),-22.8605340000,-43.2406800000,"26/08/2018, 18:45:00",false,false,,Não identificado,,,false,0,0,0,0,0,0,0,0,0,0,0,0,0,0
18607,"13 - Cidade de Deus, Rio de Janeiro - RJ, Brasil",Sudeste,Rio de Janeiro,Rio de Janeiro,CIDADE DE DEUS,,CIDADE DE DEUS,-22.9492350000,-43.3631630000,"26/08/2018, 20:06:00",false,false,,Não identificado,,,false,0,0,0,0,0,0,0,0,0,0,0,0,0,0
18611,"Vila Aliança - R. Marmiari - Senador Camará, Rio de Janeiro - RJ, Brasil",Sudeste,Rio de Janeiro,Rio de Janeiro,SENADOR CAMARA,,FAVELA TIQUIA,-22.8895814000,-43.4825049000,"26/08/2018, 21:45:00",false,false,,Não identificado,,,false,0,0,0,0,0,0,0,0,0,0,0,0,0,0
18617,"R. Visc. de Santa Isabel, Vila Isabel, Rio de Janeiro - RJ, 20560-120, Brasil",Sudeste,Rio de Janeiro,Rio de Janeiro,VILA ISABEL,,,-22.9170973000,-43.2594332000,"26/08/2018, 21:50:00",true,true,PM,Ação policial,,,false,0,0,0,0,0,0,0,0,0,0,0,0,0,0
18641,"R. Paulo Rola - Senador Camará, Rio de Janeiro - RJ, Brasil",Sudeste,Rio de Janeiro,Rio de Janeiro,SENADOR CAMARA,,,-22.8910161000,-43.4833838000,"27/08/2018, 01:00:00",true,true,N�o identificado,Ação policial,,,false,0,0,0,0,0,0,0,0,0,0,0,0,0,0
18627,"Rua Leonor Chrisman Mulle - Realengo, Rio de Janeiro - RJ, Brasil",Sudeste,Rio de Janeiro,Rio de Janeiro,REALENGO,,COMUNIDADE COSME E DAMIAO,-22.8953381000,-43.4181966000,"27/08/2018, 01:30:00",false,false,,Não identificado,,,false,0,0,0,0,0,0,0,0,0,0,0,0,0,0
18609,"Dona Marta - Botafogo, Rio de Janeiro - RJ, 22245-010, Brasil",Sudeste,Rio de Janeiro,Rio de Janeiro,BOTAFOGO,,SANTA MARTA,-22.9428840000,-43.1899570000,"27/08/2018, 02:33:00",true,true,PM,Operação policial,,,false,0,0,0,0,0,0,0,0,0,0,0,0,0,0
18612,"R. um e Rua Três - Rocinha, Rio de Janeiro - RJ, Brasil",Sudeste,Rio de Janeiro,Rio de Janeiro,ROCINHA,,ROCINHA,-22.9899417000,-43.2451481000,"27/08/2018, 03:40:00",true,true,PM,Operação policial,,,false,0,0,0,0,0,0,0,0,0,0,0,0,0,0
18614,"R. Enora - Acari, Rio de Janeiro - RJ, 21531-315, Brasil",Sudeste,Rio de Janeiro,Rio de Janeiro,ACARI,,CONJUNTO AMARELINHO,-22.8257676000,-43.3389194000,"27/08/2018, 03:59:00",false,false,,Não identificado,,,false,0,0,0,0,0,0,0,0,0,0,0,0,0,0
18620,"Bairro Carioca - Rocha, Rio de Janeiro - RJ, 20911-170, Brasil",Sudeste,Rio de Janeiro,Rio de Janeiro,ROCHA,,BAIRRO CARIOCA (TRIAGEM),-22.8936373000,-43.2474624000,"27/08/2018, 04:45:00",true,true,N�o identificado,Operação policial,,,false,1,0,0,1,0,0,0,0,0,0,0,0,1,0
18618,"Linha da Morte - Rocinha, Rio de Janeiro - RJ, Brasil",Sudeste,Rio de Janeiro,Rio de Janeiro,ROCINHA,,ROCINHA,-22.9879841000,-43.2479825000,"27/08/2018, 05:40:00",true,true,N�o identificado,Ação policial,,,false,0,0,0,0,0,0,0,0,0,0,0,0,0,0
18625,"Comunidade Santo André Bangu, RJ",Sudeste,Rio de Janeiro,Rio de Janeiro,BANGU,,MORRO SANTO ANDRE,-22.8859867000,-43.4650527000,"27/08/2018, 07:00:00",false,false,,Não identificado,,,false,0,0,0,0,0,0,0,0,0,0,0,0,0,0
18628,"R. Átila de Sá Peixoto - Realengo, Rio de Janeiro - RJ, Brasil",Sudeste,Rio de Janeiro,Rio de Janeiro,REALENGO,,COMUNIDADE COSME E DAMIAO,-22.8943147000,-43.4217718000,"27/08/2018, 09:15:00",false,false,,Não identificado,,,false,0,0,0,0,0,0,0,0,0,0,0,0,0,0
18629,"R. Lagos, Vila Kennedy, Bangu, Rio de Janeiro - RJ, Brasil",Sudeste,Rio de Janeiro,Rio de Janeiro,VILA KENNEDY,,VILA KENNEDY,-22.8606542000,-43.4914548000,"27/08/2018, 10:30:00",false,false,,Não identificado,,,false,0,0,0,0,0,0,0,0,0,0,0,0,0,0
18630,"Morro do Andaraí, Andaraí, Rio de Janeiro - RJ, Brasil",Sudeste,Rio de Janeiro,Rio de Janeiro,ANDARAI,,MORRO DO ANDARAI,-22.9335584000,-43.2577124000,"27/08/2018, 11:06:00",false,false,,Não identificado,,,false,0,0,0,0,0,0,0,0,0,0,0,0,0,0
18631,"Tv. Cartagena, Bangu, Rio de Janeiro - RJ, Brasil",Sudeste,Rio de Janeiro,Rio de Janeiro,VILA KENNEDY,,VILA KENNEDY,-22.8595190000,-43.4921870000,"27/08/2018, 11:21:00",false,false,,Não identificado,,,false,0,0,0,0,0,0,0,0,0,0,0,0,0,0
18632,"Morro do Urubu, Cavalcanti, Rio de Janeiro - RJ, Brasil",Sudeste,Rio de Janeiro,Rio de Janeiro,CAVALCANTI,,MORRO DO URUBU (COMPLEXO DO URUBU),-22.8695700000,-43.3100158000,"27/08/2018, 12:00:00",false,false,,Não identificado,,,false,0,0,0,0,0,0,0,0,0,0,0,0,0,0
18634,"Metral, Vila Kennedy, Bangu, Rio de Janeiro - RJ, 21853-550, Brasil",Sudeste,Rio de Janeiro,Rio de Janeiro,VILA KENNEDY,,VILA KENNEDY,-22.8547900000,-43.4970670000,"27/08/2018, 12:43:00",false,false,,Não identificado,,,false,0,0,0,0,0,0,0,0,0,0,0,0,0,0
18637,"Leão e Malvinas - Vila Kennedy - Bangu, Rio de Janeiro - RJ, Brasil",Sudeste,Rio de Janeiro,Rio de Janeiro,VILA KENNEDY,,VILA KENNEDY,-22.8600881000,-43.4863223000,"27/08/2018, 15:10:00",false,false,,Não identificado,,,false,0,0,0,0,0,0,0,0,0,0,0,0,0,0
18638,"Morro do Borel - Andaraí, Rio de Janeiro - RJ, Brasil",Sudeste,Rio de Janeiro,Rio de Janeiro,TIJUCA,,MORRO DO BOREL,-22.9383333000,-43.2594444000,"27/08/2018, 15:21:00",false,false,,Não identificado,,,false,0,0,0,0,0,0,0,0,0,0,0,0,0,0
18644,"Engenho Novo, Rio de Janeiro - RJ, Brasil",Sudeste,Rio de Janeiro,Rio de Janeiro,ENGENHO NOVO,,,-22.9027463000,-43.2684052000,"27/08/2018, 16:50:00",false,false,,Não identificado,,,false,0,0,0,0,0,0,0,0,0,0,0,0,0,0
18643,"Vila Kennedy - Bangu, Rio de Janeiro - RJ, 21850-007, Brasil",Sudeste,Rio de Janeiro,Rio de Janeiro,VILA KENNEDY,,VILA KENNEDY,-22.8604006000,-43.4884116000,"27/08/2018, 17:08:00",false,false,,Não identificado,,,false,0,0,0,0,0,0,0,0,0,0,0,0,0,0
18648,"R. Florianópolis - Praça Seca, Rio de Janeiro - RJ, 21321-140, Brasil",Sudeste,Rio de Janeiro,Rio de Janeiro,PRACA SECA,,,-22.9024059000,-43.3497416000,"27/08/2018, 18:06:00",false,false,,Não identificado,,,false,0,0,0,0,0,0,0,0,0,0,0,0,0,0
18654,"Estr. de Botafogo - Costa Barros, Rio de Janeiro - RJ, Brasil",Sudeste,Rio de Janeiro,Rio de Janeiro,COSTA BARROS,,MORRO DA LAGARTIXA (COMPLEXO DA PEDREIRA),-22.8206745000,-43.3633785000,"27/08/2018, 19:47:00",false,false,,Não identificado,,,false,0,0,0,0,0,0,0,0,0,0,0,0,0,0
18672,"Batô (Bateau Mouche) - Praça Seca, Rio de Janeiro - RJ, Brasil",Sudeste,Rio de Janeiro,Rio de Janeiro,PRACA SECA,,FAVELA BATEAU MOUCHE,-22.9048084000,-43.3550791000,"27/08/2018, 19:56:00",false,false,,Não identificado,,,false,0,0,0,0,0,0,0,0,0,0,0,0,0,0
18656,"R. Daome - Vila Kennedy, Rio de Janeiro - RJ, Brasil",Sudeste,Rio de Janeiro,Rio de Janeiro,VILA KENNEDY,,VILA KENNEDY,-22.8594285000,-43.4929784000,"27/08/2018, 20:13:00",false,false,,Não identificado,,,false,0,0,0,0,0,0,0,0,0,0,0,0,0,0
18658,"Cidade Alta - Cordovil, Rio de Janeiro - RJ, 21010-150, Brasil",Sudeste,Rio de Janeiro,Rio de Janeiro,CORDOVIL,,CIDADE ALTA (COMPLEXO DE ISRAEL),-22.8197204000,-43.2956836000,"27/08/2018, 20:37:00",false,false,,Não identificado,,,false,0,0,0,0,0,0,0,0,0,0,0,0,0,0
18663,"São Carlos  - Estácio, Rio de Janeiro - RJ, 20211-018, Brasil",Sudeste,Rio de Janeiro,Rio de Janeiro,ESTACIO,,MORRO DO SAO CARLOS (COMPLEXO DO SAO CARLOS),-22.9171502000,-43.1995049000,"28/08/2018, 02:02:00",true,true,PM,Operação policial,,,false,1,0,0,0,0,0,0,0,0,0,0,0,0,0
18670,"Morro da Mineira - Catumbi, Rio de Janeiro - RJ, Brasil",Sudeste,Rio de Janeiro,Rio de Janeiro,CATUMBI,,MORRO DA MINEIRA (COMPLEXO DO SAO CARLOS),-22.9225000000,-43.1925000000,"28/08/2018, 02:26:00",true,true,PM,Operação policial,,,false,0,0,0,0,0,0,0,0,0,0,0,0,0,0
18666,"Ladeira dos Tabajaras, Copacabana, Rio de Janeiro - RJ, Brasil",Sudeste,Rio de Janeiro,Rio de Janeiro,COPACABANA,,LADEIRA DOS TABAJARAS,-22.9642350000,-43.1898099000,"28/08/2018, 02:54:00",true,true,PM,Operação policial,,,false,0,0,0,0,0,0,0,0,0,0,0,0,0,0
18669,"Morro dos Cabritos - Lagoa, Rio de Janeiro - RJ, Brasil",Sudeste,Rio de Janeiro,Rio de Janeiro,LAGOA,,MORRO DOS CABRITOS,-22.9686111000,-43.1977778000,"28/08/2018, 02:55:00",true,true,N�o identificado,Operação policial,,,false,0,0,0,0,0,0,0,0,0,0,0,0,0,0
18690,"Morro Santa Marta, Botafogo, Rio de Janeiro - RJ, Brasil",Sudeste,Rio de Janeiro,Rio de Janeiro,BOTAFOGO,,SANTA MARTA,-22.9444444000,-43.1963889000,"28/08/2018, 03:00:00",true,true,UPP (Santa Marta),Operação policial,,,false,0,0,0,0,0,0,0,0,0,0,0,0,0,0
18674,"R. Parque União, Maré, Rio de Janeiro - RJ, Brasil",Sudeste,Rio de Janeiro,Rio de Janeiro,MARE,,PARQUE UNIAO (COMPLEXO DA MARE),-22.8508033000,-43.2428249000,"28/08/2018, 05:49:00",true,true,PM,Tentativa/Roubo de cargas,,,false,0,1,0,0,0,0,0,0,0,0,0,0,0,0
18675,"Fazendinha - Complexo do Alemão, Rio de Janeiro - RJ, 20766-720, Brasil",Sudeste,Rio de Janeiro,Rio de Janeiro,COMPLEXO DO ALEMAO,,FAZENDINHA (COMPLEXO DO ALEMAO),-22.8630204000,-43.2810175000,"28/08/2018, 06:22:00",true,true,UPP (Complexo do Alem�o),Operação policial,,,false,0,0,0,0,0,0,0,0,0,0,0,0,0,0
18684,"Morro Chapéu Mangueira - Leme, Rio de Janeiro - RJ, 22010-060, Brasil",Sudeste,Rio de Janeiro,Rio de Janeiro,LEME,,CHAPEU-MANGUEIRA,-22.9605716000,-43.1688854000,"28/08/2018, 07:00:00",false,false,,Não identificado,,,false,0,0,0,0,0,0,0,0,0,0,0,0,0,0
18680,"Pedra Lisa, Morro da Providência, Gambôa, Rio de Janeiro - RJ, Brasil",Sudeste,Rio de Janeiro,Rio de Janeiro,GAMBOA,,MORRO DA PROVIDENCIA,-22.8997730000,-43.1945679000,"28/08/2018, 07:36:00",true,true,PM,Ação policial,,,false,1,1,0,0,0,0,0,0,0,0,0,0,0,0
18681,"Ladeira dos Tabajaras, Rio de Janeiro - RJ, Brasil",Sudeste,Rio de Janeiro,Rio de Janeiro,COPACABANA,,LADEIRA DOS TABAJARAS,-22.9642350000,-43.1898099000,"28/08/2018, 08:11:00",true,true,N�o identificado,Ação policial,,,false,0,0,0,0,0,0,0,0,0,0,0,0,0,0
18683,"R. Congo e Malvinas, Vila Kennedy, Bangu, Rio de Janeiro - RJ, Brasil",Sudeste,Rio de Janeiro,Rio de Janeiro,VILA KENNEDY,,VILA KENNEDY,-22.8616817000,-43.4886383000,"28/08/2018, 08:51:00",false,false,,Não identificado,,,false,0,0,0,0,0,0,0,0,0,0,0,0,0,0
18686,"Fazendinha - Complexo do Alemão, Rio de Janeiro - RJ, 20766-720, Brasil",Sudeste,Rio de Janeiro,Rio de Janeiro,COMPLEXO DO ALEMAO,,FAZENDINHA (COMPLEXO DO ALEMAO),-22.8630204000,-43.2810175000,"28/08/2018, 09:45:00",false,false,,Não identificado,,,false,0,0,0,0,0,0,0,0,0,0,0,0,0,0
18687,"Morro do Andaraí, Andaraí, Rio de Janeiro - RJ, Brasil",Sudeste,Rio de Janeiro,Rio de Janeiro,ANDARAI,,MORRO DO ANDARAI,-22.9259539000,-43.2487131000,"28/08/2018, 10:32:00",false,false,,Não identificado,,,false,0,0,0,0,0,0,0,0,0,0,0,0,0,0
18691,"Morro dos Macacos - Vila Isabel, Rio de Janeiro - RJ, Brasil",Sudeste,Rio de Janeiro,Rio de Janeiro,VILA ISABEL,,MORRO DOS MACACOS,-22.9105457000,-43.2534821000,"28/08/2018, 10:40:00",false,false,,Não identificado,,,false,0,0,0,0,0,0,0,0,0,0,0,0,0,0
18692,"Praça São Lucas - Penha, Rio de Janeiro - RJ, 21070-000, Brasil",Sudeste,Rio de Janeiro,Rio de Janeiro,PENHA,,VILA CRUZEIRO (COMPLEXO DA PENHA),-22.8469584000,-43.2841896000,"28/08/2018, 11:01:00",false,false,,Não identificado,,,false,0,0,0,0,0,0,0,0,0,0,0,0,0,0
18702,"Comunidade do Santo André, Senador Camará, Rio de Janeiro - RJ, 21831-448, Brasil",Sudeste,Rio de Janeiro,Rio de Janeiro,SENADOR CAMARA,,MORRO SANTO ANDRE,-22.8954882000,-43.4815967000,"28/08/2018, 14:03:00",false,false,,Não identificado,,,false,0,0,0,0,0,0,0,0,0,0,0,0,0,0
18695,"R. Cap. Menezes - Praça Seca, Rio de Janeiro - RJ, 21320-040, Brasil",Sudeste,Rio de Janeiro,Rio de Janeiro,PRACA SECA,,MORRO DO MENEZES (COMPLEXO DO FUBA),-22.8922525000,-43.3483869000,"28/08/2018, 14:20:00",false,false,,Não identificado,,,false,0,0,0,0,0,0,0,0,0,0,0,0,0,0
18693,"Morro da Formiga- Tijuca, Rio de Janeiro - RJ, 20530-120, Brasil",Sudeste,Rio de Janeiro,Rio de Janeiro,TIJUCA,,MORRO DA FORMIGA,-22.9435434000,-43.2412996000,"28/08/2018, 14:22:00",false,false,,Não identificado,,,false,0,0,0,0,0,0,0,0,0,0,0,0,0,0
18696,"Morro do Andaraí,  Andarai, Rio de Janeiro - RJ, 20541-210, Brasil",Sudeste,Rio de Janeiro,Rio de Janeiro,ANDARAI,,MORRO DO ANDARAI,-22.9336972000,-43.2577943000,"28/08/2018, 16:23:00",false,false,,Não identificado,,,false,0,0,0,0,0,0,0,0,0,0,0,0,0,0
18698,"Progresso, Vila kennedy, Rio de Janeiro - RJ, 21850-000, Brasil",Sudeste,Rio de Janeiro,Rio de Janeiro,VILA KENNEDY,,VILA KENNEDY,-22.8613778000,-43.4952230000,"28/08/2018, 17:09:00",false,false,,Não identificado,,,false,0,0,0,0,0,0,0,0,0,0,0,0,0,0
18700,"Campo Grande, Rio de Janeiro - RJ, Brasil",Sudeste,Rio de Janeiro,Rio de Janeiro,CAMPO GRANDE,,,-22.9035842000,-43.5662438000,"28/08/2018, 17:10:00",false,false,,Não identificado,,,false,0,0,0,0,0,0,0,0,0,0,0,0,0,0
18704,"Vigário Geral, Rio de Janeiro - RJ, Brasil",Sudeste,Rio de Janeiro,Rio de Janeiro,VIGARIO GERAL,,,-22.8094553000,-43.3089519000,"28/08/2018, 17:32:00",false,false,,Não identificado,,,false,0,0,0,0,0,0,0,0,0,0,0,0,0,0
18703,"Antares,  Santa Cruz, Rio de Janeiro - RJ, 23590-640, Brasil",Sudeste,Rio de Janeiro,Rio de Janeiro,SANTA CRUZ,,FAVELA DE ANTARES,-22.9205430000,-43.6589170000,"28/08/2018, 18:24:00",false,false,,Não identificado,,,false,0,0,0,0,0,0,0,0,0,0,0,0,0,0
18708,"R. Moura Rolim - Anchieta, Rio de Janeiro - RJ, 21630-260, Brasil",Sudeste,Rio de Janeiro,Rio de Janeiro,ANCHIETA,,,-22.8240617000,-43.4085476000,"28/08/2018, 19:41:00",false,false,,Não identificado,,,false,0,0,0,0,0,0,0,0,0,0,0,0,0,0
18712,"Vila Kennedy - Bangu, Rio de Janeiro - RJ, 21850-007, Brasil",Sudeste,Rio de Janeiro,Rio de Janeiro,VILA KENNEDY,,VILA KENNEDY,-22.8604006000,-43.4884116000,"28/08/2018, 20:21:00",false,false,,Não identificado,,,false,0,0,0,0,0,0,0,0,0,0,0,0,0,0
18713,"Avenida Antares - Santa Cruz, Rio de Janeiro - RJ, 22451-506, Brasil",Sudeste,Rio de Janeiro,Rio de Janeiro,SANTA CRUZ,,FAVELA DE ANTARES,-22.9202140000,-43.6626340000,"29/08/2018, 01:07:00",false,false,,Não identificado,,,false,0,0,0,0,0,0,0,0,0,0,0,0,0,0
18727,"Av. das Américas, 15500 - Recreio dos Bandeirantes, Rio de Janeiro - RJ, Brasil",Sudeste,Rio de Janeiro,Rio de Janeiro,RECREIO DOS BANDEIRANTES,,,-23.0111099000,-43.4611018000,"29/08/2018, 01:31:00",false,false,,Não identificado,,,false,0,0,0,0,0,0,0,0,0,0,0,0,0,0
18725,"Estação de São Cristóvão, São Cristóvão, Rio de Janeiro - RJ, Brasil",Sudeste,Rio de Janeiro,Rio de Janeiro,SAO CRISTOVAO,,,-22.9095079000,-43.2228318000,"29/08/2018, 02:10:00",false,false,,Tentativa/Roubo,,,false,1,0,0,0,0,0,0,0,0,0,0,0,0,0
18715,"Morro do Dendê, Ilha do Governador, Rio de Janeiro - RJ, Brasil",Sudeste,Rio de Janeiro,Rio de Janeiro,JARDIM CARIOCA,,MORRO DO DENDE,-22.8016667000,-43.1902778000,"29/08/2018, 02:11:00",true,true,PM,Operação policial,,,false,0,0,0,0,0,0,0,0,0,0,0,0,0,0
18714,"Morro do Cantagalo - PPG, Ipanema, Rio de Janeiro - RJ, Brasil",Sudeste,Rio de Janeiro,Rio de Janeiro,IPANEMA,,MORRO DO CANTAGALO,-22.9812971000,-43.1989086000,"29/08/2018, 02:16:00",true,true,N�o identificado,Ação policial,,,false,0,0,0,0,0,0,0,0,0,0,0,0,0,0
18717,"15 - Cidade de Deus, Rio de Janeiro - RJ, 22773-270, Brasil",Sudeste,Rio de Janeiro,Rio de Janeiro,CIDADE DE DEUS,,CIDADE DE DEUS,-22.9481688000,-43.3626721000,"29/08/2018, 03:11:00",true,true,PM,Operação policial,,,false,0,0,0,0,0,0,0,0,0,0,0,0,0,0
18716,"Pavão-Pavãozinho, Copacabana, Rio de Janeiro - RJ, Brasil",Sudeste,Rio de Janeiro,Rio de Janeiro,COPACABANA,,MORRO DO PAVAO-PAVAOZINHO,-22.9805210000,-43.1978813000,"29/08/2018, 03:35:00",true,true,PM,Operação policial,,,false,0,0,0,1,0,0,0,0,0,0,0,0,0,0
18744,"Leblon, Rio de Janeiro - RJ, Brasil",Sudeste,Rio de Janeiro,Rio de Janeiro,LEBLON,,,-22.9843373000,-43.2231424000,"29/08/2018, 06:00:00",true,true,N�o identificado,Ação policial,,Perseguição,false,0,2,0,0,0,0,0,0,0,0,0,0,0,0
18731,"Cidade de Deus, Rio de Janeiro - RJ, Brasil",Sudeste,Rio de Janeiro,Rio de Janeiro,CIDADE DE DEUS,,CIDADE DE DEUS,-22.9481688000,-43.3626721000,"29/08/2018, 06:49:00",true,true,N�o identificado,Ação policial,,,false,0,0,0,0,0,0,0,0,0,0,0,0,0,0
18732,"Malvinas, Vila Kennedy, Bangu, Rio de Janeiro - RJ, Brasil",Sudeste,Rio de Janeiro,Rio de Janeiro,VILA KENNEDY,,VILA KENNEDY,-22.8592844000,-43.4823042000,"29/08/2018, 07:24:00",false,false,,Não identificado,,,false,0,0,0,0,0,0,0,0,0,0,0,0,0,0
18730,"Parque Arará, Benfica, Rio de Janeiro - RJ, Brasil",Sudeste,Rio de Janeiro,Rio de Janeiro,BENFICA,,PARQUE ARARA,-22.8889072000,-43.2391525000,"29/08/2018, 07:31:00",false,false,,Não identificado,,,false,0,0,0,0,0,0,0,0,0,0,0,0,0,0
18733,"Rua Delfina Enes - Penha, Rio de Janeiro - RJ, 21011-400, Brasil",Sudeste,Rio de Janeiro,Rio de Janeiro,PENHA,,,-22.8342041000,-43.2831202000,"29/08/2018, 08:07:00",false,false,,Não identificado,,,false,0,0,0,0,0,0,0,0,0,0,0,0,0,0
18743,"AutoEstrada Grajaú - Jacarepaguá - Engenho Novo, Rio de Janeiro - RJ, Brasil",Sudeste,Rio de Janeiro,Rio de Janeiro,JACAREPAGUA,,,-22.9210934000,-43.2850215000,"29/08/2018, 11:50:00",true,true,N�o identificado,Tentativa/Roubo de cargas,,,false,0,0,0,0,0,0,0,0,0,0,0,0,0,0
18757,"R. Parima - Parada de Lucas, Rio de Janeiro - RJ, 21250-430, Brasil",Sudeste,Rio de Janeiro,Rio de Janeiro,PARADA DE LUCAS,,,-22.8199419000,-43.3038239000,"29/08/2018, 12:00:00",false,true,,Homicidio/Tentativa,,Ataques armados sobre rodas,false,0,0,1,0,0,0,0,0,0,0,0,0,0,0
18746,"Santa Marta - Botafogo, Rio de Janeiro - RJ, Brasil",Sudeste,Rio de Janeiro,Rio de Janeiro,BOTAFOGO,,SANTA MARTA,-22.9473438000,-43.1988703000,"29/08/2018, 13:24:00",false,false,,Não identificado,,,false,0,0,0,0,0,0,0,0,0,0,0,0,0,0
18749,"Av. de Santa Cruz  - Bangu, Rio de Janeiro - RJ, 21825-070, Brasil",Sudeste,Rio de Janeiro,Rio de Janeiro,BANGU,,,-22.8763596000,-43.4730225000,"29/08/2018, 14:18:00",false,false,,Não identificado,,,false,0,0,0,0,0,0,0,0,0,0,0,0,0,0
18750,"Metral, Vila Kennedy, Rio de Janeiro - RJ, 23095-700, Brasil",Sudeste,Rio de Janeiro,Rio de Janeiro,VILA KENNEDY,,VILA KENNEDY,-22.8568140000,-43.4979100000,"29/08/2018, 14:51:00",false,false,,Não identificado,,,false,0,0,0,0,0,0,0,0,0,0,0,0,0,0
18752,"Av. Central, 82 - Bangu, Rio de Janeiro - RJ, 21850-390, Brasil",Sudeste,Rio de Janeiro,Rio de Janeiro,VILA KENNEDY,,VILA KENNEDY,-22.8577200000,-43.4867650000,"29/08/2018, 16:30:00",false,false,,Não identificado,,,false,0,0,0,0,0,0,0,0,0,0,0,0,0,0
18759,"Morro do Adeus, Complexo do Alemão, Rio de Janeiro - RJ, Brasil",Sudeste,Rio de Janeiro,Rio de Janeiro,COMPLEXO DO ALEMAO,,MORRO DO ADEUS (COMPLEXO DO ALEMAO),-22.8654866000,-43.2619815000,"29/08/2018, 20:53:00",false,false,,Não identificado,,,false,0,0,0,0,0,0,0,0,0,0,0,0,0,0
18762,"R. Uranos, Olaria, Rio de Janeiro - RJ, Brasil",Sudeste,Rio de Janeiro,Rio de Janeiro,OLARIA,,,-22.8502942000,-43.2649542000,"29/08/2018, 20:56:00",false,false,,Não identificado,,,false,0,0,0,0,0,0,0,0,0,0,0,0,0,0
18758,"Malvinas, Vila Kennedy, Rio de Janeiro - RJ, Brasil",Sudeste,Rio de Janeiro,Rio de Janeiro,VILA KENNEDY,,VILA KENNEDY,-22.8597216000,-43.4845226000,"30/08/2018, 00:54:00",false,false,,Não identificado,,,false,0,0,0,0,0,0,0,0,0,0,0,0,0,0
18761,"R. 2,  Rocinha, Rio de Janeiro - RJ, 22451-570, Brasil",Sudeste,Rio de Janeiro,Rio de Janeiro,ROCINHA,,ROCINHA,-22.9886460000,-43.2454193000,"30/08/2018, 02:32:00",true,true,PM,Operação policial,,,false,1,0,0,0,0,0,0,0,0,0,0,0,0,0
18760,"Bicão e Raia, Morro do Turano, Tijuca, Rio de Janeiro - RJ, Brasil",Sudeste,Rio de Janeiro,Rio de Janeiro,TIJUCA,,MORRO DO TURANO,-22.9184556000,-43.2178035000,"30/08/2018, 02:40:00",false,false,,Não identificado,,,false,0,0,0,0,0,0,0,0,0,0,0,0,0,0
18766,"Cajueiro, Madureira, Rio de Janeiro - RJ, Brasil",Sudeste,Rio de Janeiro,Rio de Janeiro,MADUREIRA,,MORRO DO CAJUEIRO (COMPLEXO DO CAJUEIRO),-22.8642640000,-43.3370160000,"30/08/2018, 04:52:00",false,false,,Não identificado,,,false,0,0,0,0,0,0,0,0,0,0,0,0,0,0
18768,"Morro do Borel, Tijuca, Rio de Janeiro - RJ, Brasil",Sudeste,Rio de Janeiro,Rio de Janeiro,TIJUCA,,MORRO DO BOREL,-22.9395041000,-43.2515359000,"30/08/2018, 06:26:00",false,false,,Não identificado,,,false,0,0,0,0,0,0,0,0,0,0,0,0,0,0
18774,"Cidade de Deus, Rio de Janeiro - RJ, Brasil",Sudeste,Rio de Janeiro,Rio de Janeiro,CIDADE DE DEUS,,CIDADE DE DEUS,-22.9481688000,-43.3626721000,"30/08/2018, 09:05:00",false,false,,Não identificado,,,false,0,0,0,0,0,0,0,0,0,0,0,0,0,0
18775,"R. Júlio Reis - Bangu, Rio de Janeiro - RJ, 21853-340, Brasil",Sudeste,Rio de Janeiro,Rio de Janeiro,VILA KENNEDY,,VILA KENNEDY,-22.8505167000,-43.4942085000,"30/08/2018, 09:25:00",false,false,,Não identificado,,,false,0,0,0,0,0,0,0,0,0,0,0,0,0,0
18776,"Morro do Adeus - Complexo do Alemão, Rio de Janeiro - RJ, Brasil",Sudeste,Rio de Janeiro,Rio de Janeiro,COMPLEXO DO ALEMAO,,MORRO DO ADEUS (COMPLEXO DO ALEMAO),-22.8649861000,-43.2618042000,"30/08/2018, 09:57:00",false,false,,Não identificado,,,false,0,0,0,0,0,0,0,0,0,0,0,0,0,0
18777,"Morro do Adeus - Complexo do Alemão, Rio de Janeiro - RJ, 21050-144, Brasil",Sudeste,Rio de Janeiro,Rio de Janeiro,COMPLEXO DO ALEMAO,,MORRO DO ADEUS (COMPLEXO DO ALEMAO),-22.8648266000,-43.2613620000,"30/08/2018, 12:06:00",false,false,,Não identificado,,,false,0,0,0,0,0,0,0,0,0,0,0,0,0,0
18782,"R. Couto de Magalhães - Benfica, Rio de Janeiro - RJ, 20930-090, Brasil",Sudeste,Rio de Janeiro,Rio de Janeiro,BENFICA,,PARQUE ARARA,-22.8907787000,-43.2363839000,"30/08/2018, 16:20:00",true,true,N�o identificado,Ação policial,,,false,0,0,0,0,0,0,0,0,0,0,0,0,0,0
18786,"Morro Sao Joao - Sampaio, Rio de Janeiro - RJ, Brasil",Sudeste,Rio de Janeiro,Rio de Janeiro,SAMPAIO,,MORRO SAO JOAO,-22.9077778000,-43.2616667000,"30/08/2018, 19:16:00",false,false,,Não identificado,,,false,0,0,0,0,0,0,0,0,0,0,0,0,0,0
18787,"R. Cândido Benício, 3631 - Praça Seca, Rio de Janeiro - RJ, 22733-000, Brasil",Sudeste,Rio de Janeiro,Rio de Janeiro,PRACA SECA,,,-22.9119459000,-43.3602935000,"30/08/2018, 19:35:00",true,true,N�o identificado,Ação policial,,,false,0,0,0,0,0,0,0,0,0,0,0,0,0,0
18832,Rio Comprido Brasil,Sudeste,Rio de Janeiro,Rio de Janeiro,RIO COMPRIDO,,,-22.9250080000,-43.2034362000,"30/08/2018, 21:30:00",false,false,,Não identificado,,,false,0,0,0,0,0,0,0,0,0,0,0,0,0,0
18790,"Pavão Pavãozinho - Copacabana, Rio de Janeiro - RJ, 22071-060, Brasil",Sudeste,Rio de Janeiro,Rio de Janeiro,COPACABANA,,MORRO DO PAVAO-PAVAOZINHO,-22.9806885000,-43.1946752000,"31/08/2018, 02:15:00",false,false,,Não identificado,,,false,0,0,0,0,0,0,0,0,0,0,0,0,0,0
18793,"Estr. de Sepetiba, 667 - Santa Cruz, Rio de Janeiro - RJ, 23520-660, Brasil",Sudeste,Rio de Janeiro,Rio de Janeiro,SANTA CRUZ,,,-22.9388181000,-43.6722553000,"31/08/2018, 05:13:00",true,true,N�o identificado,Ação policial,,,false,0,0,0,0,0,0,0,0,0,0,0,0,0,0
18798,"Malvinas - Vila Kennedy - Bangu, Rio de Janeiro - RJ, 21850-007, Brasil",Sudeste,Rio de Janeiro,Rio de Janeiro,VILA KENNEDY,,VILA KENNEDY,-22.8600881000,-43.4863223000,"31/08/2018, 09:10:00",false,false,,Não identificado,,,false,0,0,0,0,0,0,0,0,0,0,0,0,0,0
18800,"Rua Iguaba Grande, Pavuna, Rio de Janeiro - RJ, Brasil",Sudeste,Rio de Janeiro,Rio de Janeiro,PAVUNA,,CONJUNTO RESIDENCIAL VILLAGE PAVUNA,-22.8166373000,-43.3751749000,"31/08/2018, 09:53:00",false,false,,Não identificado,,,false,0,0,0,0,0,0,0,0,0,0,0,0,0,0
18806,"R. Bráulio Cordeiro, Jacaré, Rio de Janeiro - RJ, Brasil",Sudeste,Rio de Janeiro,Rio de Janeiro,JACARE,,,-22.8912472000,-43.2547211000,"31/08/2018, 10:40:00",true,true,N�o identificado,Ação policial,,,false,0,0,0,1,0,0,0,0,0,0,0,0,0,0
18803,"Cachopa - Rocinha, Rio de Janeiro - RJ, Brasil",Sudeste,Rio de Janeiro,Rio de Janeiro,ROCINHA,,ROCINHA,-22.9881913000,-43.2499892000,"31/08/2018, 11:00:00",false,false,,Não identificado,,,false,0,0,0,0,0,0,0,0,0,0,0,0,0,0
18804,"Morro do São João - Engenho Novo, Rio de Janeiro - RJ, Brasil",Sudeste,Rio de Janeiro,Rio de Janeiro,ENGENHO NOVO,,MORRO SAO JOAO,-22.9078627000,-43.2659281000,"31/08/2018, 12:50:00",true,true,N�o identificado,Ação policial,,,false,0,1,0,0,0,0,0,0,0,0,0,0,0,0
18805,"Bateau Mouche - Praça Seca, Rio de Janeiro - RJ, Brasil",Sudeste,Rio de Janeiro,Rio de Janeiro,PRACA SECA,,FAVELA BATEAU MOUCHE,-22.9048084000,-43.3550791000,"31/08/2018, 13:07:00",false,false,,Não identificado,,,false,0,0,0,0,0,0,0,0,0,0,0,0,0,0
18807,"R. Roberto Dias Lopes, Leme, Rio de Janeiro - RJ, Brasil",Sudeste,Rio de Janeiro,Rio de Janeiro,LEME,,,-22.9635326000,-43.1731452000,"31/08/2018, 14:08:00",false,false,,Não identificado,,,false,0,0,0,0,0,0,0,0,0,0,0,0,0,0
18813,"Morro do São João, Engenho Novo, Rio de Janeiro - RJ, 20950-370, Brasil",Sudeste,Rio de Janeiro,Rio de Janeiro,ENGENHO NOVO,,MORRO SAO JOAO,-22.9079866000,-43.2660959000,"31/08/2018, 16:21:00",false,false,,Não identificado,,,false,0,0,0,0,0,0,0,0,0,0,0,0,0,0
18817,"R. Cap. Menezes - Praça Seca, Rio de Janeiro - RJ, Brasil",Sudeste,Rio de Janeiro,Rio de Janeiro,PRACA SECA,,MORRO DO MENEZES (COMPLEXO DO FUBA),-22.8929266000,-43.3482475000,"31/08/2018, 17:21:00",false,false,,Não identificado,,,false,0,0,0,0,0,0,0,0,0,0,0,0,0,0
18829,"Av. Geremário Dantas, 713 - Pechincha, Rio de Janeiro - RJ, 22743-051, Brasil",Sudeste,Rio de Janeiro,Rio de Janeiro,PECHINCHA,,,-22.9289939000,-43.3537405000,"31/08/2018, 20:44:00",true,true,N�o identificado,Tentativa/Roubo,,Perseguição,false,0,0,0,0,0,0,0,0,0,0,0,0,0,0
18831,"Rua Fonseca, 240 - loja 106d/142a - Bangu, Rio de Janeiro - RJ, 21820-005, Brasil",Sudeste,Rio de Janeiro,Rio de Janeiro,BANGU,,,-22.8783188000,-43.4671289000,"31/08/2018, 20:54:00",false,false,,Não identificado,,,false,0,0,0,0,0,0,0,0,0,0,0,0,0,0
18839,"Morro do Urubu - Piedade, Rio de Janeiro - RJ, Brasil",Sudeste,Rio de Janeiro,Rio de Janeiro,PIEDADE,,MORRO DO URUBU (COMPLEXO DO URUBU),-22.8916397000,-43.3107394000,"31/08/2018, 22:37:00",false,false,,Não identificado,,,false,0,0,0,0,0,0,0,0,0,0,0,0,0,0
18835,"R. Nova - Complexo do Alemão, Rio de Janeiro - RJ, Brasil",Sudeste,Rio de Janeiro,Rio de Janeiro,COMPLEXO DO ALEMAO,,GROTA (COMPLEXO DO ALEMAO),-22.8603474000,-43.2687360000,"01/09/2018, 00:50:00",false,false,,Não identificado,,,false,0,0,0,0,0,0,0,0,0,0,0,0,0,0
18857,"Jacarezinho, Rio de Janeiro - RJ, Brasil",Sudeste,Rio de Janeiro,Rio de Janeiro,JACAREZINHO,,JACAREZINHO,-22.8875573000,-43.2581953000,"01/09/2018, 04:00:00",true,true,N�o identificado,Ação policial,,,false,0,0,0,0,0,0,0,0,0,0,0,0,0,0
18840,"Manilha, Zâmbia, Malvinas e Congo -Vila Kennedy - Bangu, Rio de Janeiro - RJ, 21850-007, Brasil",Sudeste,Rio de Janeiro,Rio de Janeiro,VILA KENNEDY,,VILA KENNEDY,-22.8604006000,-43.4884116000,"01/09/2018, 05:55:00",false,false,,Não identificado,,,false,0,0,0,0,0,0,0,0,0,0,0,0,0,0
18845,"Morro do Juramento - Vicente de Carvalho, Rio de Janeiro - RJ, Brasil",Sudeste,Rio de Janeiro,Rio de Janeiro,VICENTE DE CARVALHO,,MORRO DO JURAMENTO (COMPLEXO DO JURAMENTO),-22.8627778000,-43.3152778000,"01/09/2018, 06:00:00",true,true,PM,Operação policial,,,false,0,1,0,0,0,0,0,0,0,0,0,0,0,0
18841,"Jacaré, Rio de Janeiro - RJ, Brasil",Sudeste,Rio de Janeiro,Rio de Janeiro,JACARE,,,-22.8923272000,-43.2581953000,"01/09/2018, 07:47:00",false,false,,Não identificado,,,false,0,0,0,0,0,0,0,0,0,0,0,0,0,0
18851,"Cordovil, Rio de Janeiro - RJ, Brasil",Sudeste,Rio de Janeiro,Rio de Janeiro,CORDOVIL,,,-22.8234412000,-43.2959357000,"01/09/2018, 16:12:00",false,false,,Não identificado,,,false,0,0,0,0,0,0,0,0,0,0,0,0,0,0
18852,"LRocha - Benfica, Rio de Janeiro - RJ, 20911-180, Brasil",Sudeste,Rio de Janeiro,Rio de Janeiro,BENFICA,,,-22.8968806000,-43.2444918000,"01/09/2018, 16:36:00",false,false,,Não identificado,,,false,0,0,0,0,0,0,0,0,0,0,0,0,0,0
18856,"Cidade de Deus, Rio de Janeiro - RJ, Brasil",Sudeste,Rio de Janeiro,Rio de Janeiro,CIDADE DE DEUS,,CIDADE DE DEUS,-22.9481688000,-43.3626721000,"01/09/2018, 16:59:00",false,false,,Não identificado,,,false,0,0,0,0,0,0,0,0,0,0,0,0,0,0
18860,"Morro Nogueira de Sá - Realengo, Rio de Janeiro - RJ, 21745-290, Brasil",Sudeste,Rio de Janeiro,Rio de Janeiro,REALENGO,,MORRO MINHA DEUSA (OU PARQUE DAS NOGUEIRAS),-22.8858800000,-43.4085870000,"01/09/2018, 18:20:00",false,false,,Não identificado,,,false,0,0,0,0,0,0,0,0,0,0,0,0,0,0
18864,"Vilar Carioca - Campo Grande, Rio de Janeiro - RJ, 23056-000, Brasil",Sudeste,Rio de Janeiro,Rio de Janeiro,INHOAIBA,,,-22.9141714000,-43.6013486000,"01/09/2018, 19:50:00",false,false,,Não identificado,,,false,0,0,0,0,0,0,0,0,0,0,0,0,0,0
18862,"Morro do Fubá - Cascadura, Rio de Janeiro - RJ, 21311-150, Brasil",Sudeste,Rio de Janeiro,Rio de Janeiro,CASCADURA,,MORRO DO FUBA (COMPLEXO DO FUBA),-22.8928970000,-43.3331430000,"01/09/2018, 19:55:00",false,false,,Não identificado,,,false,0,0,0,0,0,0,0,0,0,0,0,0,0,0
18869,"Morro do Fallet - Santa Teresa, Rio de Janeiro - RJ, 20241-360, Brasil",Sudeste,Rio de Janeiro,Rio de Janeiro,SANTA TERESA,,FALLET/FOGUETEIRO,-22.9265111000,-43.1964401000,"01/09/2018, 21:04:00",false,false,,Não identificado,,,false,0,0,0,0,0,0,0,0,0,0,0,0,0,0
18866,"Mangueira, Rio de Janeiro - RJ, Brasil",Sudeste,Rio de Janeiro,Rio de Janeiro,MANGUEIRA,,MANGUEIRA,-22.9052507000,-43.2340127000,"01/09/2018, 23:03:00",false,false,,Não identificado,,,false,0,0,0,0,0,0,0,0,0,0,0,0,0,0
18867,"Morro do São João  - Engenho Novo, Rio de Janeiro - RJ, 20950-370, Brasil",Sudeste,Rio de Janeiro,Rio de Janeiro,ENGENHO NOVO,,MORRO SAO JOAO,-22.9078627000,-43.2659281000,"02/09/2018, 03:20:00",false,false,,Não identificado,,,false,0,0,0,0,0,0,0,0,0,0,0,0,0,0
18868,"Complexo do Alemão, Rio de Janeiro - RJ, Brasil",Sudeste,Rio de Janeiro,Rio de Janeiro,COMPLEXO DO ALEMAO,,COMPLEXO DO ALEMAO,-22.8593331000,-43.2754759000,"02/09/2018, 03:35:00",false,false,,Não identificado,,,false,0,0,0,0,0,0,0,0,0,0,0,0,0,0
18871,"Vila Cruzeiro - Penha, Rio de Janeiro - RJ, 21070-480, Brasil",Sudeste,Rio de Janeiro,Rio de Janeiro,PENHA,,VILA CRUZEIRO (COMPLEXO DA PENHA),-22.8470418000,-43.2841752000,"02/09/2018, 07:17:00",false,false,,Não identificado,,,false,0,0,0,0,0,0,0,0,0,0,0,0,0,0
18872,"Malvinas, Vila Kennedy, Rio de Janeiro - RJ, 21850-070, Brasil",Sudeste,Rio de Janeiro,Rio de Janeiro,VILA KENNEDY,,VILA KENNEDY,-22.8600881000,-43.4863223000,"02/09/2018, 12:40:00",false,false,,Não identificado,,,false,0,0,0,0,0,0,0,0,0,0,0,0,0,0
18873,"Comunidade Proença Rosa, Honório Gurgel, Rio de Janeiro - RJ, 21512-190, Brasil",Sudeste,Rio de Janeiro,Rio de Janeiro,HONORIO GURGEL,,PROENCA ROSA,-22.8392730000,-43.3616940000,"02/09/2018, 16:06:00",false,false,,Não identificado,,,false,0,0,0,0,0,0,0,0,0,0,0,0,0,0
18875,"Vila Vintém - Padre Miguel, Rio de Janeiro - RJ, 21721-021, Brasil",Sudeste,Rio de Janeiro,Rio de Janeiro,PADRE MIGUEL,,VILA VINTEM,-22.8709633000,-43.4426703000,"02/09/2018, 16:28:00",false,false,,Não identificado,,,false,0,0,0,0,0,0,0,0,0,0,0,0,0,0
18882,"Morro da Formiga - Tijuca, Rio de Janeiro - RJ, 20530-003, Brasil",Sudeste,Rio de Janeiro,Rio de Janeiro,TIJUCA,,MORRO DA FORMIGA,-22.9441667000,-43.2408333000,"02/09/2018, 20:10:00",false,false,,Não identificado,,,false,0,0,0,0,0,0,0,0,0,0,0,0,0,0
18885,"R. Alda - Bento Ribeiro, Rio de Janeiro - RJ, 21331-370, Brasil",Sudeste,Rio de Janeiro,Rio de Janeiro,BENTO RIBEIRO,,,-22.8677499000,-43.3616057000,"02/09/2018, 20:14:00",false,false,,Não identificado,,,false,0,0,0,0,0,0,0,0,0,0,0,0,0,0
18890,"Morro do Borel - Andarai, Rio de Janeiro - RJ, 20530-003, Brasil",Sudeste,Rio de Janeiro,Rio de Janeiro,TIJUCA,,MORRO DO BOREL,-22.9383333000,-43.2594444000,"02/09/2018, 23:24:00",false,false,,Não identificado,,,false,0,0,0,0,0,0,0,0,0,0,0,0,0,0
18888,"Morro da Providencia - Gambôa, Rio de Janeiro - RJ, 20221-310, Brasil",Sudeste,Rio de Janeiro,Rio de Janeiro,GAMBOA,,MORRO DA PROVIDENCIA,-22.9002778000,-43.1952778000,"03/09/2018, 02:30:00",true,true,UPP (Provid�ncia),Operação policial,,,false,0,1,0,0,0,0,0,0,0,0,0,0,0,0
18887,"Morro dos Tabajaras, Rio de Janeiro - RJ, 22031-112, Brasil",Sudeste,Rio de Janeiro,Rio de Janeiro,COPACABANA,,LADEIRA DOS TABAJARAS,-22.9641669000,-43.1898623000,"03/09/2018, 03:08:00",true,true,BOPE,Operação policial,,,false,1,0,0,0,0,0,0,0,0,0,0,0,0,0
18891,"Morro da Providencia - Gambôa, Rio de Janeiro - RJ, 20221-310, Brasil",Sudeste,Rio de Janeiro,Rio de Janeiro,GAMBOA,,MORRO DA PROVIDENCIA,-22.9002778000,-43.1952778000,"03/09/2018, 05:25:00",true,true,N�o identificado,Ação policial,,,false,0,0,0,0,0,0,0,0,0,0,0,0,0,0
18905,"Morro do Pavao-Pavaozinho - Copacabana, Rio de Janeiro - RJ, 22071-060, Brasil",Sudeste,Rio de Janeiro,Rio de Janeiro,COPACABANA,,MORRO DO PAVAO-PAVAOZINHO,-22.9807799000,-43.1966495000,"03/09/2018, 05:30:00",true,true,PM,Operação policial,,,false,0,0,0,0,0,0,0,0,0,0,0,0,0,0
18901,"Morro dos Cabritos e Ladeira dos Tabajaras, Rio de Janeiro - RJ, Brasil",Sudeste,Rio de Janeiro,Rio de Janeiro,COPACABANA,,LADEIRA DOS TABAJARAS,-22.9641669000,-43.1898623000,"03/09/2018, 11:34:00",false,false,,Não identificado,,,false,0,0,0,0,0,0,0,0,0,0,0,0,0,0
18903,"Av. Geremário Dantas, Tanque, Rio de Janeiro - RJ, Brasil",Sudeste,Rio de Janeiro,Rio de Janeiro,TANQUE,,,-22.9167137000,-43.3614837000,"03/09/2018, 12:30:00",false,false,,Não identificado,,,false,0,0,0,0,0,0,0,0,0,0,0,0,0,0
18906,"Favela da Ficap, Jardim América, Rio de Janeiro - RJ, Brasil",Sudeste,Rio de Janeiro,Rio de Janeiro,JARDIM AMERICA,,FAVELA DA FICAP,-22.8078006000,-43.3312002000,"03/09/2018, 16:35:00",false,false,,Não identificado,,,false,0,0,0,0,0,0,0,0,0,0,0,0,0,0
18907,"Proença Rosa, Honório Gurgel, Rio de Janeiro - RJ, 21515-171, Brasil",Sudeste,Rio de Janeiro,Rio de Janeiro,HONORIO GURGEL,,PROENCA ROSA,-22.8375580000,-43.3620940000,"03/09/2018, 16:40:00",false,false,,Não identificado,,,false,0,0,0,0,0,0,0,0,0,0,0,0,0,0
18914,"Vila Kennedy - Bangu, Rio de Janeiro - RJ, 21850-007, Brasil",Sudeste,Rio de Janeiro,Rio de Janeiro,VILA KENNEDY,,VILA KENNEDY,-22.8604006000,-43.4884116000,"03/09/2018, 19:30:00",false,false,,Não identificado,,,false,0,0,0,0,0,0,0,0,0,0,0,0,0,0
18978,"Estrada do Barro Vermelho - Colégio, Rio de Janeiro - RJ, Brasil",Sudeste,Rio de Janeiro,Rio de Janeiro,COLEGIO,,LOTEAMENTO VILA ESTRELA,-22.8462375000,-43.3392550000,"04/09/2018, 03:00:00",false,false,,Tentativa/Roubo,,,false,0,1,0,0,0,0,0,0,0,0,0,0,0,0
18919,"Morro do Andaraí, Andaraí, Rio de Janeiro - RJ, Brasil",Sudeste,Rio de Janeiro,Rio de Janeiro,ANDARAI,,MORRO DO ANDARAI,-22.9340462000,-43.2539641000,"04/09/2018, 04:35:00",false,false,,Não identificado,,,false,0,0,0,0,0,0,0,0,0,0,0,0,0,0
18924,"Morro do Dendê - Jardim Carioca, Rio de Janeiro - RJ, Brasil",Sudeste,Rio de Janeiro,Rio de Janeiro,JARDIM CARIOCA,,MORRO DO DENDE,-22.8016667000,-43.1902778000,"04/09/2018, 08:46:00",false,false,,Não identificado,,,false,0,0,0,0,0,0,0,0,0,0,0,0,0,0
18925,"Vila Aliança - Bangu, Rio de Janeiro - RJ, Brasil",Sudeste,Rio de Janeiro,Rio de Janeiro,BANGU,,VILA ALIANCA,-22.8703855000,-43.4798073000,"04/09/2018, 10:32:00",false,false,,Não identificado,,,false,0,0,0,0,0,0,0,0,0,0,0,0,0,0
18929,"Av. Antares - Santa Cruz, Rio de Janeiro - RJ, Brasil",Sudeste,Rio de Janeiro,Rio de Janeiro,SANTA CRUZ,,FAVELA DE ANTARES,-22.9215785000,-43.6638261000,"04/09/2018, 11:00:00",false,false,,Não identificado,,,false,0,0,0,0,0,0,0,0,0,0,0,0,0,0
18939,"Av. do Pepê, 1596 - Barra da Tijuca, Rio de Janeiro - RJ, 22620-171, Brasil",Sudeste,Rio de Janeiro,Rio de Janeiro,BARRA DA TIJUCA,,,-23.0141129000,-43.3121550000,"04/09/2018, 13:00:00",false,false,,Homicidio/Tentativa,,Ataques armados sobre rodas,false,1,0,0,0,0,0,0,0,0,0,0,0,0,0
18942,"Jorge Turco - Coelho Neto, Rio de Janeiro - RJ, Brasil",Sudeste,Rio de Janeiro,Rio de Janeiro,COELHO NETO,,MORRO JORGE TURCO,-22.8310958000,-43.3504144000,"04/09/2018, 18:27:00",false,false,,Não identificado,,,false,0,0,0,0,0,0,0,0,0,0,0,0,0,0
18961,"Estr. Santa Efigênia, Rio de Janeiro - RJ, Brasil",Sudeste,Rio de Janeiro,Rio de Janeiro,TAQUARA,,,-22.9418110000,-43.3713851000,"04/09/2018, 19:20:00",true,true,N�o identificado,Ação policial,,Perseguição,false,0,2,0,0,0,0,0,0,0,0,0,0,0,0
18944,"Praca da Bandeira, Rio de Janeiro - RJ, Brasil",Sudeste,Rio de Janeiro,Rio de Janeiro,PRACA DA BANDEIRA,,,-22.9102021000,-43.2122385000,"04/09/2018, 19:20:00",true,true,N�o identificado,Ação policial,,,false,0,0,0,0,0,0,0,0,0,0,0,0,0,0
18945,"Barão - Praça Seca, Rio de Janeiro - RJ, Brasil",Sudeste,Rio de Janeiro,Rio de Janeiro,PRACA SECA,,MORRO SAO JOSE OPERARIO (OU MORRO DA BARAO),-22.8986468000,-43.3523871000,"04/09/2018, 19:26:00",false,false,,Não identificado,,,false,0,0,0,0,0,0,0,0,0,0,0,0,0,0
18946,"R. Carolina Amado - Irajá, Rio de Janeiro - RJ, 21361-320, Brasil",Sudeste,Rio de Janeiro,Rio de Janeiro,IRAJA,,,-22.8495807000,-43.3312048000,"04/09/2018, 19:41:00",false,false,,Não identificado,,,false,0,0,0,0,0,0,0,0,0,0,0,0,0,0
18972,"Túnel Zuzu Angel - Gávea, Rio de Janeiro - RJ, 23090-025, Brasil",Sudeste,Rio de Janeiro,Rio de Janeiro,GAVEA,,,-22.9878718000,-43.2412622000,"05/09/2018, 02:00:00",true,true,N�o identificado,Ação policial,,,false,0,1,0,0,0,0,0,0,0,0,0,0,0,0
18959,"Rocinha, Rio de Janeiro - RJ, Brasil",Sudeste,Rio de Janeiro,Rio de Janeiro,ROCINHA,,ROCINHA,-22.9879841000,-43.2479825000,"05/09/2018, 02:00:00",true,true,N�o identificado,Ação policial,,,false,0,0,0,0,0,0,0,0,0,0,0,0,0,0
18948,"Chapadão -  Pavuna, Rio de Janeiro - RJ, Brasil",Sudeste,Rio de Janeiro,Rio de Janeiro,PAVUNA,,COMPLEXO DO CHAPADAO,-22.8112324000,-43.3625273000,"05/09/2018, 02:57:00",false,false,,Não identificado,,,false,0,0,0,0,0,0,0,0,0,0,0,0,0,0
18952,"Morro da Rampa -Vila Kennedy - Bangu, Rio de Janeiro - RJ, 21850-007, Brasil",Sudeste,Rio de Janeiro,Rio de Janeiro,VILA KENNEDY,,VILA KENNEDY,-22.8604006000,-43.4884116000,"05/09/2018, 04:22:00",true,true,PC,Operação policial,,Tiros de Helicóptero,false,0,0,0,0,0,0,0,0,0,0,0,0,0,0
18956,"Vila Aliança  - Bangu, Rio de Janeiro - RJ, 21842-740, Brasil",Sudeste,Rio de Janeiro,Rio de Janeiro,BANGU,,VILA ALIANCA,-22.8648423000,-43.4771013000,"05/09/2018, 04:23:00",false,false,,Não identificado,,,false,0,0,0,0,0,0,0,0,0,0,0,0,0,0
18957,"Morro do Borel - Tijuca, Rio de Janeiro - RJ, Brasil",Sudeste,Rio de Janeiro,Rio de Janeiro,TIJUCA,,MORRO DO BOREL,-22.9325728000,-43.2410248000,"05/09/2018, 05:10:00",false,false,,Não identificado,,,false,0,0,0,0,0,0,0,0,0,0,0,0,0,0
18958,"Penha Circular, Rio de Janeiro - RJ, Brasil",Sudeste,Rio de Janeiro,Rio de Janeiro,PENHA CIRCULAR,,,-22.8341709000,-43.2853431000,"05/09/2018, 05:47:00",false,false,,Não identificado,,,false,0,0,0,0,0,0,0,0,0,0,0,0,0,0
18968,"Av. Atlântica, 1554 - Copacabana, Rio de Janeiro - RJ, 22011-002, Brasil",Sudeste,Rio de Janeiro,Rio de Janeiro,COPACABANA,,,-22.9667279000,-43.1777008000,"05/09/2018, 09:07:00",false,false,,Não identificado,,,false,0,0,0,0,0,0,0,0,0,0,0,0,0,0
18970,"R. Divisória - Bento Ribeiro, Rio de Janeiro - RJ, 21331-250, Brasil",Sudeste,Rio de Janeiro,Rio de Janeiro,BENTO RIBEIRO,,LOTEAMENTO BENTO RIBEIRO,-22.8673555000,-43.3639804000,"05/09/2018, 09:09:00",false,true,,Briga,,,false,0,0,1,0,0,0,0,0,0,0,0,0,0,0
18973,"R. Joaquim Murtinho, 2012 - Santa Teresa, Rio de Janeiro - RJ, 20241-320, Brasil",Sudeste,Rio de Janeiro,Rio de Janeiro,SANTA TERESA,,,-22.9188200000,-43.1832201000,"05/09/2018, 10:00:00",true,true,5 BPM,Tentativa/Roubo,,Perseguição,false,1,0,0,0,0,0,0,0,0,0,0,0,0,0
18975,"Morro do Pavão-Pavãozinho, Copacabana, Rio de Janeiro - RJ, 22071-060, Brasil",Sudeste,Rio de Janeiro,Rio de Janeiro,COPACABANA,,MORRO DO PAVAO-PAVAOZINHO,-22.9811111000,-43.1975000000,"05/09/2018, 12:30:00",true,true,N�o identificado,Ação policial,,,false,0,0,0,0,0,0,0,0,0,0,0,0,0,0
18974,"Morro da Formiga- Tijuca, Rio de Janeiro - RJ, 20530-120, Brasil",Sudeste,Rio de Janeiro,Rio de Janeiro,TIJUCA,,MORRO DA FORMIGA,-22.9435434000,-43.2412996000,"05/09/2018, 12:58:00",false,false,,Não identificado,,,false,0,0,0,0,0,0,0,0,0,0,0,0,0,0
18976,"Vila Cruzeiro, Penha, Rio de Janeiro - RJ, 21070-000, Brasil",Sudeste,Rio de Janeiro,Rio de Janeiro,PENHA,,VILA CRUZEIRO (COMPLEXO DA PENHA),-22.8493061000,-43.2824054000,"05/09/2018, 13:30:00",false,false,,Não identificado,,,false,0,0,0,0,0,0,0,0,0,0,0,0,0,0
18980,"Favela Rato Molhado, Sampaio, Rio de Janeiro - RJ, Brasil",Sudeste,Rio de Janeiro,Rio de Janeiro,SAMPAIO,,FAVELA DO RATO MOLHADO (OU DOIS DE MAIO),-22.8990481000,-43.2609439000,"05/09/2018, 16:44:00",false,false,,Não identificado,,,false,0,0,0,0,0,0,0,0,0,0,0,0,0,0
18979,"Av. Cel. Phidias Távora - Pavuna, Rio de Janeiro - RJ, Brasil",Sudeste,Rio de Janeiro,Rio de Janeiro,PAVUNA,,,-22.8067277000,-43.3392919000,"05/09/2018, 17:01:00",false,false,,Não identificado,,,false,0,0,0,0,0,0,0,0,0,0,0,0,0,0
18983,"Túnel Noel Rosa - Sampaio, Rio de Janeiro - RJ, Brasil",Sudeste,Rio de Janeiro,Rio de Janeiro,SAMPAIO,,,-22.9084163000,-43.2567443000,"05/09/2018, 17:10:00",false,false,,Não identificado,,,false,0,0,0,0,0,0,0,0,0,0,0,0,0,0
18982,"Morro do Juramento - Vicente de Carvalho, Rio de Janeiro - RJ, Brasil",Sudeste,Rio de Janeiro,Rio de Janeiro,VICENTE DE CARVALHO,,MORRO DO JURAMENTO (COMPLEXO DO JURAMENTO),-22.8627778000,-43.3152778000,"05/09/2018, 17:46:00",false,false,,Não identificado,,,false,0,0,0,0,0,0,0,0,0,0,0,0,0,0
18985,"Morro do Juramento - Vicente de Carvalho, Rio de Janeiro - RJ, Brasil",Sudeste,Rio de Janeiro,Rio de Janeiro,VICENTE DE CARVALHO,,MORRO DO JURAMENTO (COMPLEXO DO JURAMENTO),-22.8627778000,-43.3152778000,"05/09/2018, 18:57:00",false,false,,Não identificado,,,false,0,0,0,0,0,0,0,0,0,0,0,0,0,0
18993,"Morro da Serrinha - Madureira, Rio de Janeiro - RJ, Brasil",Sudeste,Rio de Janeiro,Rio de Janeiro,MADUREIRA,,MORRO DA SERRINHA (COMPLEXO DA SERRINHA),-22.8641667000,-43.3238889000,"05/09/2018, 21:38:00",false,false,,Não identificado,,,false,0,0,0,0,0,0,0,0,0,0,0,0,0,0
18995,"Morro do Urubu, Cavalcanti, Rio de Janeiro - RJ, Brasil",Sudeste,Rio de Janeiro,Rio de Janeiro,CAVALCANTI,,MORRO DO URUBU (COMPLEXO DO URUBU),-22.8729964000,-43.3132995000,"05/09/2018, 22:03:00",false,false,,Não identificado,,,false,0,0,0,0,0,0,0,0,0,0,0,0,0,0
18997,"Morro do Dezoito, Água Santa, Rio de Janeiro - RJ, 20740-600, Brasil",Sudeste,Rio de Janeiro,Rio de Janeiro,AGUA SANTA,,MORRO DO 18 (COMPLEXO DO 18),-22.9040308000,-43.3173985000,"06/09/2018, 03:26:00",false,false,,Não identificado,,,false,0,0,0,0,0,0,0,0,0,0,0,0,0,0
18998,"Favela do Pavão-Pavãozinho, Copacabana, Rio de Janeiro - RJ, 22030-010, Brasil",Sudeste,Rio de Janeiro,Rio de Janeiro,COPACABANA,,MORRO DO PAVAO-PAVAOZINHO,-22.9804007000,-43.1946879000,"06/09/2018, 03:41:00",false,false,,Não identificado,,,false,0,0,0,0,0,0,0,0,0,0,0,0,0,0
19001,"Morro do Juramento - Vicente de Carvalho, Rio de Janeiro - RJ, Brasil",Sudeste,Rio de Janeiro,Rio de Janeiro,VICENTE DE CARVALHO,,MORRO DO JURAMENTO (COMPLEXO DO JURAMENTO),-22.8627778000,-43.3152778000,"06/09/2018, 06:05:00",true,true,N�o identificado,Ação policial,,,false,0,0,0,0,0,0,0,0,0,0,0,0,0,0
19002,"Parque Arará, Rio de Janeiro - RJ, Brasil",Sudeste,Rio de Janeiro,Rio de Janeiro,BENFICA,,PARQUE ARARA,-22.8889072000,-43.2391525000,"06/09/2018, 06:53:00",false,false,,Não identificado,,,false,0,0,0,0,0,0,0,0,0,0,0,0,0,0
19003,"Morro do Juramento - Vicente de Carvalho, Rio de Janeiro - RJ, Brasil",Sudeste,Rio de Janeiro,Rio de Janeiro,VICENTE DE CARVALHO,,MORRO DO JURAMENTO (COMPLEXO DO JURAMENTO),-22.8627778000,-43.3152778000,"06/09/2018, 07:06:00",true,true,N�o identificado,Ação policial,,,false,0,0,0,0,0,0,0,0,0,0,0,0,0,0
19008,"Metral, Vila Kennedy, Rio de Janeiro - RJ, 23095-700, Brasil",Sudeste,Rio de Janeiro,Rio de Janeiro,VILA KENNEDY,,VILA KENNEDY,-22.8568140000,-43.4979100000,"06/09/2018, 11:52:00",true,true,N�o identificado,Ação policial,,,false,0,0,0,0,0,0,0,0,0,0,0,0,0,0
19011,"Barrão, Vila Kennedy, Rio de Janeiro - RJ, 21853-280, Brasil",Sudeste,Rio de Janeiro,Rio de Janeiro,VILA KENNEDY,,VILA KENNEDY,-22.8528137000,-43.4935163000,"06/09/2018, 13:54:00",false,false,,Não identificado,,,false,0,0,0,0,0,0,0,0,0,0,0,0,0,0
19018,"Gogó da Ema  - Guadalupe, Rio de Janeiro - RJ, 21660-320, Brasil",Sudeste,Rio de Janeiro,Rio de Janeiro,GUADALUPE,,GOGO DA EMA (COMPLEXO DO CHAPADAO),-22.8319941000,-43.3793933000,"06/09/2018, 15:00:00",false,true,,Ataque a civis,,,false,1,0,0,1,0,0,0,0,0,0,0,0,0,0
19015,"Penha, Rio de Janeiro - RJ, Brasil",Sudeste,Rio de Janeiro,Rio de Janeiro,PENHA,,,-22.8308535000,-43.2698184000,"06/09/2018, 16:58:00",false,false,,Não identificado,,,false,0,0,0,0,0,0,0,0,0,0,0,0,0,0
19016,"Freguesia (Jacarepaguá), Rio de Janeiro - RJ, Brasil",Sudeste,Rio de Janeiro,Rio de Janeiro,FREGUESIA (JACAREPAGUA),,,-22.9348995000,-43.3360471000,"06/09/2018, 18:10:00",false,false,,Não identificado,,,false,0,0,0,0,0,0,0,0,0,0,0,0,0,0
19025,"Pedrinha  - Vidigal, Rio de Janeiro - RJ, Brasil",Sudeste,Rio de Janeiro,Rio de Janeiro,VIDIGAL,,VIDIGAL,-22.9939022000,-43.2358343000,"07/09/2018, 04:10:00",false,false,,Não identificado,,,false,0,0,0,0,0,0,0,0,0,0,0,0,0,0
19028,"Borel - Tijuca, Rio de Janeiro - RJ, Brasil",Sudeste,Rio de Janeiro,Rio de Janeiro,TIJUCA,,MORRO DO BOREL,-22.9325728000,-43.2410248000,"07/09/2018, 05:26:00",false,false,,Não identificado,,,false,0,0,0,0,0,0,0,0,0,0,0,0,0,0
19030,"R. Aricambu - Cordovil, Rio de Janeiro - RJ, 21012-050, Brasil",Sudeste,Rio de Janeiro,Rio de Janeiro,CORDOVIL,,FAVELA DO PICA PAU (COMPLEXO DE ISRAEL),-22.8207073000,-43.2888989000,"07/09/2018, 07:55:00",false,false,,Não identificado,,,false,0,0,0,0,0,0,0,0,0,0,0,0,0,0
19034,"Realengo, Rio de Janeiro - RJ, Brasil",Sudeste,Rio de Janeiro,Rio de Janeiro,REALENGO,,COMUNIDADE COSME E DAMIAO,-22.8786524000,-43.4285172000,"07/09/2018, 10:39:00",true,true,N�o identificado,Ação policial,,,false,0,0,0,0,0,0,0,0,0,0,0,0,0,0
19043,"R. Mercúrio - Pavuna, Rio de Janeiro - RJ, Brasil",Sudeste,Rio de Janeiro,Rio de Janeiro,PAVUNA,,LOTEAMENTO VILA DOM PEDRO II,-22.8053885000,-43.3561198000,"07/09/2018, 17:54:00",false,false,,Não identificado,,,false,0,0,0,0,0,0,0,0,0,0,0,0,0,0
19046,"Cavalcanti, Rio de Janeiro - RJ, Brasil",Sudeste,Rio de Janeiro,Rio de Janeiro,CAVALCANTI,,,-22.8725957000,-43.3136000000,"07/09/2018, 18:30:00",false,false,,Não identificado,,,false,0,0,0,0,0,0,0,0,0,0,0,0,0,0
19049,"Santíssimo, Rio de Janeiro - RJ, Brasil",Sudeste,Rio de Janeiro,Rio de Janeiro,SANTISSIMO,,,-22.8759688000,-43.5263140000,"07/09/2018, 19:36:00",false,false,,Não identificado,,,false,0,0,0,0,0,0,0,0,0,0,0,0,0,0
19048,"Praça Nossa Sra. de Nazaré - Anchieta, Rio de Janeiro - RJ, 21645-340, Brasil",Sudeste,Rio de Janeiro,Rio de Janeiro,ANCHIETA,,MORRO DO PLANALTO (COMPLEXO DO CHAPADAO),-22.8217987000,-43.3986245000,"07/09/2018, 20:02:00",false,false,,Não identificado,,,false,0,0,0,0,0,0,0,0,0,0,0,0,0,0
19053,"Morro do Urubu - Pilares, Rio de Janeiro - RJ, Brasil",Sudeste,Rio de Janeiro,Rio de Janeiro,PILARES,,MORRO DO URUBU (COMPLEXO DO URUBU),-22.8763889000,-43.3033333000,"07/09/2018, 21:40:00",false,false,,Disputa,,,false,1,0,0,0,0,0,0,0,0,0,0,0,0,0
19070,"Av. Brasil - Deodoro, Rio de Janeiro - RJ, Brasil",Sudeste,Rio de Janeiro,Rio de Janeiro,DEODORO,,MORRO DA ESTACAO,-22.8507074000,-43.3854452000,"07/09/2018, 23:00:00",false,true,,Ataque a civis,,,false,0,1,0,0,0,0,0,0,0,0,0,0,0,0
19068,"Cidade Universitária - UFRJ, Rio de Janeiro - RJ, Brasil",Sudeste,Rio de Janeiro,Rio de Janeiro,CIDADE UNIVERSITARIA,,,-22.8466982000,-43.2381260000,"07/09/2018, 23:40:00",false,false,,Tentativa/Roubo a banco,,,false,0,0,0,0,0,0,0,0,0,0,0,0,0,0
19066,"Morro Faz Quem Quer- Rocha Miranda, Rio de Janeiro - RJ, 21540-530, Brasil",Sudeste,Rio de Janeiro,Rio de Janeiro,ROCHA MIRANDA,,MORRO DO FAZ QUEM QUER (COMPLEXO DO CAJUEIRO),-22.8523774000,-43.3432820000,"08/09/2018, 03:00:00",false,false,,Não identificado,,,false,0,0,0,0,0,0,0,0,0,0,0,0,0,0
19058,"R. Parque Boa Esperanca - Caju, Rio de Janeiro - RJ, Brasil",Sudeste,Rio de Janeiro,Rio de Janeiro,CAJU,,PARQUE BOA ESPERANCA (COMPLEXO DO CAJU),-22.8801359000,-43.2268146000,"08/09/2018, 05:19:00",false,false,,Não identificado,,,false,0,0,0,0,0,0,0,0,0,0,0,0,0,0
19065,"Complexo do Chapadão - Guadalupe, Rio de Janeiro - RJ, 21650-100, Brasil",Sudeste,Rio de Janeiro,Rio de Janeiro,GUADALUPE,,COMPLEXO DO CHAPADAO,-22.8347873000,-43.3799892000,"08/09/2018, 05:20:00",true,true,PM,Operação policial,,,false,0,1,0,0,0,0,0,0,0,0,0,0,0,0
19059,"Morro do Urubu - Pilares, Rio de Janeiro - RJ, 20750-150, Brasil",Sudeste,Rio de Janeiro,Rio de Janeiro,PILARES,,MORRO DO URUBU (COMPLEXO DO URUBU),-22.8763460000,-43.3018960000,"08/09/2018, 06:00:00",false,false,,Não identificado,,,false,0,0,0,0,0,0,0,0,0,0,0,0,0,0
19062,"Bar Vermelho - Vidigal, Rio de Janeiro - RJ, 22450-241, Brasil",Sudeste,Rio de Janeiro,Rio de Janeiro,VIDIGAL,,VIDIGAL,-22.9942710000,-43.2354183000,"08/09/2018, 06:15:00",true,true,UPP (Vidigal),Ação policial,,,false,0,0,0,0,0,0,0,0,0,0,0,0,0,0
19069,"R. Congo, Vila Kennedy, Rio de Janeiro - RJ, Brasil",Sudeste,Rio de Janeiro,Rio de Janeiro,VILA KENNEDY,,VILA KENNEDY,-22.8626316000,-43.4930043000,"08/09/2018, 12:16:00",false,false,,Não identificado,,,false,0,0,0,0,0,0,0,0,0,0,0,0,0,0
19071,"Morro do Urubu, Cavalcanti, Rio de Janeiro - RJ, Brasil",Sudeste,Rio de Janeiro,Rio de Janeiro,CAVALCANTI,,MORRO DO URUBU (COMPLEXO DO URUBU),-22.8724232000,-43.3125114000,"08/09/2018, 13:48:00",false,false,,Não identificado,,,false,0,0,0,0,0,0,0,0,0,0,0,0,0,0
19074,"Praça Lopes Ribeiro - Bonsucesso, Rio de Janeiro - RJ, Brasil",Sudeste,Rio de Janeiro,Rio de Janeiro,BONSUCESSO,,,-22.8624619000,-43.2564131000,"08/09/2018, 15:14:00",false,false,,Não identificado,,,false,0,0,0,0,0,0,0,0,0,0,0,0,0,0
19078,"Bangu, Rio de Janeiro - RJ, Brasil",Sudeste,Rio de Janeiro,Rio de Janeiro,BANGU,,,-22.8742263000,-43.4685442000,"08/09/2018, 17:04:00",false,false,,Não identificado,,,false,0,0,0,0,0,0,0,0,0,0,0,0,0,0
19079,"Campo Grande, Rio de Janeiro - RJ, Brasil",Sudeste,Rio de Janeiro,Rio de Janeiro,CAMPO GRANDE,,,-22.9035842000,-43.5662438000,"08/09/2018, 17:42:00",false,false,,Não identificado,,,false,0,0,0,0,0,0,0,0,0,0,0,0,0,0
19082,"Campo Grande, Rio de Janeiro - RJ, Brasil",Sudeste,Rio de Janeiro,Rio de Janeiro,CAMPO GRANDE,,,-22.9035842000,-43.5662438000,"08/09/2018, 18:36:00",false,false,,Não identificado,,,false,0,0,0,0,0,0,0,0,0,0,0,0,0,0
19083,"Riachuelo, Rio de Janeiro - RJ, Brasil",Sudeste,Rio de Janeiro,Rio de Janeiro,RIACHUELO,,,-22.8996949000,-43.2551084000,"08/09/2018, 18:55:00",false,false,,Não identificado,,,false,0,0,0,0,0,0,0,0,0,0,0,0,0,0
19081,"Morro do Borel - Tijuca, Rio de Janeiro - RJ, 20530-003, Brasil",Sudeste,Rio de Janeiro,Rio de Janeiro,TIJUCA,,MORRO DO BOREL,-22.9395237000,-43.2539724000,"08/09/2018, 19:10:00",false,false,,Não identificado,,,false,0,0,0,0,0,0,0,0,0,0,0,0,0,0
19086,"Rio Comprido, Rio de Janeiro - RJ, Brasil",Sudeste,Rio de Janeiro,Rio de Janeiro,RIO COMPRIDO,,,-22.9252336000,-43.2053404000,"08/09/2018, 19:54:00",false,false,,Não identificado,,,false,0,0,0,0,0,0,0,0,0,0,0,0,0,0
19084,"Rua Leopoldo Bulhões, Manguinhos, Rio de Janeiro - RJ, 20911-300, Brasil",Sudeste,Rio de Janeiro,Rio de Janeiro,MANGUINHOS,,MANDELA (COMPLEXO DE MANGUINHOS),-22.8842920000,-43.2488314000,"08/09/2018, 20:03:00",false,false,,Não identificado,,,false,0,0,0,0,0,0,0,0,0,0,0,0,0,0
19088,"Mal. Hermes, Rio de Janeiro - RJ, Brasil",Sudeste,Rio de Janeiro,Rio de Janeiro,MARECHAL HERMES,,,-22.8599462000,-43.3698377000,"08/09/2018, 20:29:00",false,false,,Não identificado,,,false,0,0,0,0,0,0,0,0,0,0,0,0,0,0
19087,"Barrão, Vila Kennedy - Bangu, Rio de Janeiro - RJ, 21850-007, Brasil",Sudeste,Rio de Janeiro,Rio de Janeiro,VILA KENNEDY,,VILA KENNEDY,-22.8604006000,-43.4884116000,"08/09/2018, 20:39:00",false,false,,Não identificado,,,false,0,0,0,0,0,0,0,0,0,0,0,0,0,0
19089,"Cascadura, Rio de Janeiro - RJ, Brasil",Sudeste,Rio de Janeiro,Rio de Janeiro,CASCADURA,,,-22.8822363000,-43.3245974000,"08/09/2018, 20:56:00",false,false,,Não identificado,,,false,0,0,0,0,0,0,0,0,0,0,0,0,0,0
19090,"Morro do Fubá, Cascadura, Rio de Janeiro - RJ, Brasil",Sudeste,Rio de Janeiro,Rio de Janeiro,CASCADURA,,MORRO DO FUBA (COMPLEXO DO FUBA),-22.8862212000,-43.3346634000,"08/09/2018, 21:51:00",false,false,,Não identificado,,,false,0,0,0,0,0,0,0,0,0,0,0,0,0,0
19091,"Cidade de Deus, Rio de Janeiro - RJ, Brasil",Sudeste,Rio de Janeiro,Rio de Janeiro,CIDADE DE DEUS,,CIDADE DE DEUS,-22.9481688000,-43.3626721000,"09/09/2018, 03:54:00",false,false,,Não identificado,,,false,0,0,0,0,0,0,0,0,0,0,0,0,0,0
19093,"Morro do Urubu, Pilares, Rio de Janeiro - RJ, Brasil",Sudeste,Rio de Janeiro,Rio de Janeiro,PILARES,,MORRO DO URUBU (COMPLEXO DO URUBU),-22.8763889000,-43.3033333000,"09/09/2018, 06:20:00",false,false,,Disputa,,,false,0,0,0,0,0,0,0,0,0,0,0,0,0,0
19096,"Metral, Vila Kennedy,  Bangu, Rio de Janeiro - RJ, 21853-550, Brasil",Sudeste,Rio de Janeiro,Rio de Janeiro,VILA KENNEDY,,VILA KENNEDY,-22.8550390000,-43.4969759000,"09/09/2018, 07:25:00",false,false,,Não identificado,,,false,0,0,0,0,0,0,0,0,0,0,0,0,0,0
19143,"R. Carandaí - Mal. Hermes, Rio de Janeiro - RJ, 21610-410, Brasil",Sudeste,Rio de Janeiro,Rio de Janeiro,MARECHAL HERMES,,,-22.8714940000,-43.3733160000,"09/09/2018, 12:00:00",false,true,,Homicidio/Tentativa,,,false,0,1,1,0,0,0,0,0,0,0,0,0,0,0
19102,"Estr. João Paulo - Honório Gurgel, Rio de Janeiro - RJ, Brasil",Sudeste,Rio de Janeiro,Rio de Janeiro,HONORIO GURGEL,,,-22.8430670000,-43.3617824000,"09/09/2018, 13:35:00",false,false,,Não identificado,,,false,0,0,0,0,0,0,0,0,0,0,0,0,0,0
19103,"Av. Renascer, 1628 - Vigário Geral, Rio de Janeiro - RJ, Brasil",Sudeste,Rio de Janeiro,Rio de Janeiro,VIGARIO GERAL,,FAVELA DO DIQUE,-22.8032117000,-43.3203609000,"09/09/2018, 15:00:00",false,false,,Não identificado,,,false,0,0,0,0,0,0,0,0,0,0,0,0,0,0
19111,"Cidade de Deus, Rio de Janeiro - RJ, Brasil",Sudeste,Rio de Janeiro,Rio de Janeiro,CIDADE DE DEUS,,CIDADE DE DEUS,-22.9481688000,-43.3626721000,"09/09/2018, 15:59:00",false,false,,Não identificado,,,false,0,0,0,0,0,0,0,0,0,0,0,0,0,0
19112,"Bangu, Rio de Janeiro - RJ, Brasil",Sudeste,Rio de Janeiro,Rio de Janeiro,BANGU,,,-22.8742263000,-43.4685442000,"09/09/2018, 16:28:00",false,false,,Não identificado,,,false,0,0,0,0,0,0,0,0,0,0,0,0,0,0
19109,"Morro da Providência - Gambôa, Rio de Janeiro - RJ, 20221-390, Brasil",Sudeste,Rio de Janeiro,Rio de Janeiro,GAMBOA,,MORRO DA PROVIDENCIA,-22.8995539000,-43.1948300000,"09/09/2018, 16:33:00",false,false,,Não identificado,,,false,0,0,0,0,0,0,0,0,0,0,0,0,0,0
19110,"Rua São Miguel Morro do Borel - Tijuca, Rio de Janeiro - RJ, 20530-003, Brasil",Sudeste,Rio de Janeiro,Rio de Janeiro,TIJUCA,,MORRO DO BOREL,-22.9395041000,-43.2515359000,"09/09/2018, 16:58:00",true,true,N�o identificado,Ação policial,,,false,0,2,0,0,0,0,0,0,0,0,0,0,0,0
19116,"Bonsucesso, Rio de Janeiro - RJ, Brasil",Sudeste,Rio de Janeiro,Rio de Janeiro,BONSUCESSO,,,-22.8626395000,-43.2539991000,"09/09/2018, 17:21:00",false,false,,Não identificado,,,false,0,0,0,0,0,0,0,0,0,0,0,0,0,0
19114,"Bateau Mouche, Praça Seca, Rio de Janeiro - RJ, Brasil",Sudeste,Rio de Janeiro,Rio de Janeiro,PRACA SECA,,FAVELA BATEAU MOUCHE,-22.8969198000,-43.3516802000,"09/09/2018, 17:44:00",false,false,,Não identificado,,,false,0,0,0,0,0,0,0,0,0,0,0,0,0,0
19115,"Morro do Borel, Tijuca, Rio de Janeiro - RJ, 20530-003, Brasil",Sudeste,Rio de Janeiro,Rio de Janeiro,TIJUCA,,MORRO DO BOREL,-22.9395237000,-43.2539724000,"09/09/2018, 18:34:00",false,false,,Não identificado,,,false,0,0,0,0,0,0,0,0,0,0,0,0,0,0
19126,"Bangu, Rio de Janeiro - RJ, Brasil",Sudeste,Rio de Janeiro,Rio de Janeiro,BANGU,,,-22.8742263000,-43.4685442000,"09/09/2018, 19:07:00",false,false,,Não identificado,,,false,0,0,0,0,0,0,0,0,0,0,0,0,0,0
19121,"R. Samuel das Neves - Pechincha, Rio de Janeiro - RJ, 22770-110, Brasil",Sudeste,Rio de Janeiro,Rio de Janeiro,PECHINCHA,,,-22.9282366000,-43.3593726000,"09/09/2018, 19:24:00",false,false,,Não identificado,,,false,0,0,0,0,0,0,0,0,0,0,0,0,0,0
19120,"Morro do Borel - Tijuca, Rio de Janeiro - RJ, 20530-003, Brasil",Sudeste,Rio de Janeiro,Rio de Janeiro,TIJUCA,,MORRO DO BOREL,-22.9395237000,-43.2539724000,"09/09/2018, 19:24:00",false,false,,Não identificado,,,false,0,0,0,0,0,0,0,0,0,0,0,0,0,0
19127,"Penha, Rio de Janeiro - RJ, Brasil",Sudeste,Rio de Janeiro,Rio de Janeiro,PENHA,,,-22.8308535000,-43.2698184000,"09/09/2018, 19:35:00",false,false,,Não identificado,,,false,0,0,0,0,0,0,0,0,0,0,0,0,0,0
19131,"Morro do Borel- Tijuca, Rio de Janeiro - RJ, 20530-001, Brasil",Sudeste,Rio de Janeiro,Rio de Janeiro,TIJUCA,,MORRO DO BOREL,-22.9395041000,-43.2515359000,"09/09/2018, 23:59:00",false,false,,Não identificado,,,false,0,0,0,0,0,0,0,0,0,0,0,0,0,0
19130,"Morro da Formiga - Tijuca, Rio de Janeiro - RJ, 20530-003, Brasil",Sudeste,Rio de Janeiro,Rio de Janeiro,TIJUCA,,MORRO DA FORMIGA,-22.9441667000,-43.2408333000,"10/09/2018, 03:17:00",false,false,,Não identificado,,,false,0,0,0,0,0,0,0,0,0,0,0,0,0,0
19141,"Avenida Lúcio Costa - Barra da Tijuca, Rio de Janeiro - RJ, Brasil",Sudeste,Rio de Janeiro,Rio de Janeiro,BARRA DA TIJUCA,,,-23.0105266000,-43.3349951000,"10/09/2018, 03:30:00",false,false,,Tentativa/Roubo,,,false,1,0,0,0,0,0,0,0,0,0,0,0,0,0
19136,"Morro do Juramento - Vicente de Carvalho, Rio de Janeiro - RJ, Brasil",Sudeste,Rio de Janeiro,Rio de Janeiro,VICENTE DE CARVALHO,,MORRO DO JURAMENTO (COMPLEXO DO JURAMENTO),-22.8627778000,-43.3152778000,"10/09/2018, 04:16:00",true,true,N�o identificado,Operação policial,,,false,0,1,0,0,0,0,0,0,0,1,0,0,0,0
19138,"Morro do Juramento - Vicente de Carvalho, Rio de Janeiro - RJ, Brasil",Sudeste,Rio de Janeiro,Rio de Janeiro,VICENTE DE CARVALHO,,MORRO DO JURAMENTO (COMPLEXO DO JURAMENTO),-22.8627778000,-43.3152778000,"10/09/2018, 05:27:00",false,false,,Não identificado,,,false,0,0,0,0,0,0,0,0,0,0,0,0,0,0
19142,"Cidade Alta - Cordovil, Rio de Janeiro - RJ, Brasil",Sudeste,Rio de Janeiro,Rio de Janeiro,CORDOVIL,,CIDADE ALTA (COMPLEXO DE ISRAEL),-22.8234412000,-43.2959357000,"10/09/2018, 06:33:00",false,false,,Não identificado,,,false,0,0,0,0,0,0,0,0,0,0,0,0,0,0
19149,"Pedra lisa Morro da Providencia - Gambôa, Rio de Janeiro - RJ, 20221-310, Brasil",Sudeste,Rio de Janeiro,Rio de Janeiro,GAMBOA,,MORRO DA PROVIDENCIA,-22.9037007000,-43.1958076000,"10/09/2018, 10:45:00",true,true,N�o identificado,Ação policial,,,false,0,0,0,0,0,0,0,0,0,0,0,0,0,0
19150,"R. Castelnuovo, 413 - Tijuca, Rio de Janeiro - RJ, 20530-120, Brasil",Sudeste,Rio de Janeiro,Rio de Janeiro,TIJUCA,,MORRO DA FORMIGA,-22.9435434000,-43.2412996000,"10/09/2018, 11:08:00",false,false,,Não identificado,,,false,0,0,0,0,0,0,0,0,0,0,0,0,0,0
19153,"Jacarezinho, Rio de Janeiro - RJ, Brasil",Sudeste,Rio de Janeiro,Rio de Janeiro,JACAREZINHO,,JACAREZINHO,-22.8839353000,-43.2550305000,"10/09/2018, 12:00:00",true,true,N�o identificado,Ação policial,,,false,0,0,0,0,0,0,0,0,0,0,0,0,0,0
19156,"Pedra do Seu Vitor - Vidigal, Rio de Janeiro - RJ, 22450-280, Brasil",Sudeste,Rio de Janeiro,Rio de Janeiro,VIDIGAL,,VIDIGAL,-22.9939084000,-43.2358618000,"10/09/2018, 14:01:00",false,false,,Não identificado,,,false,0,0,0,0,0,0,0,0,0,0,0,0,0,0
19155,"R. Canitar - Complexo do Alemão, Rio de Janeiro - RJ, Brasil",Sudeste,Rio de Janeiro,Rio de Janeiro,COMPLEXO DO ALEMAO,,MORRO DAS PALMEIRAS (COMPLEXO DO ALEMAO),-22.8603985000,-43.2821082000,"10/09/2018, 16:23:00",false,false,,Não identificado,,,false,0,0,0,0,0,0,0,0,0,0,0,0,0,0
19161,"R. Silva Pinto - Vila Isabel, Rio de Janeiro - RJ, 20551-190, Brasil",Sudeste,Rio de Janeiro,Rio de Janeiro,VILA ISABEL,,,-22.9152233000,-43.2478988000,"10/09/2018, 20:06:00",false,false,,Não identificado,,,false,0,0,0,0,0,0,0,0,0,0,0,0,0,0
19160,"Estrada do Guandú do Sena, Campo Grande, Rio de Janeiro - RJ, 23097-220, Brasil",Sudeste,Rio de Janeiro,Rio de Janeiro,CAMPO GRANDE,,FAVELA DA CAROBINHA,-22.8544350000,-43.5289880000,"10/09/2018, 20:16:00",false,false,,Não identificado,,,false,0,0,0,0,0,0,0,0,0,0,0,0,0,0
19163,"Cidade Alta, Cordovil, Rio de Janeiro - RJ, Brasil",Sudeste,Rio de Janeiro,Rio de Janeiro,CORDOVIL,,CIDADE ALTA (COMPLEXO DE ISRAEL),-22.8196976000,-43.2943395000,"10/09/2018, 20:40:00",false,false,,Não identificado,,,false,0,0,0,0,0,0,0,0,0,0,0,0,0,0
19164,"Karatê, Cidade de Deus, Rio de Janeiro - RJ, Brasil",Sudeste,Rio de Janeiro,Rio de Janeiro,CIDADE DE DEUS,,CIDADE DE DEUS,-22.9518380000,-43.3546000000,"10/09/2018, 21:00:00",false,false,,Não identificado,,,false,0,0,0,0,0,0,0,0,0,0,0,0,0,0
19284,"Proença Rosa, Honório Gurgel, Rio de Janeiro - RJ, 21515-171, Brasil",Sudeste,Rio de Janeiro,Rio de Janeiro,HONORIO GURGEL,,PROENCA ROSA,-22.8389771000,-43.3611850000,"10/09/2018, 21:36:00",false,false,,Não identificado,,,false,0,0,0,0,0,0,0,0,0,0,0,0,0,0
19283,"Morro do Urubu - Pilares, Rio de Janeiro - RJ, 20750-150, Brasil",Sudeste,Rio de Janeiro,Rio de Janeiro,PILARES,,MORRO DO URUBU (COMPLEXO DO URUBU),-22.8763889000,-43.3033333000,"10/09/2018, 21:45:00",false,false,,Não identificado,,,false,0,0,0,0,0,0,0,0,0,0,0,0,0,0
19171,"Morro da Providência - Gambôa, Rio de Janeiro - RJ, Brasil",Sudeste,Rio de Janeiro,Rio de Janeiro,GAMBOA,,MORRO DA PROVIDENCIA,-22.9003269000,-43.1950902000,"11/09/2018, 02:00:00",true,true,PM,Operação policial,,,false,0,0,0,0,0,0,0,0,0,0,0,0,0,0
19177,"Estr. do Cantagalo - Copacabana, Rio de Janeiro - RJ, Brasil",Sudeste,Rio de Janeiro,Rio de Janeiro,COPACABANA,,MORRO DO CANTAGALO,-22.9808533000,-43.1973026000,"11/09/2018, 02:50:00",false,false,,Não identificado,,,false,0,0,0,0,0,0,0,0,0,0,0,0,0,0
19173,"R. Merendiba, Complexo da Penha, Rio de Janeiro - RJ, 21070-000, Brasil",Sudeste,Rio de Janeiro,Rio de Janeiro,PENHA,,MORRO DA MERENDIBA (COMPLEXO DA PENHA),-22.8472161000,-43.2754407000,"11/09/2018, 04:48:00",false,false,,Não identificado,,,false,0,0,0,0,0,0,0,0,0,0,0,0,0,0
19174,"R. Merendiba, Complexo da Penha, Rio de Janeiro - RJ, 21070-000, Brasil",Sudeste,Rio de Janeiro,Rio de Janeiro,PENHA,,MORRO DA MERENDIBA (COMPLEXO DA PENHA),-22.8472161000,-43.2754407000,"11/09/2018, 06:02:00",false,false,,Não identificado,,,false,0,0,0,0,0,0,0,0,0,0,0,0,0,0
19175,"Bairro 13, Barros Filho, Rio de Janeiro - RJ, Brasil",Sudeste,Rio de Janeiro,Rio de Janeiro,BARROS FILHO,,CONJUNTO DO BAIRRO 13 (COMPLEXO DA PEDREIRA),-22.8311362000,-43.3678530000,"11/09/2018, 06:09:00",false,false,,Não identificado,,,false,0,0,0,0,0,0,0,0,0,0,0,0,0,0
19176,"Morro da Covanca, Tanque, Rio de Janeiro - RJ, Brasil",Sudeste,Rio de Janeiro,Rio de Janeiro,TANQUE,,MORRO DA COVANCA,-22.9168857000,-43.3410124000,"11/09/2018, 06:23:00",false,false,,Não identificado,,,false,0,0,0,0,0,0,0,0,0,0,0,0,0,0
19178,"R. Viúva Cláudio, 28 - Jacaré, Rio de Janeiro - RJ, Brasil",Sudeste,Rio de Janeiro,Rio de Janeiro,JACAREZINHO,,JACAREZINHO,-22.8867227000,-43.2525405000,"11/09/2018, 07:17:00",false,false,,Não identificado,,,false,0,0,0,0,0,0,0,0,0,0,0,0,0,0
19180,"Av. Brasil - Maré, Rio de Janeiro - RJ, Brasil",Sudeste,Rio de Janeiro,Rio de Janeiro,MARE,,COMPLEXO DA MARE,-22.8590050000,-43.2478826000,"11/09/2018, 07:45:00",true,true,PM,Ação policial,,,false,0,2,0,2,0,0,0,0,0,0,0,0,0,0
19181,"Jacarezinho, Rio de Janeiro - RJ, Brasil",Sudeste,Rio de Janeiro,Rio de Janeiro,JACAREZINHO,,JACAREZINHO,-22.8875573000,-43.2581953000,"11/09/2018, 08:05:00",false,false,,Não identificado,,,false,0,0,0,0,0,0,0,0,0,0,0,0,0,0
19183,"JBuraco do Lacerda acarezinho, Rio de Janeiro - RJ, Brasil",Sudeste,Rio de Janeiro,Rio de Janeiro,JACAREZINHO,,JACAREZINHO,-22.8873290000,-43.2525851000,"11/09/2018, 09:05:00",true,true,N�o identificado,Operação policial,,,false,0,0,0,0,0,0,0,0,0,0,0,0,0,0
19189,"Favela do Muquiço,  Mal. Hermes, Rio de Janeiro - RJ, 21670-220, Brasil",Sudeste,Rio de Janeiro,Rio de Janeiro,MARECHAL HERMES,,FAVELA DO MUQUICO,-22.8509587000,-43.3749944000,"11/09/2018, 10:28:00",false,false,,Não identificado,,,false,0,0,0,0,0,0,0,0,0,0,0,0,0,0
19192,"Rua Joliva da Fonseca - Bento Ribeiro, Rio de Janeiro - RJ, 21340-080, Brasil",Sudeste,Rio de Janeiro,Rio de Janeiro,BENTO RIBEIRO,,,-22.8695138000,-43.3586731000,"11/09/2018, 11:50:00",false,false,,Não identificado,,,false,0,0,0,0,0,0,0,0,0,0,0,0,0,0
19193,"14 - Vidigal, Rio de Janeiro - RJ, 22450-241, Brasil",Sudeste,Rio de Janeiro,Rio de Janeiro,VIDIGAL,,VIDIGAL,-22.9939330000,-43.2358200000,"11/09/2018, 14:06:00",false,false,,Não identificado,,,false,0,0,0,0,0,0,0,0,0,0,0,0,0,0
19195,"Muquiço - Guadalupe, Rio de Janeiro - RJ, 21660-030, Brasil",Sudeste,Rio de Janeiro,Rio de Janeiro,GUADALUPE,,FAVELA DO MUQUICO,-22.8402840000,-43.3781415000,"11/09/2018, 14:30:00",true,true,N�o identificado,Operação policial,,,false,0,0,0,0,0,0,0,0,0,0,0,0,0,0
19197,"R. Bibiano Pereira da Rocha - Flamengo, Rio de Janeiro - RJ, 22230-080, Brasil",Sudeste,Rio de Janeiro,Rio de Janeiro,FLAMENGO,,MORRO AZUL,-22.9372890000,-43.1792481000,"11/09/2018, 15:13:00",false,false,,Não identificado,,,false,0,0,0,0,0,0,0,0,0,0,0,0,0,0
19202,"15 (Quinze) - Cidade de Deus, Rio de Janeiro - RJ, Brasil",Sudeste,Rio de Janeiro,Rio de Janeiro,CIDADE DE DEUS,,CIDADE DE DEUS,-22.9481688000,-43.3626721000,"11/09/2018, 15:54:00",false,false,,Não identificado,,,false,0,0,0,0,0,0,0,0,0,0,0,0,0,0
19230,"Avenida Chrisóstomo Pimentel de Oliveira, Pavuna, Rio de Janeiro - RJ, Brasil",Sudeste,Rio de Janeiro,Rio de Janeiro,PAVUNA,,,-22.8136828000,-43.3772954000,"11/09/2018, 17:00:00",false,true,,Tentativa/Roubo,,,false,0,0,0,1,0,0,0,0,0,0,0,0,0,0
19207,"Vila 26 - Bangu, Rio de Janeiro - RJ, 21850-000, Brasil",Sudeste,Rio de Janeiro,Rio de Janeiro,BANGU,VILA 26,,-22.8554636000,-43.4883812000,"11/09/2018, 18:45:00",false,false,,Não identificado,,,false,0,0,0,0,0,0,0,0,0,0,0,0,0,0
19208,"Cidade de  Deus - Av. Ten-Cel. Muniz de Aragão, Rio de Janeiro - RJ, Brasil",Sudeste,Rio de Janeiro,Rio de Janeiro,CIDADE DE DEUS,,CIDADE DE DEUS,-22.9536106000,-43.3474266000,"11/09/2018, 20:06:00",false,false,,Não identificado,,,false,0,0,0,0,0,0,0,0,0,0,0,0,0,0
19212,"Vila Cruzeiro - Penha, Rio de Janeiro - RJ, Brasil",Sudeste,Rio de Janeiro,Rio de Janeiro,PENHA,,VILA CRUZEIRO (COMPLEXO DA PENHA),-22.8308535000,-43.2698184000,"11/09/2018, 20:35:00",false,false,,Não identificado,,,false,0,0,0,0,0,0,0,0,0,0,0,0,0,0
19408,"R. Mimosa - Curicica, Rio de Janeiro - RJ, 22780-470, Brasil",Sudeste,Rio de Janeiro,Rio de Janeiro,CURICICA,,,-22.9560447000,-43.3808252000,"11/09/2018, 21:00:00",false,true,,Briga,,,false,0,0,0,0,0,0,0,0,0,0,0,0,0,0
19223,"Bairro Esplanada, Campo Grande, Rio de Janeiro - RJ, Brasil",Sudeste,Rio de Janeiro,Rio de Janeiro,CAMPO GRANDE,,,-22.8745384000,-43.5541009000,"11/09/2018, 21:05:00",true,true,N�o identificado,Ação policial,,,false,0,0,0,0,0,0,0,0,0,0,0,0,0,0
19213,"Morro do Congo - Bangu, Rio de Janeiro - RJ, 21852-580, Brasil",Sudeste,Rio de Janeiro,Rio de Janeiro,VILA KENNEDY,,VILA KENNEDY,-22.8621273000,-43.4906937000,"11/09/2018, 23:11:00",false,false,,Não identificado,,,false,0,0,0,0,0,0,0,0,0,0,0,0,0,0
19215,"Morro do Turano, Rio Comprido, Rio de Janeiro - RJ, Brasil",Sudeste,Rio de Janeiro,Rio de Janeiro,RIO COMPRIDO,,MORRO DO TURANO,-22.9256516000,-43.2154698000,"12/09/2018, 02:40:00",true,true,N�o identificado,Ação policial,,,false,0,0,0,0,0,0,0,0,0,0,0,0,0,0
19216,"Cidade de Deus, Rio de Janeiro - RJ, Brasil",Sudeste,Rio de Janeiro,Rio de Janeiro,CIDADE DE DEUS,,CIDADE DE DEUS,-22.9465479000,-43.3697197000,"12/09/2018, 03:40:00",true,true,PM,Operação policial,,,false,0,0,0,0,0,0,0,0,0,0,0,0,0,0
19233,"Morro da Providencia - Gambôa, Rio de Janeiro - RJ, 20221-310, Brasil",Sudeste,Rio de Janeiro,Rio de Janeiro,GAMBOA,,MORRO DA PROVIDENCIA,-22.9002778000,-43.1952778000,"12/09/2018, 04:20:00",true,true,PM,Operação policial,,,false,0,0,0,0,0,0,0,0,0,0,0,0,0,0
19221,"Estrada Sargento Miguel Filho, Vila Kennedy, Bangu, Rio de Janeiro - RJ, Brasil",Sudeste,Rio de Janeiro,Rio de Janeiro,VILA KENNEDY,,VILA KENNEDY,-22.8588961000,-43.4870104000,"12/09/2018, 04:57:00",false,false,,Não identificado,,,false,0,0,0,0,0,0,0,0,0,0,0,0,0,0
19226,"Grajaú, Rio de Janeiro - RJ, Brasil",Sudeste,Rio de Janeiro,Rio de Janeiro,GRAJAU,,BORDA DO MATO,-22.9237145000,-43.2584667000,"12/09/2018, 05:40:00",true,true,PM,Ação policial,,,false,1,0,0,0,0,0,0,0,0,0,0,0,0,0
19225,"Amarelinho - Acari, Rio de Janeiro - RJ, 21531-060, Brasil",Sudeste,Rio de Janeiro,Rio de Janeiro,ACARI,,FAVELA DE ACARI,-22.8253485000,-43.3385607000,"12/09/2018, 05:54:00",true,true,PM,Operação policial,,,false,0,0,0,0,0,0,0,0,0,0,0,0,0,0
19272,"R. Goiás - Cascadura, Rio de Janeiro - RJ, Brasil",Sudeste,Rio de Janeiro,Rio de Janeiro,QUINTINO BOCAIUVA,,,-22.8882676000,-43.3208931000,"12/09/2018, 06:00:00",false,true,,Tentativa/Roubo,,,false,0,0,0,0,0,0,0,0,0,0,0,0,0,0
19259,"R. Abiurana , Honório Gurgel, Rio de Janeiro - RJ, 21512-100, Brasil",Sudeste,Rio de Janeiro,Rio de Janeiro,HONORIO GURGEL,,PROENCA ROSA,-22.8399985000,-43.3628778000,"12/09/2018, 06:00:00",false,false,,Homicidio/Tentativa,,,false,1,0,0,0,0,0,0,0,0,0,0,0,0,0
19232,"Aço, Santa Cruz, Rio de Janeiro - RJ, Brasil",Sudeste,Rio de Janeiro,Rio de Janeiro,SANTA CRUZ,,FAVELA DO ACO,-22.9356201000,-43.6504840000,"12/09/2018, 06:09:00",false,false,,Não identificado,,,false,0,0,0,0,0,0,0,0,0,0,0,0,0,0
19231,"R. Merendiba - Complexo da Penha, Rio de Janeiro - RJ, Brasil",Sudeste,Rio de Janeiro,Rio de Janeiro,OLARIA,,MORRO DA MERENDIBA (COMPLEXO DA PENHA),-22.8472161000,-43.2754407000,"12/09/2018, 06:39:00",false,false,,Não identificado,,,false,0,0,0,0,0,0,0,0,0,0,0,0,0,0
19234,"Vila Cruzeiro - Penha, Rio de Janeiro - RJ, 21070-480, Brasil",Sudeste,Rio de Janeiro,Rio de Janeiro,PENHA,,VILA CRUZEIRO (COMPLEXO DA PENHA),-22.8487441000,-43.2828813000,"12/09/2018, 07:44:00",false,false,,Não identificado,,,false,0,0,0,0,0,0,0,0,0,0,0,0,0,0
19235,"R. Merendiba - Penha, Rio de Janeiro - RJ, 21070-730, Brasil",Sudeste,Rio de Janeiro,Rio de Janeiro,OLARIA,,MORRO DA MERENDIBA (COMPLEXO DA PENHA),-22.8463554000,-43.2763762000,"12/09/2018, 08:50:00",false,false,,Não identificado,,,false,0,0,0,0,0,0,0,0,0,0,0,0,0,0
19243,"R. Dias da Cruz - Meier, Rio de Janeiro - RJ, 20720-013, Brasil",Sudeste,Rio de Janeiro,Rio de Janeiro,MEIER,,,-22.9051950000,-43.2924591000,"12/09/2018, 14:02:00",false,false,,Não identificado,,,false,0,0,0,0,0,0,0,0,0,0,0,0,0,0
19246,"R. Gen. Bruce, Rio de Janeiro - RJ, 20921-030, Brasil",Sudeste,Rio de Janeiro,Rio de Janeiro,SAO CRISTOVAO,,,-22.8953755000,-43.2221985000,"12/09/2018, 15:46:00",false,false,,Não identificado,,,false,0,0,0,0,0,0,0,0,0,0,0,0,0,0
19253,"Pantanal, Cidade de Deus, Rio de Janeiro - RJ, Brasil",Sudeste,Rio de Janeiro,Rio de Janeiro,CIDADE DE DEUS,,CIDADE DE DEUS,-22.9481688000,-43.3626721000,"12/09/2018, 16:00:00",true,true,PM,Operação policial,,,false,0,1,0,0,0,0,0,0,0,0,0,0,0,0
19257,"Engenho Novo, Rio de Janeiro - RJ, Brasil",Sudeste,Rio de Janeiro,Rio de Janeiro,ENGENHO NOVO,,,-22.9027463000,-43.2684052000,"12/09/2018, 16:02:00",false,false,,Não identificado,,,false,0,0,0,0,0,0,0,0,0,0,0,0,0,0
19250,"Progresso, Vila Kennedy - Bangu, Rio de Janeiro - RJ, 21850-007, Brasil",Sudeste,Rio de Janeiro,Rio de Janeiro,VILA KENNEDY,,VILA KENNEDY,-22.8604006000,-43.4884116000,"12/09/2018, 16:30:00",false,false,,Não identificado,,,false,0,0,0,0,0,0,0,0,0,0,0,0,0,0
19252,"Favela do Muquiço, Guadalupe, Rio de Janeiro - RJ, 21670-180, Brasil",Sudeste,Rio de Janeiro,Rio de Janeiro,GUADALUPE,,FAVELA DO MUQUICO,-22.8511599000,-43.3754397000,"12/09/2018, 16:54:00",false,false,,Não identificado,,,false,0,0,0,0,0,0,0,0,0,0,0,0,0,0
19269,"R. Gen. Bruce, Rio de Janeiro - RJ, 20921-030, Brasil",Sudeste,Rio de Janeiro,Rio de Janeiro,SAO CRISTOVAO,,,-22.8953755000,-43.2221985000,"12/09/2018, 18:00:00",true,true,PM,Operação policial,,,false,0,1,1,1,0,0,0,0,0,0,0,0,0,0
19258,"Faz Quem Quer, Rocha Miranda, Rio de Janeiro - RJ, Brasil",Sudeste,Rio de Janeiro,Rio de Janeiro,ROCHA MIRANDA,,MORRO DO FAZ QUEM QUER (COMPLEXO DO CAJUEIRO),-22.8520103000,-43.3468065000,"12/09/2018, 18:05:00",false,false,,Não identificado,,,false,0,0,0,0,0,0,0,0,0,0,0,0,0,0
19260,"Rato Molhado, Engenho Novo, Rio de Janeiro - RJ, 20961-160, Brasil",Sudeste,Rio de Janeiro,Rio de Janeiro,ENGENHO NOVO,,FAVELA DO RATO MOLHADO (OU DOIS DE MAIO),-22.8969322000,-43.2630553000,"12/09/2018, 18:47:00",false,false,,Não identificado,,,false,0,0,0,0,0,0,0,0,0,0,0,0,0,0
19264,"Ilha do Governador, Rio de Janeiro - RJ, Brasil",Sudeste,Rio de Janeiro,Rio de Janeiro,PORTUGUESA,,,-22.8052385000,-43.2086085000,"12/09/2018, 18:49:00",false,false,,Não identificado,,,false,0,0,0,0,0,0,0,0,0,0,0,0,0,0
19262,"Vila Vintém - Padre Miguel, Rio de Janeiro - RJ, 21721-021, Brasil",Sudeste,Rio de Janeiro,Rio de Janeiro,PADRE MIGUEL,,VILA VINTEM,-22.8709633000,-43.4426703000,"12/09/2018, 19:28:00",false,false,,Não identificado,,,false,0,0,0,0,0,0,0,0,0,0,0,0,0,0
19441,"Av. Brasil - Santa Cruz, Rio de Janeiro - RJ, Brasil",Sudeste,Rio de Janeiro,Rio de Janeiro,SANTA CRUZ,,,-22.8875863000,-43.6553031000,"12/09/2018, 21:00:00",true,true,N�o identificado,Ação policial,,,false,1,0,0,0,0,0,0,0,0,0,0,0,0,0
19271,"Morro Jorge Turco - Rocha Miranda, Rio de Janeiro - RJ, 20765-630, Brasil",Sudeste,Rio de Janeiro,Rio de Janeiro,COELHO NETO,,MORRO JORGE TURCO,-22.8386111000,-43.3447222000,"12/09/2018, 22:55:00",false,false,,Disputa,,,false,0,0,0,0,0,0,0,0,0,0,0,0,0,0
19293,"R. Borda do Mato  - Grajau, Rio de Janeiro - RJ, 20561-200, Brasil",Sudeste,Rio de Janeiro,Rio de Janeiro,GRAJAU,,BORDA DO MATO,-22.9236917000,-43.2592545000,"13/09/2018, 01:55:00",false,false,,Não identificado,,,false,0,0,0,0,0,0,0,0,0,0,0,0,0,0
19273,"Avenida Amaro Cavalcanti, Méier, Rio de Janeiro - RJ, 20735-320, Brasil",Sudeste,Rio de Janeiro,Rio de Janeiro,MEIER,,,-22.8965577000,-43.2893073000,"13/09/2018, 02:00:00",false,false,,Não identificado,,,false,0,0,0,0,0,0,0,0,0,0,0,0,0,0
19278,"Morro São João - Engenho Novo, Rio de Janeiro - RJ, 20950-370, Brasil",Sudeste,Rio de Janeiro,Rio de Janeiro,ENGENHO NOVO,,MORRO SAO JOAO,-22.9077778000,-43.2616667000,"13/09/2018, 02:35:00",true,true,PM,Ação policial,,,false,0,2,0,0,0,0,0,0,0,0,0,0,0,0
19277,"Morro dos Macacos, Vila Isabel, Rio de Janeiro - RJ, 20560-060, Brasil",Sudeste,Rio de Janeiro,Rio de Janeiro,VILA ISABEL,,MORRO DOS MACACOS,-22.9117420000,-43.2557170000,"13/09/2018, 02:57:00",true,true,PM,Operação policial,,,false,0,2,0,0,0,0,0,0,0,0,0,0,0,0
19279,"Morro da Caixa D'Água, Tanque, Jacarepaguá, Rio de Janeiro - RJ, 21320-060, Brasil",Sudeste,Rio de Janeiro,Rio de Janeiro,TANQUE,,MORRO DA CAIXA D'AGUA (TANQUE),-22.9155510000,-43.3615780000,"13/09/2018, 03:56:00",true,true,PM,Operação policial,,,false,0,0,0,0,0,0,0,0,0,0,0,0,0,0
19285,"Morro dos Macacos, Vila Isabel, Rio de Janeiro - RJ, 20560-060, Brasil",Sudeste,Rio de Janeiro,Rio de Janeiro,SAMPAIO,,MORRO DOS MACACOS,-22.9100000000,-43.2575000000,"13/09/2018, 04:15:00",true,true,N�o identificado,Ação policial,,,false,0,0,0,0,0,0,0,0,0,0,0,0,0,0
19286,"Morro São João - Engenho Novo, Rio de Janeiro - RJ, 20950-370, Brasil",Sudeste,Rio de Janeiro,Rio de Janeiro,ENGENHO NOVO,,MORRO SAO JOAO,-22.9077778000,-43.2616667000,"13/09/2018, 04:18:00",false,false,,Não identificado,,,false,0,0,0,0,0,0,0,0,0,0,0,0,0,0
19280,"Morro da Covanca - Tanque, Rio de Janeiro - RJ, 22735-020, Brasil",Sudeste,Rio de Janeiro,Rio de Janeiro,TANQUE,,MORRO DA COVANCA,-22.9122222000,-43.3288889000,"13/09/2018, 04:42:00",true,true,N�o identificado,Ação policial,,,false,0,0,0,0,0,0,0,0,0,0,0,0,0,0
19281,"Leão, Vila Kennedy, Rio de Janeiro - RJ, 21852-010, Brasil",Sudeste,Rio de Janeiro,Rio de Janeiro,VILA KENNEDY,,VILA KENNEDY,-22.8563684000,-43.4898289000,"13/09/2018, 05:21:00",false,false,,Não identificado,,,false,0,0,0,0,0,0,0,0,0,0,0,0,0,0
19294,"Karate - Cidade de Deus, Rio de Janeiro - RJ, 22773-060, Brasil",Sudeste,Rio de Janeiro,Rio de Janeiro,CIDADE DE DEUS,,CIDADE DE DEUS,-22.9476190000,-43.3670850000,"13/09/2018, 09:00:00",false,false,,Não identificado,,,false,0,0,0,0,0,0,0,0,0,0,0,0,0,0
19313,"Rua Cardoso de Morais, Bonsucesso, Rio de Janeiro - RJ, 21032-000, Brasil",Sudeste,Rio de Janeiro,Rio de Janeiro,BONSUCESSO,,,-22.8635049000,-43.2542394000,"13/09/2018, 11:00:00",false,false,,Tentativa/Roubo,,,false,0,2,0,0,0,0,0,0,0,0,0,0,0,0
19296,"Rua Otaviano Romeiro - Bangu, Rio de Janeiro - RJ, 21853-550, Brasil",Sudeste,Rio de Janeiro,Rio de Janeiro,VILA KENNEDY,,VILA KENNEDY,-22.8537094000,-43.4959508000,"13/09/2018, 12:01:00",false,false,,Não identificado,,,false,0,0,0,0,0,0,0,0,0,0,0,0,0,0
19297,"R. Merendiba - Vila Cruzeiro, Rio de Janeiro - RJ, 21070-000, Brasil",Sudeste,Rio de Janeiro,Rio de Janeiro,OLARIA,,MORRO DA MERENDIBA (COMPLEXO DA PENHA),-22.8472161000,-43.2754407000,"13/09/2018, 12:25:00",true,true,N�o identificado,Ação policial,,,false,0,0,0,0,0,0,0,0,0,0,0,0,0,0
19299,"R. Adail - Bonsucesso, Rio de Janeiro - RJ, 21040-000, Brasil",Sudeste,Rio de Janeiro,Rio de Janeiro,BONSUCESSO,,,-22.8603815000,-43.2549220000,"13/09/2018, 13:00:00",false,false,,Não identificado,,,false,0,0,0,0,0,0,0,0,0,0,0,0,0,0
19301,"R. Pedro Américo, 466 - Catete, Rio de Janeiro - RJ, 22211-200, Brasil",Sudeste,Rio de Janeiro,Rio de Janeiro,CATETE,,,-22.9249580000,-43.1813510000,"13/09/2018, 15:10:00",false,false,,Não identificado,,,false,0,0,0,0,0,0,0,0,0,0,0,0,0,0
19303,"Divisa, Complexo da Maré, Rio de Janeiro - RJ, 21043-011, Brasil",Sudeste,Rio de Janeiro,Rio de Janeiro,MARE,,COMPLEXO DA MARE,-22.8596751000,-43.2459694000,"13/09/2018, 15:31:00",false,false,,Não identificado,,,false,0,0,0,0,0,0,0,0,0,0,0,0,0,0
19308,"Pavuna, Rio de Janeiro - RJ, Brasil",Sudeste,Rio de Janeiro,Rio de Janeiro,PAVUNA,,,-22.8112324000,-43.3625273000,"13/09/2018, 15:59:00",false,false,,Não identificado,,,false,0,0,0,0,0,0,0,0,0,0,0,0,0,0
19305,"Morro da Formiga,  Tijuca, Rio de Janeiro - RJ, 20530-100, Brasil",Sudeste,Rio de Janeiro,Rio de Janeiro,TIJUCA,,MORRO DA FORMIGA,-22.9409190000,-43.2432380000,"13/09/2018, 16:24:00",false,false,,Não identificado,,,false,0,0,0,0,0,0,0,0,0,0,0,0,0,0
19306,"Morro do Cruz,  Andarai, Rio de Janeiro - RJ, 20510-360, Brasil",Sudeste,Rio de Janeiro,Rio de Janeiro,ANDARAI,,MORRO DO CRUZ,-22.9297700000,-43.2509480000,"13/09/2018, 16:27:00",false,false,,Não identificado,,,false,0,0,0,0,0,0,0,0,0,0,0,0,0,0
19309,"Morro Jorge Turco, Rocha Miranda, Rio de Janeiro - RJ, 21545-370, Brasil",Sudeste,Rio de Janeiro,Rio de Janeiro,COELHO NETO,,MORRO JORGE TURCO,-22.8377899000,-43.3448660000,"13/09/2018, 17:15:00",false,false,,Não identificado,,,false,0,0,0,0,0,0,0,0,0,0,0,0,0,0
19316,"Av. Padre Guilherme Decaminada, 2385 - Santa Cruz, Rio de Janeiro - RJ, 23575-000, Brasil",Sudeste,Rio de Janeiro,Rio de Janeiro,SANTA CRUZ,,,-22.8909697000,-43.6763781000,"13/09/2018, 17:47:00",false,false,,Não identificado,,,false,0,0,0,0,0,0,0,0,0,0,0,0,0,0
19318,"Anchieta, Rio de Janeiro - RJ, Brasil",Sudeste,Rio de Janeiro,Rio de Janeiro,ANCHIETA,,,-22.8238795000,-43.3981236000,"13/09/2018, 19:06:00",false,false,,Não identificado,,,false,0,0,0,0,0,0,0,0,0,0,0,0,0,0
19319,"Guarabu, Ilha do Governador, Rio de Janeiro - RJ, 21931-550, Brasil",Sudeste,Rio de Janeiro,Rio de Janeiro,JARDIM CARIOCA,,,-22.8065607000,-43.1954802000,"13/09/2018, 19:53:00",false,false,,Não identificado,,,false,0,0,0,0,0,0,0,0,0,0,0,0,0,0
19322,"Az de Ouro, Mariópolis,  Anchieta, Rio de Janeiro - RJ, 21630-000",Sudeste,Rio de Janeiro,Rio de Janeiro,ANCHIETA,,FAVELA AZ DE OURO (OU BEIRA-RIO),-22.8228713000,-43.4141474000,"13/09/2018, 20:09:00",false,false,,Não identificado,,,false,0,0,0,0,0,0,0,0,0,0,0,0,0,0
19324,"R. Tapuamas, 410-120 - Costa Barros Rio de Janeiro - RJ 21650-430",Sudeste,Rio de Janeiro,Rio de Janeiro,COSTA BARROS,,MORRO DO CHAPADAO (COMPLEXO DO CHAPADAO),-22.8240477000,-43.3718772000,"13/09/2018, 20:24:00",false,false,,Não identificado,,,false,0,0,0,0,0,0,0,0,0,0,0,0,0,0
19343,"Estrada Intendente Magalhães - Campinho,, Rio de Janeiro - RJ, 21320-060, Brasil",Sudeste,Rio de Janeiro,Rio de Janeiro,CAMPINHO,,MORRO DO CAMPINHO (COMPLEXO DO FUBA),-22.8832123000,-43.3432305000,"13/09/2018, 20:55:00",true,true,PM,Tentativa/Roubo,,,false,0,0,0,0,0,0,0,0,0,0,0,0,0,0
19342,"Praça Carlos Paolera - Tijuca, Rio de Janeiro - RJ, Brasil",Sudeste,Rio de Janeiro,Rio de Janeiro,TIJUCA,,,-22.9325728000,-43.2410248000,"14/09/2018, 01:30:00",false,false,,Briga,,,false,0,2,0,0,0,0,0,0,0,0,0,0,0,0
19341,"Morro do Urubu - Pilares, Rio de Janeiro - RJ, Brasil",Sudeste,Rio de Janeiro,Rio de Janeiro,PILARES,,MORRO DO URUBU (COMPLEXO DO URUBU),-22.8814021000,-43.2934758000,"14/09/2018, 02:30:00",true,true,N�o identificado,Operação policial,,,false,0,2,0,0,0,0,0,0,0,0,0,0,0,0
19348,"Av. Marechal Fontenele - Realengo, Rio de Janeiro - RJ, 21750-001, Brasil",Sudeste,Rio de Janeiro,Rio de Janeiro,REALENGO,,,-22.8776896000,-43.4201744000,"14/09/2018, 03:30:00",false,false,,Tentativa/Roubo,,,false,1,0,0,0,0,0,0,0,0,0,0,0,0,0
19332,"Karatê - Cidade de Deus, Rio de Janeiro - RJ, Brasil",Sudeste,Rio de Janeiro,Rio de Janeiro,CIDADE DE DEUS,,CIDADE DE DEUS,-22.9481688000,-43.3626721000,"14/09/2018, 03:35:00",false,false,,Não identificado,,,false,0,0,0,0,0,0,0,0,0,0,0,0,0,0
19367,"Av. Brasil, 500 - São Cristóvão, Rio de Janeiro - RJ,",Sudeste,Rio de Janeiro,Rio de Janeiro,SAO CRISTOVAO,,,-22.8933988000,-43.2149019000,"14/09/2018, 04:00:00",true,true,N�o identificado,Tentativa/Roubo,,,false,0,0,0,0,0,0,0,0,0,0,0,0,0,0
19340,"Vila Kennedy - Bangu, Rio de Janeiro - RJ, 21850-007, Brasil",Sudeste,Rio de Janeiro,Rio de Janeiro,VILA KENNEDY,,VILA KENNEDY,-22.8604006000,-43.4884116000,"14/09/2018, 06:02:00",false,false,,Não identificado,,,false,0,0,0,0,0,0,0,0,0,0,0,0,0,0
19338,"Chapadão - Pavuna, Rio de Janeiro - RJ, Brasil",Sudeste,Rio de Janeiro,Rio de Janeiro,PAVUNA,,COMPLEXO DO CHAPADAO,-22.8112324000,-43.3625273000,"14/09/2018, 06:10:00",false,false,,Não identificado,,,false,0,0,0,0,0,0,0,0,0,0,0,0,0,0
19357,"´Morro Tavares Bastos - Catete, Rio de Janeiro - RJ, 22211-200, Brasil",Sudeste,Rio de Janeiro,Rio de Janeiro,CATETE,,TAVARES BASTOS,-22.9249580000,-43.1813510000,"14/09/2018, 09:07:00",false,false,,Não identificado,,,false,0,0,0,0,0,0,0,0,0,0,0,0,0,0
19363,"R. Agrário Menezes - Vicente de Carvalho, Rio de Janeiro - RJ, 21371-180, Brasil",Sudeste,Rio de Janeiro,Rio de Janeiro,VICENTE DE CARVALHO,,,-22.8553690000,-43.3230630000,"14/09/2018, 13:45:00",false,true,,Homicidio/Tentativa,,,false,0,0,1,0,0,0,0,0,0,0,0,0,0,0
19370,"Proença Rosa, Honório Gurgel Rio de Janeiro - RJ 21512-002",Sudeste,Rio de Janeiro,Rio de Janeiro,HONORIO GURGEL,,PROENCA ROSA,-22.8378960000,-43.3625110000,"14/09/2018, 17:18:00",false,false,,Não identificado,,,false,0,0,0,0,0,0,0,0,0,0,0,0,0,0
19372,"Av. Brasil, 6135 - Bonsucesso, Rio de Janeiro - RJ, 21040-360, Brasil",Sudeste,Rio de Janeiro,Rio de Janeiro,MARE,,COMPLEXO DA MARE,-22.8595660000,-43.2480740000,"14/09/2018, 17:53:00",false,false,,Não identificado,,,false,0,0,0,0,0,0,0,0,0,0,0,0,0,0
19373,"Morro do Faz Quem Quer, Rocha Miranda, Rio de Janeiro - RJ, 21540-480, Brasil",Sudeste,Rio de Janeiro,Rio de Janeiro,ROCHA MIRANDA,,MORRO DO FAZ QUEM QUER (COMPLEXO DO CAJUEIRO),-22.8543720000,-43.3415927000,"14/09/2018, 18:35:00",false,false,,Não identificado,,,false,0,0,0,0,0,0,0,0,0,0,0,0,0,0
19438,"Av. Vinte de Janeiro - Galeão, Rio de Janeiro - RJ, Brasil",Sudeste,Rio de Janeiro,Rio de Janeiro,GALEAO,,,-22.8144571000,-43.2437292000,"14/09/2018, 19:00:00",false,false,,Não identificado,,,false,1,1,0,0,0,0,0,0,0,0,0,0,0,0
19376,"Morro do Juramento,  Vicente de Carvalho, Rio de Janeiro - RJ, Brasil",Sudeste,Rio de Janeiro,Rio de Janeiro,VICENTE DE CARVALHO,,MORRO DO JURAMENTO (COMPLEXO DO JURAMENTO),-22.8597560000,-43.3178156000,"14/09/2018, 19:02:00",true,true,N�o identificado,Operação policial,,,false,0,0,0,0,0,0,0,0,0,0,0,0,0,0
19377,"Vila Kennedy - Bangu, Rio de Janeiro - RJ, 21850-007, Brasil",Sudeste,Rio de Janeiro,Rio de Janeiro,VILA KENNEDY,,VILA KENNEDY,-22.8604006000,-43.4884116000,"14/09/2018, 19:32:00",false,false,,Disputa,,,false,0,0,0,0,0,0,0,0,0,0,0,0,0,0
19380,"Pilares, Rio de Janeiro - RJ, Brasil",Sudeste,Rio de Janeiro,Rio de Janeiro,PILARES,,,-22.8814021000,-43.2934758000,"14/09/2018, 20:01:00",false,false,,Não identificado,,,false,0,0,0,0,0,0,0,0,0,0,0,0,0,0
19386,"Morro do Borel - Andarai, Rio de Janeiro - RJ, 20530-003, Brasil",Sudeste,Rio de Janeiro,Rio de Janeiro,TIJUCA,,MORRO DO BOREL,-22.9383333000,-43.2594444000,"14/09/2018, 21:09:00",false,false,,Não identificado,,,false,0,0,0,0,0,0,0,0,0,0,0,0,0,0
19387,"Manilha - Vila Kennedy - Bangu, Rio de Janeiro - RJ, 21850-007, Brasil",Sudeste,Rio de Janeiro,Rio de Janeiro,VILA KENNEDY,,VILA KENNEDY,-22.8604006000,-43.4884116000,"14/09/2018, 22:20:00",false,false,,Não identificado,,Tiroteio contínuo,false,0,0,0,0,0,0,0,0,0,0,0,0,0,0
19396,"Vila Kennedy - Bangu, Rio de Janeiro - RJ, 21850-007, Brasil",Sudeste,Rio de Janeiro,Rio de Janeiro,VILA KENNEDY,,VILA KENNEDY,-22.8604006000,-43.4884116000,"14/09/2018, 23:55:00",false,false,,Não identificado,,,false,0,0,0,0,0,0,0,0,0,0,0,0,0,0
19393,"R. Zâmbia - Bangu, Rio de Janeiro - RJ, 21850-510, Brasil",Sudeste,Rio de Janeiro,Rio de Janeiro,VILA KENNEDY,,VILA KENNEDY,-22.8583771000,-43.4893408000,"15/09/2018, 01:00:00",false,false,,Não identificado,,,false,0,0,0,0,0,0,0,0,0,0,0,0,0,0
19397,"Parque União - Maré, Rio de Janeiro - RJ, Brasil",Sudeste,Rio de Janeiro,Rio de Janeiro,MARE,,PARQUE UNIAO (COMPLEXO DA MARE),-22.8574971000,-43.2430137000,"15/09/2018, 01:02:00",false,false,,Não identificado,,,false,0,0,0,0,0,0,0,0,0,0,0,0,0,0
19394,"Tijuca, Rio de Janeiro - RJ, Brasil",Sudeste,Rio de Janeiro,Rio de Janeiro,TIJUCA,,,-22.9325728000,-43.2410248000,"15/09/2018, 01:32:00",false,false,,Não identificado,,,false,0,0,0,0,0,0,0,0,0,0,0,0,0,0
19395,"Vila Cruzeiro - Penha, Rio de Janeiro - RJ, 21070-480, Brasil",Sudeste,Rio de Janeiro,Rio de Janeiro,PENHA,,VILA CRUZEIRO (COMPLEXO DA PENHA),-22.8470418000,-43.2841752000,"15/09/2018, 01:33:00",false,false,,Não identificado,,,false,0,0,0,0,0,0,0,0,0,0,0,0,0,0
19398,"Nova Holanda - Maré, Rio de Janeiro - RJ, Brasil",Sudeste,Rio de Janeiro,Rio de Janeiro,MARE,,NOVA HOLANDA (COMPLEXO DA MARE),-22.8574971000,-43.2430137000,"15/09/2018, 02:14:00",false,false,,Não identificado,,,false,0,0,0,0,0,0,0,0,0,0,0,0,0,0
19407,"Complexo do Alemão, Rio de Janeiro - RJ, Brasil",Sudeste,Rio de Janeiro,Rio de Janeiro,COMPLEXO DO ALEMAO,,COMPLEXO DO ALEMAO,-22.8593331000,-43.2754759000,"15/09/2018, 02:30:00",true,true,FFAA,Operação policial,,,false,0,0,1,0,0,0,0,0,0,0,0,0,0,0
19400,"Parque União  - Maré, Rio de Janeiro - RJ, Brasil",Sudeste,Rio de Janeiro,Rio de Janeiro,MARE,,PARQUE UNIAO (COMPLEXO DA MARE),-22.8574971000,-43.2430137000,"15/09/2018, 04:05:00",false,false,,Não identificado,,,false,0,0,0,0,0,0,0,0,0,0,0,0,0,0
19406,"Cidade Alta - Cordovil, Rio de Janeiro - RJ, Brasil",Sudeste,Rio de Janeiro,Rio de Janeiro,CORDOVIL,,CIDADE ALTA (COMPLEXO DE ISRAEL),-22.8234412000,-43.2959357000,"15/09/2018, 05:24:00",false,false,,Não identificado,,,false,0,0,0,0,0,0,0,0,0,0,0,0,0,0
19403,"Região da Mata (Palmeiras) - Complexo do Alemão, Rio de Janeiro - RJ, Brasil",Sudeste,Rio de Janeiro,Rio de Janeiro,COMPLEXO DO ALEMAO,,MORRO DAS PALMEIRAS (COMPLEXO DO ALEMAO),-22.8593331000,-43.2754759000,"15/09/2018, 05:25:00",false,false,,Não identificado,,,false,0,0,0,0,0,0,0,0,0,0,0,0,0,0
19409,"Morro da Mina - Anchieta, Rio de Janeiro - RJ, Brasil",Sudeste,Rio de Janeiro,Rio de Janeiro,ANCHIETA,,MORRO DA MINA (COMPLEXO DO CHAPADAO),-22.8238795000,-43.3981236000,"15/09/2018, 07:15:00",false,false,,Não identificado,,,false,0,0,0,0,0,0,0,0,0,0,0,0,0,0
19412,"R. Mariana Portela, 43 - Sampaio, Rio de Janeiro - RJ, 20970-600, Brasil",Sudeste,Rio de Janeiro,Rio de Janeiro,SAMPAIO,,,-22.8945580000,-43.2595210000,"15/09/2018, 08:06:00",false,false,,Não identificado,,,false,0,0,0,0,0,0,0,0,0,0,0,0,0,0
19419,"Prainha do Vidigal, Morro do Vidigal, Rio de Janeiro - RJ, 22450-230, Brasil",Sudeste,Rio de Janeiro,Rio de Janeiro,VIDIGAL,,VIDIGAL,-22.9937456000,-43.2335964000,"15/09/2018, 08:30:00",true,true,PM,Ação policial,,,false,0,1,0,0,0,0,0,0,0,0,0,0,0,0
19415,"Labirinto - Beco da Síria, Jacarezinho, Rio de Janeiro - RJ, 20970-210, Brasil",Sudeste,Rio de Janeiro,Rio de Janeiro,JACAREZINHO,,JACAREZINHO,-22.8870600000,-43.2600254000,"15/09/2018, 09:25:00",true,true,N�o identificado,Ação policial,,,false,0,0,0,0,0,0,0,0,0,0,0,0,0,0
19421,"Casinhas, Complexo do Alemão, Rio de Janeiro - RJ, Brasil",Sudeste,Rio de Janeiro,Rio de Janeiro,COMPLEXO DO ALEMAO,,CASINHAS (COMPLEXO DO ALEMAO),-22.8593331000,-43.2754759000,"15/09/2018, 11:08:00",false,false,,Não identificado,,,false,0,0,0,0,0,0,0,0,0,0,0,0,0,0
19423,"Favela Beira-Pica Pau - Cordovil, Rio de Janeiro - RJ, 21012-040, Brasil",Sudeste,Rio de Janeiro,Rio de Janeiro,CORDOVIL,,FAVELA DO PICA PAU (COMPLEXO DE ISRAEL),-22.8204004000,-43.2901779000,"15/09/2018, 12:41:00",false,false,,Não identificado,,,false,0,0,0,0,0,0,0,0,0,0,0,0,0,0
19425,"Rua Dona Francisca, Morro do Amor, Lins de Vasconcelos, Rio de Janeiro - RJ, 20715-370, Brasil",Sudeste,Rio de Janeiro,Rio de Janeiro,LINS DE VASCONCELOS,,MORRO DO AMOR (COMPLEXO DO LINS),-22.9136945000,-43.2765010000,"15/09/2018, 13:44:00",false,false,,Não identificado,,,false,0,0,0,0,0,0,0,0,0,0,0,0,0,0
19426,"Maria da Graça, Del Castilho, Rio de Janeiro - RJ, 20765-000, Brasil",Sudeste,Rio de Janeiro,Rio de Janeiro,MARIA DA GRACA,,,-22.8814998000,-43.2603494000,"15/09/2018, 13:56:00",false,false,,Não identificado,,,false,0,0,0,0,0,0,0,0,0,0,0,0,0,0
19430,"Av. Brasil - Guadalupe, Rio de Janeiro - RJ, Brasil",Sudeste,Rio de Janeiro,Rio de Janeiro,GUADALUPE,,,-22.8427263000,-43.3730742000,"15/09/2018, 14:32:00",false,false,,Não identificado,,,false,0,0,0,0,0,0,0,0,0,0,0,0,0,0
19427,"Malvinas, Vila Kennedy, Rio de Janeiro - RJ, 21850-070, Brasil",Sudeste,Rio de Janeiro,Rio de Janeiro,VILA KENNEDY,,VILA KENNEDY,-22.8600881000,-43.4863223000,"15/09/2018, 14:43:00",false,false,,Não identificado,,,false,0,0,0,0,0,0,0,0,0,0,0,0,0,0
19428,"R. César Zama Morro do Amor,  Lins de Vasconcelos, Rio de Janeiro - RJ, 20710-000, Brasil",Sudeste,Rio de Janeiro,Rio de Janeiro,LINS DE VASCONCELOS,,MORRO DO AMOR (COMPLEXO DO LINS),-22.9124510000,-43.2836209000,"15/09/2018, 15:05:00",false,false,,Não identificado,,,false,0,0,0,0,0,0,0,0,0,0,0,0,0,0
19435,"Comunidade Cachoeirinha - Lins de Vasconcelos, Rio de Janeiro - RJ, 20725-090, Brasil",Sudeste,Rio de Janeiro,Rio de Janeiro,LINS DE VASCONCELOS,,MORRO DA CACHOEIRINHA (COMPLEXO DO LINS),-22.9154498000,-43.2815680000,"15/09/2018, 15:30:00",true,true,PM,Operação policial,,,false,0,0,0,0,0,0,0,0,0,0,0,0,0,0
19434,"Av. dos Democráticos - Manguinhos, Rio de Janeiro - RJ, Brasil",Sudeste,Rio de Janeiro,Rio de Janeiro,MANGUINHOS,,COMPLEXO DE MANGUINHOS,-22.8796092000,-43.2542528000,"15/09/2018, 16:16:00",false,false,,Não identificado,,,false,0,0,0,0,0,0,0,0,0,0,0,0,0,0
19437,"Favela do Aço, Santa Cruz, Rio de Janeiro - RJ, 23595-060, Brasil",Sudeste,Rio de Janeiro,Rio de Janeiro,SANTA CRUZ,,FAVELA DO ACO,-22.9315590000,-43.6499250000,"15/09/2018, 17:21:00",false,false,,Não identificado,,,false,0,0,0,0,0,0,0,0,0,0,0,0,0,0
19439,"Malvina, Vila Kennedy - Bangu, Rio de Janeiro - RJ, 21850-007, Brasil",Sudeste,Rio de Janeiro,Rio de Janeiro,VILA KENNEDY,,VILA KENNEDY,-22.8604006000,-43.4884116000,"15/09/2018, 18:09:00",false,false,,Não identificado,,,false,0,0,0,0,0,0,0,0,0,0,0,0,0,0
19440,"LRocha - Benfica, Rio de Janeiro - RJ, 20911-180, Brasil",Sudeste,Rio de Janeiro,Rio de Janeiro,BENFICA,,,-22.8968806000,-43.2444918000,"15/09/2018, 18:20:00",false,false,,Não identificado,,,false,0,0,0,0,0,0,0,0,0,0,0,0,0,0
19447,"R. Quintanilha - Freguesia (Jacarepaguá), Rio de Janeiro - RJ, Brasil",Sudeste,Rio de Janeiro,Rio de Janeiro,CIDADE DE DEUS,,CIDADE DE DEUS,-22.9441764000,-43.3509827000,"15/09/2018, 18:54:00",false,false,,Não identificado,,,false,0,0,0,0,0,0,0,0,0,0,0,0,0,0
19451,"Estr. dos Cabuís - Guaratiba, Rio de Janeiro - RJ, Brasil",Sudeste,Rio de Janeiro,Rio de Janeiro,GUARATIBA,,CABUIS,-22.9835896000,-43.6534009000,"15/09/2018, 19:35:00",false,false,,Não identificado,,,false,0,0,0,0,0,0,0,0,0,0,0,0,0,0
19453,"Unnamed Road - Tijuca, Rio de Janeiro - RJ, 20530-120, Brasil",Sudeste,Rio de Janeiro,Rio de Janeiro,TIJUCA,,,-22.9438672000,-43.2412933000,"15/09/2018, 23:16:00",false,false,,Não identificado,,,false,0,0,0,0,0,0,0,0,0,0,0,0,0,0
19458,"R. Francisco Portela - Guadalupe, Rio de Janeiro - RJ, Brasil",Sudeste,Rio de Janeiro,Rio de Janeiro,GUADALUPE,,,-22.8377077000,-43.3735461000,"16/09/2018, 00:44:00",false,false,,Não identificado,,,false,0,0,0,0,0,0,0,0,0,0,0,0,0,0
19455,"R. Srg. Silva Nunes, Rio de Janeiro - RJ, 21044-242, Brasil",Sudeste,Rio de Janeiro,Rio de Janeiro,MARE,,NOVA HOLANDA (COMPLEXO DA MARE),-22.8549229000,-43.2466745000,"16/09/2018, 02:30:00",false,false,,Não identificado,,,false,0,0,0,0,0,0,0,0,0,0,0,0,0,0
19456,"Morro Dona Marta - Botafogo, Rio de Janeiro - RJ, 22260-140, Brasil",Sudeste,Rio de Janeiro,Rio de Janeiro,BOTAFOGO,,SANTA MARTA,-22.9477037000,-43.1941470000,"16/09/2018, 03:17:00",false,false,,Não identificado,,,false,0,0,0,0,0,0,0,0,0,0,0,0,0,0
19457,"Karatê e Quinze(15) - Cidade de Deus, Rio de Janeiro - RJ, Brasil",Sudeste,Rio de Janeiro,Rio de Janeiro,CIDADE DE DEUS,,CIDADE DE DEUS,-22.9481688000,-43.3626721000,"16/09/2018, 03:41:00",false,false,,Não identificado,,,false,0,0,0,0,0,0,0,0,0,0,0,0,0,0
19463,"Progresso - Vila Kennedy - Bangu, Rio de Janeiro - RJ, 21850-007, Brasil",Sudeste,Rio de Janeiro,Rio de Janeiro,VILA KENNEDY,,VILA KENNEDY,-22.8604006000,-43.4884116000,"16/09/2018, 06:13:00",false,false,,Não identificado,,,false,0,0,0,0,0,0,0,0,0,0,0,0,0,0
19464,"Cachoeira Grande - Complexo do Lins  - Lins de Vasconcelos, Rio de Janeiro - RJ, 20710-000, Brasil",Sudeste,Rio de Janeiro,Rio de Janeiro,LINS DE VASCONCELOS,,MORRO DA CACHOEIRA GRANDE (COMPLEXO DO LINS),-22.9129638000,-43.2847816000,"16/09/2018, 06:13:00",false,false,,Não identificado,,,false,0,0,0,0,0,0,0,0,0,0,0,0,0,0
19465,"Progresso - Vila Kennedy - Bangu, Rio de Janeiro - RJ, 21850-007, Brasil",Sudeste,Rio de Janeiro,Rio de Janeiro,VILA KENNEDY,,VILA KENNEDY,-22.8604006000,-43.4884116000,"16/09/2018, 07:15:00",false,false,,Não identificado,,,false,0,0,0,0,0,0,0,0,0,0,0,0,0,0
19467,"Favela Bin Laden, Complexo da Pedreira - Costa Barros, Rio de Janeiro - RJ, 21650-100, Brasil",Sudeste,Rio de Janeiro,Rio de Janeiro,COSTA BARROS,,FAVELA BIN LADEN (COMPLEXO DA PEDREIRA),-22.8240596000,-43.3676548000,"16/09/2018, 07:15:00",true,true,PM,Operação policial,,,false,0,1,0,0,0,0,0,0,0,0,0,0,0,0
19472,"Av. Brasil - Cidade Alta, Cordovil, Rio de Janeiro - RJ, Brasil",Sudeste,Rio de Janeiro,Rio de Janeiro,CORDOVIL,,CIDADE ALTA (COMPLEXO DE ISRAEL),-22.8154748000,-43.2908273000,"16/09/2018, 08:00:00",true,true,PM,Ação policial,,Perseguição,false,0,0,0,1,0,0,0,0,0,0,0,0,0,0
19466,"Proença Rosa e Mundial, Honório Gurgel Rio de Janeiro - RJ 21512-002",Sudeste,Rio de Janeiro,Rio de Janeiro,HONORIO GURGEL,,PROENCA ROSA,-22.8389771000,-43.3611850000,"16/09/2018, 08:36:00",false,false,,Não identificado,,,false,0,0,0,0,0,0,0,0,0,0,0,0,0,0
19469,"Morro da Rampa -Vila Kennedy - Bangu, Rio de Janeiro - RJ, 21850-007, Brasil",Sudeste,Rio de Janeiro,Rio de Janeiro,VILA KENNEDY,,VILA KENNEDY,-22.8626843000,-43.4868296000,"16/09/2018, 11:51:00",false,false,,Não identificado,,,false,0,0,0,0,0,0,0,0,0,0,0,0,0,0
19470,"Morro do Turano - Rio Comprido, Rio de Janeiro - RJ, 20261-004, Brasil",Sudeste,Rio de Janeiro,Rio de Janeiro,RIO COMPRIDO,,MORRO DO TURANO,-22.9256516000,-43.2154698000,"16/09/2018, 12:00:00",false,false,,Não identificado,,,false,0,0,0,0,0,0,0,0,0,0,0,0,0,0
19478,"Morro do 18, Piedade, Rio de Janeiro - RJ, 20740-460, Brasil",Sudeste,Rio de Janeiro,Rio de Janeiro,PIEDADE,,MORRO DO 18 (COMPLEXO DO 18),-22.8967900000,-43.3152360000,"16/09/2018, 15:23:00",false,false,,Não identificado,,,false,0,0,0,0,0,0,0,0,0,0,0,0,0,0
19483,"Tijuca, Rio de Janeiro - RJ, Brasil",Sudeste,Rio de Janeiro,Rio de Janeiro,TIJUCA,,,-22.9325728000,-43.2410248000,"16/09/2018, 16:03:00",false,false,,Não identificado,,,false,0,0,0,0,0,0,0,0,0,0,0,0,0,0
19481,"Karatê, Cidade de Deus, Rio de Janeiro - RJ, Brasil",Sudeste,Rio de Janeiro,Rio de Janeiro,CIDADE DE DEUS,,CIDADE DE DEUS,-22.9481688000,-43.3626721000,"16/09/2018, 16:10:00",false,false,,Não identificado,,,false,0,0,0,0,0,0,0,0,0,0,0,0,0,0
19484,"Vila Kennedy - Bangu, Rio de Janeiro - RJ, 21850-007, Brasil",Sudeste,Rio de Janeiro,Rio de Janeiro,VILA KENNEDY,,VILA KENNEDY,-22.8604006000,-43.4884116000,"16/09/2018, 16:38:00",false,false,,Não identificado,,,false,0,0,0,0,0,0,0,0,0,0,0,0,0,0
19482,"R. Francisco Portela - Guadalupe, Rio de Janeiro - RJ, 21660-010, Brasil",Sudeste,Rio de Janeiro,Rio de Janeiro,GUADALUPE,,,-22.8349147000,-43.3753194000,"16/09/2018, 16:40:00",false,false,,Não identificado,,,false,1,0,0,0,0,0,0,0,0,0,0,0,0,0
19485,"Pinheiro, Rio Das Pedras, Rio de Janeiro - RJ, 21330-240, Brasil",Sudeste,Rio de Janeiro,Rio de Janeiro,JACAREPAGUA,,RIO DAS PEDRAS,-22.9697760000,-43.3331639000,"16/09/2018, 17:17:00",false,false,,Não identificado,,,false,0,0,0,0,0,0,0,0,0,0,0,0,0,0
19494,"Av. João XXIII - Santa Cruz, Rio de Janeiro - RJ, Brasil",Sudeste,Rio de Janeiro,Rio de Janeiro,SANTA CRUZ,,FAVELA DE HIGIENOPOLIS (SANTA CRUZ),-22.9029872000,-43.7180536000,"16/09/2018, 19:15:00",false,false,,Não identificado,,,false,0,0,0,0,0,0,0,0,0,0,0,0,0,0
19495,"R. Barão de São Félix, Morro da Providência, Gambôa, Rio de Janeiro - RJ, 20221-424, Brasil",Sudeste,Rio de Janeiro,Rio de Janeiro,GAMBOA,,MORRO DA PROVIDENCIA,-22.9009106000,-43.1905457000,"16/09/2018, 20:00:00",true,true,N�o identificado,Ação policial,,,false,0,1,0,1,0,0,0,0,0,0,0,0,0,0
19500,"Morro da Coroa, Catumbi, Rio de Janeiro - RJ, Brasil",Sudeste,Rio de Janeiro,Rio de Janeiro,CATUMBI,,MORRO DA COROA,-22.9191206000,-43.1907328000,"16/09/2018, 21:01:00",false,false,,Não identificado,,,false,0,0,0,0,0,0,0,0,0,0,0,0,0,0
19501,"Morro da Providencia - Gambôa, Rio de Janeiro - RJ, 20221-310, Brasil",Sudeste,Rio de Janeiro,Rio de Janeiro,GAMBOA,,MORRO DA PROVIDENCIA,-22.9002778000,-43.1952778000,"16/09/2018, 21:05:00",false,false,,Não identificado,,,false,0,0,0,0,0,0,0,0,0,0,0,0,0,0
19504,"Complexo do Lins, Lins de Vasconcelos, Rio de Janeiro - RJ, 20725-270, Brasil",Sudeste,Rio de Janeiro,Rio de Janeiro,LINS DE VASCONCELOS,,COMPLEXO DO LINS,-22.9128880000,-43.2869480000,"17/09/2018, 02:40:00",true,true,N�o identificado,Operação policial,,,false,0,0,0,0,0,0,0,0,0,0,0,0,0,0
19513,"Casinhas, Complexo do Chapadão - Guadalupe, Rio de Janeiro - RJ, 21650-100, Brasil",Sudeste,Rio de Janeiro,Rio de Janeiro,GUADALUPE,,CASINHAS (COMPLEXO DO CHAPADAO),-22.8480347000,-43.3832670000,"17/09/2018, 03:40:00",false,false,,Não identificado,,,false,0,0,0,0,0,0,0,0,0,0,0,0,0,0
19507,"Ladeira dos Tabajaras, Rio de Janeiro - RJ, 22031-112, Brasil",Sudeste,Rio de Janeiro,Rio de Janeiro,COPACABANA,,LADEIRA DOS TABAJARAS,-22.9641669000,-43.1898623000,"17/09/2018, 03:45:00",false,false,,Não identificado,,,false,0,0,0,0,0,0,0,0,0,0,0,0,0,0
19516,"Barreira - Tv. Santo Máximo - Guadalupe, Rio de Janeiro - RJ, Brasil",Sudeste,Rio de Janeiro,Rio de Janeiro,GUADALUPE,,FAVELA FAZ QUEM QUER,-22.8348311000,-43.3790300000,"17/09/2018, 05:18:00",false,false,,Não identificado,,,false,0,0,0,0,0,0,0,0,0,0,0,0,0,0
19514,"Estr. Srg. Miguel Filho, Vila kennedy - Bangu, Rio de Janeiro - RJ, Brasil",Sudeste,Rio de Janeiro,Rio de Janeiro,VILA KENNEDY,,VILA KENNEDY,-22.8588961000,-43.4870104000,"17/09/2018, 05:34:00",false,false,,Não identificado,,,false,0,0,0,0,0,0,0,0,0,0,0,0,0,0
19519,"R. do Tijolo, 152 - Piedade, Rio de Janeiro - RJ, 20740-570, Brasil",Sudeste,Rio de Janeiro,Rio de Janeiro,PIEDADE,,MORRO DO 18 (COMPLEXO DO 18),-22.9035024000,-43.3147294000,"17/09/2018, 06:00:00",false,false,,Não identificado,,,false,0,0,0,0,0,0,0,0,0,0,0,0,0,0
19561,"Comunidade do Saçu, Quintino Bocaiuva, Rio de Janeiro - RJ, 20740-480, Brasil",Sudeste,Rio de Janeiro,Rio de Janeiro,QUINTINO BOCAIUVA,,MORRO DO SACU (COMPLEXO DO 18),-22.8958087000,-43.3217405000,"17/09/2018, 06:07:00",true,true,N�o identificado,Ação policial,,,false,0,0,0,0,0,0,0,0,0,0,0,0,0,0
19521,"Morro do São Carlos, Estácio, Rio de Janeiro - RJ, 20250-170, Brasil",Sudeste,Rio de Janeiro,Rio de Janeiro,ESTACIO,,MORRO DO SAO CARLOS (COMPLEXO DO SAO CARLOS),-22.9150790000,-43.2042069000,"17/09/2018, 06:12:00",false,false,,Não identificado,,,false,0,0,0,0,0,0,0,0,0,0,0,0,0,0
19518,"Morro do Borel- Tijuca, Rio de Janeiro - RJ, 20530-001, Brasil",Sudeste,Rio de Janeiro,Rio de Janeiro,TIJUCA,,MORRO DO BOREL,-22.9395041000,-43.2515359000,"17/09/2018, 06:25:00",false,false,,Não identificado,,,false,0,0,0,0,0,0,0,0,0,0,0,0,0,0
19520,"Rua Clarimundo de Melo  - Quintino Bocaiuva, Rio de Janeiro - RJ, 20740-320, Brasil",Sudeste,Rio de Janeiro,Rio de Janeiro,QUINTINO BOCAIUVA,,,-22.8940180000,-43.3213300000,"17/09/2018, 06:35:00",false,false,,Disputa,,,false,2,1,0,0,0,0,0,0,0,0,0,0,0,0
19563,"Vila Aliança, Bangu, Rio de Janeiro - RJ, 21842-565, Brasil",Sudeste,Rio de Janeiro,Rio de Janeiro,BANGU,,VILA ALIANCA,-22.8646860000,-43.4774090000,"17/09/2018, 06:38:00",false,false,,Não identificado,,,false,0,0,0,0,0,0,0,0,0,0,0,0,0,0
19522,"Morro do Turano - Rio Comprido, Rio de Janeiro - RJ, 20261-004, Brasil",Sudeste,Rio de Janeiro,Rio de Janeiro,RIO COMPRIDO,,MORRO DO TURANO,-22.9256516000,-43.2154698000,"17/09/2018, 06:42:00",false,false,,Não identificado,,,false,0,0,0,0,0,0,0,0,0,0,0,0,0,0
19523,"Acari, Rio de Janeiro - RJ, Brasil",Sudeste,Rio de Janeiro,Rio de Janeiro,ACARI,,,-22.8255312000,-43.3444600000,"17/09/2018, 07:11:00",true,true,N�o identificado,Ação policial,,,false,0,0,0,0,0,0,0,0,0,0,0,0,0,0
19526,"Rua Joaquim de Queiroz, Complexo do Alemão, Rio de Janeiro - RJ, 21061-610, Brasil",Sudeste,Rio de Janeiro,Rio de Janeiro,COMPLEXO DO ALEMAO,,GROTA (COMPLEXO DO ALEMAO),-22.8594937000,-43.2723955000,"17/09/2018, 10:02:00",false,false,,Não identificado,,,false,0,0,0,0,0,0,0,0,0,0,0,0,0,0
19530,"Piedade, Rio de Janeiro - RJ, Brasil",Sudeste,Rio de Janeiro,Rio de Janeiro,PIEDADE,,,-22.8916397000,-43.3107394000,"17/09/2018, 12:37:00",false,false,,Não identificado,,,false,0,0,0,0,0,0,0,0,0,0,0,0,0,0
19531,"Curral das Éguas -  Magalhaes Bastos, Rio de Janeiro - RJ, 21710-390, Brasil",Sudeste,Rio de Janeiro,Rio de Janeiro,MAGALHAES BASTOS,,FAVELA CURRAL DAS EGUAS,-22.8727820000,-43.4188770000,"17/09/2018, 13:12:00",false,false,,Não identificado,,,false,0,0,0,0,0,0,0,0,0,0,0,0,0,0
19533,"Vila Aliança - Bangu, Rio de Janeiro - RJ, 21842-200, Brasil",Sudeste,Rio de Janeiro,Rio de Janeiro,BANGU,,VILA ALIANCA,-22.8687140000,-43.4768510000,"17/09/2018, 16:06:00",false,false,,Não identificado,,,false,0,0,0,0,0,0,0,0,0,0,0,0,0,0
19535,"Chapéu Mangueira, Leme, Rio de Janeiro - RJ, 22010-011, Brasil",Sudeste,Rio de Janeiro,Rio de Janeiro,LEME,,CHAPEU-MANGUEIRA,-22.9597370000,-43.1685300000,"17/09/2018, 16:52:00",true,true,PM,Ação policial,,,false,1,1,0,0,0,0,0,0,0,0,0,0,0,0
19537,"Acari, Rio de Janeiro - RJ, Brasil",Sudeste,Rio de Janeiro,Rio de Janeiro,ACARI,,,-22.8255312000,-43.3444600000,"17/09/2018, 16:57:00",false,false,,Não identificado,,,false,0,0,0,0,0,0,0,0,0,0,0,0,0,0
19543,"R. Frei Caneca - Estácio, Rio de Janeiro - RJ, Brasil",Sudeste,Rio de Janeiro,Rio de Janeiro,ESTACIO,,,-22.9143105000,-43.1994625000,"17/09/2018, 17:00:00",true,true,PM,Ação policial,,,false,0,1,0,0,0,0,0,0,0,0,0,0,0,0
19536,"Pedreira, Costa Barros, Rio de Janeiro - RJ, Brasil",Sudeste,Rio de Janeiro,Rio de Janeiro,COSTA BARROS,,MORRO DA PEDREIRA (COMPLEXO DA PEDREIRA),-22.8223493000,-43.3564521000,"17/09/2018, 17:15:00",false,false,,Não identificado,,,false,0,0,0,0,0,0,0,0,0,0,0,0,0,0
19539,"Av. Cônego Vasconcelos - Bangu, Rio de Janeiro - RJ, 21820-005, Brasil",Sudeste,Rio de Janeiro,Rio de Janeiro,BANGU,,,-22.8819883000,-43.4647901000,"17/09/2018, 17:35:00",false,false,,Não identificado,,,false,0,0,0,0,0,0,0,0,0,0,0,0,0,0
19540,"Quintino Bocaiuva, Rio de Janeiro - RJ, Brasil",Sudeste,Rio de Janeiro,Rio de Janeiro,QUINTINO BOCAIUVA,,,-22.8936588000,-43.3217453000,"17/09/2018, 17:47:00",false,false,,Não identificado,,,false,0,0,0,0,0,0,0,0,0,0,0,0,0,0
19538,"Av. Nova York - Bonsucesso, Rio de Janeiro - RJ, 21040-212, Brasil",Sudeste,Rio de Janeiro,Rio de Janeiro,BONSUCESSO,,,-22.8656420000,-43.2543018000,"17/09/2018, 17:51:00",false,false,,Não identificado,,,false,0,0,0,0,0,0,0,0,0,0,0,0,0,0
19541,"Guadalupe, Rio de Janeiro - RJ, Brasil",Sudeste,Rio de Janeiro,Rio de Janeiro,GUADALUPE,,,-22.8401095000,-43.3780741000,"17/09/2018, 18:33:00",false,false,,Não identificado,,,false,0,0,0,0,0,0,0,0,0,0,0,0,0,0
19544,"Cordovil, Rio de Janeiro - RJ, Brasil",Sudeste,Rio de Janeiro,Rio de Janeiro,CORDOVIL,,,-22.8234412000,-43.2959357000,"17/09/2018, 19:22:00",false,false,,Não identificado,,,false,0,0,0,0,0,0,0,0,0,0,0,0,0,0
19546,"Praça Seca, Rio de Janeiro - RJ, Brasil",Sudeste,Rio de Janeiro,Rio de Janeiro,PRACA SECA,,,-22.8969198000,-43.3516802000,"17/09/2018, 19:31:00",false,false,,Não identificado,,,false,0,0,0,0,0,0,0,0,0,0,0,0,0,0
19545,"Vila Valqueire, Rio de Janeiro - RJ, Brasil",Sudeste,Rio de Janeiro,Rio de Janeiro,VILA VALQUEIRE,,,-22.8879496000,-43.3634352000,"17/09/2018, 19:31:00",false,false,,Não identificado,,,false,0,0,0,0,0,0,0,0,0,0,0,0,0,0
19550,"Rocha Miranda, Rio de Janeiro - RJ, Brasil",Sudeste,Rio de Janeiro,Rio de Janeiro,ROCHA MIRANDA,,,-22.8520103000,-43.3468065000,"17/09/2018, 20:10:00",false,false,,Não identificado,,,false,0,0,0,0,0,0,0,0,0,0,0,0,0,0
19549,"Guadalupe, Rio de Janeiro - RJ, Brasil",Sudeste,Rio de Janeiro,Rio de Janeiro,GUADALUPE,,,-22.8401095000,-43.3780741000,"17/09/2018, 20:12:00",false,false,,Não identificado,,,false,0,0,0,0,0,0,0,0,0,0,0,0,0,0
19552,"Vila Kennedy - Bangu, Rio de Janeiro - RJ, 21850-007, Brasil",Sudeste,Rio de Janeiro,Rio de Janeiro,VILA KENNEDY,,VILA KENNEDY,-22.8604006000,-43.4884116000,"17/09/2018, 21:33:00",false,false,,Não identificado,,,false,0,0,0,0,0,0,0,0,0,0,0,0,0,0
19553,"Fallet - Fogueteiro  - Santa Teresa, Rio de Janeiro - RJ, 20241-360, Brasil",Sudeste,Rio de Janeiro,Rio de Janeiro,SANTA TERESA,,FALLET/FOGUETEIRO,-22.9265111000,-43.1964401000,"18/09/2018, 03:06:00",true,true,PM,Operação policial,,Tiroteio contínuo,false,0,3,0,2,0,0,0,0,0,0,0,0,0,0
19554,"Rua Clarimundo de Melo, 746 - Piedade, Rio de Janeiro - RJ, 21311-281, Brasil",Sudeste,Rio de Janeiro,Rio de Janeiro,QUINTINO BOCAIUVA,,MORRO DA CAIXA D'AGUA (COMPLEXO DO 18),-22.8942264000,-43.3208035000,"18/09/2018, 03:18:00",true,true,N�o identificado,Ação policial,,,false,0,0,0,0,0,0,0,0,0,0,0,0,0,0
19556,"Morro da SAçu - Quintino Bocaiuva, Rio de Janeiro - RJ, Brasil",Sudeste,Rio de Janeiro,Rio de Janeiro,QUINTINO BOCAIUVA,,MORRO DO SACU (COMPLEXO DO 18),-22.8917286000,-43.3270517000,"18/09/2018, 03:45:00",true,true,PM,Operação policial,,,false,0,0,0,1,0,0,0,0,0,0,0,0,0,0
19567,"Ciep 379 Raul Seixas- Costa Barros, Rio de Janeiro - RJ, 21650-100, Brasil",Sudeste,Rio de Janeiro,Rio de Janeiro,COSTA BARROS,,FAVELA DA MANHAMA (COMPLEXO DO CHAPADAO),-22.8253005000,-43.3729563000,"18/09/2018, 04:00:00",true,true,N�o identificado,Operação policial,,,false,0,0,0,0,0,0,0,0,0,0,0,0,0,0
19557,"Fallet Fogueteiro - Santa Teresa, Rio de Janeiro - RJ, 20241-360, Brasil",Sudeste,Rio de Janeiro,Rio de Janeiro,SANTA TERESA,,FALLET/FOGUETEIRO,-22.9265111000,-43.1964401000,"18/09/2018, 04:06:00",true,true,N�o identificado,Ação policial,,,false,0,0,0,0,0,0,0,0,0,0,0,0,0,0
19558,"R. Pereira da Silva - Laranjeiras, Rio de Janeiro - RJ, 22221-140, Brasil",Sudeste,Rio de Janeiro,Rio de Janeiro,LARANJEIRAS,,MORRO DO PEREIRAO,-22.9307470000,-43.1889435000,"18/09/2018, 04:10:00",false,false,,Não identificado,,,false,0,0,0,0,0,0,0,0,0,0,0,0,0,0
19559,"R. Silvio Costa, 86 - Anchieta, Rio de Janeiro - RJ, 21640-200, Brasil",Sudeste,Rio de Janeiro,Rio de Janeiro,ANCHIETA,,CONJUNTO SANTA EDWIGES,-22.8318360000,-43.3929583000,"18/09/2018, 04:55:00",false,false,,Não identificado,,,false,0,0,0,0,0,0,0,0,0,0,0,0,0,0
19565,"Taquara, Rio de Janeiro - RJ, Brasil",Sudeste,Rio de Janeiro,Rio de Janeiro,TAQUARA,,,-22.9230494000,-43.3739788000,"18/09/2018, 05:04:00",false,false,,Não identificado,,,false,0,0,0,0,0,0,0,0,0,0,0,0,0,0
19560,"Fallet/Fogueteiro - Santa Teresa, Rio de Janeiro - RJ, 20241-360, Brasil",Sudeste,Rio de Janeiro,Rio de Janeiro,SANTA TERESA,,FALLET/FOGUETEIRO,-22.9269201000,-43.1945920000,"18/09/2018, 05:35:00",true,true,N�o identificado,Ação policial,,,false,0,0,0,0,0,0,0,0,0,0,0,0,0,0
19566,"Centro, Rio de Janeiro - RJ, Brasil",Sudeste,Rio de Janeiro,Rio de Janeiro,CENTRO,,,-22.9070828000,-43.1819148000,"18/09/2018, 05:49:00",false,false,,Não identificado,,,false,0,0,0,0,0,0,0,0,0,0,0,0,0,0
19569,"Av. Brasil,  Maré, Rio de Janeiro - RJ, 21040-361, Brasil",Sudeste,Rio de Janeiro,Rio de Janeiro,MARE,,NOVA HOLANDA (COMPLEXO DA MARE),-22.8576310000,-43.2473760000,"18/09/2018, 06:00:00",true,true,N�o identificado,Tentativa/Roubo,,,false,0,0,0,0,0,0,0,0,0,0,0,0,0,0
19568,"Fallet/Fogueiro, Santa Teresa, Rio de Janeiro - RJ, 20241-360, Brasil",Sudeste,Rio de Janeiro,Rio de Janeiro,SANTA TERESA,,FALLET/FOGUETEIRO,-22.9271410000,-43.1945470000,"18/09/2018, 07:35:00",true,true,N�o identificado,Ação policial,,,false,0,0,0,0,0,0,0,0,0,0,0,0,0,0
19573,"Vila aliança - Bangu, Rio de Janeiro - RJ, 21842-200, Brasil",Sudeste,Rio de Janeiro,Rio de Janeiro,BANGU,,VILA ALIANCA,-22.8687140000,-43.4768510000,"18/09/2018, 08:00:00",false,false,,Não identificado,,,false,0,0,0,0,0,0,0,0,0,0,0,0,0,0
19574,"Fallet / fogueteiro - Santa Teresa, Rio de Janeiro - RJ, 20241-360, Brasil",Sudeste,Rio de Janeiro,Rio de Janeiro,SANTA TERESA,,FALLET/FOGUETEIRO,-22.9275124000,-43.1942938000,"18/09/2018, 08:35:00",false,false,,Não identificado,,,false,0,0,0,0,0,0,0,0,0,0,0,0,0,0
19576,"Fallet / fogueteiro - Santa Teresa, Rio de Janeiro - RJ, 20241-360, Brasil",Sudeste,Rio de Janeiro,Rio de Janeiro,SANTA TERESA,,FALLET/FOGUETEIRO,-22.9267389000,-43.1948403000,"18/09/2018, 09:21:00",false,false,,Não identificado,,,false,0,0,0,0,0,0,0,0,0,0,0,0,0,0
19580,"R. Bérgamo  - Triagem, Rio de Janeiro - RJ, 20960-045, Brasil",Sudeste,Rio de Janeiro,Rio de Janeiro,ROCHA,,,-22.8966753000,-43.2450790000,"18/09/2018, 12:00:00",true,true,N�o identificado,Ação policial,,,false,1,0,0,0,0,0,0,0,0,0,0,0,0,0
19577,"Boca do Mato , Complexo do Lins - Lins de Vasconcelos, Rio de Janeiro - RJ, 20725-090, Brasil",Sudeste,Rio de Janeiro,Rio de Janeiro,LINS DE VASCONCELOS,,BOCA DO MATO (COMPLEXO DO LINS),-22.9115024000,-43.2901958000,"18/09/2018, 12:00:00",true,true,PM,Ação policial,,,false,0,0,1,0,0,0,0,0,0,0,0,0,0,0
19579,"R. Aripua  - Ricardo de Albuquerque, Rio de Janeiro - RJ, 21620-070, Brasil",Sudeste,Rio de Janeiro,Rio de Janeiro,RICARDO DE ALBUQUERQUE,,,-22.8436095000,-43.4008876000,"18/09/2018, 13:30:00",false,false,,Não identificado,,,false,0,0,0,0,0,0,0,0,0,0,0,0,0,0
19581,"Praça Miami - Vila Kennedy, Bangu, Rio de Janeiro - RJ, 21853-430, Brasil",Sudeste,Rio de Janeiro,Rio de Janeiro,VILA KENNEDY,,VILA KENNEDY,-22.8540920000,-43.4932930000,"18/09/2018, 16:19:00",false,false,,Não identificado,,,false,0,0,0,0,0,0,0,0,0,0,0,0,0,0
19584,"Morro da Fé - Penha, Rio de Janeiro - RJ, 21070-470, Brasil",Sudeste,Rio de Janeiro,Rio de Janeiro,PENHA,,MORRO DA FE (COMPLEXO DA PENHA),-22.8445830000,-43.2836939000,"18/09/2018, 17:50:00",false,false,,Não identificado,,,false,0,0,0,0,0,0,0,0,0,0,0,0,0,0
19589,"Chapadão - Pavuna, Rio de Janeiro - RJ, Brasil",Sudeste,Rio de Janeiro,Rio de Janeiro,PAVUNA,,COMPLEXO DO CHAPADAO,-22.8112324000,-43.3625273000,"18/09/2018, 20:20:00",false,false,,Não identificado,,,false,0,0,0,0,0,0,0,0,0,0,0,0,0,0
19592,"Rua Catiri - Bangu, Rio de Janeiro - RJ, 21863-005, Brasil",Sudeste,Rio de Janeiro,Rio de Janeiro,BANGU,,CATIRI,-22.8534451000,-43.4694182000,"18/09/2018, 20:29:00",false,false,,Não identificado,,,false,0,0,0,0,0,0,0,0,0,0,0,0,0,0
19590,"Campinho, Rio de Janeiro - RJ, Brasil",Sudeste,Rio de Janeiro,Rio de Janeiro,CAMPINHO,,,-22.8856237000,-43.3481044000,"18/09/2018, 21:03:00",false,false,,Não identificado,,,false,0,0,0,0,0,0,0,0,0,0,0,0,0,0
19599,"R. Visc. de Santa Cruz, Rio de Janeiro - RJ, 20950-340, Brasil",Sudeste,Rio de Janeiro,Rio de Janeiro,ENGENHO NOVO,,MORRO SAO JOAO,-22.9059902000,-43.2668977000,"19/09/2018, 02:15:00",false,false,,Não identificado,,,false,0,0,0,0,0,0,0,0,0,0,0,0,0,0
19594,"Parte Alta, Vidigal, Rio de Janeiro - RJ, 22450-270, Brasil",Sudeste,Rio de Janeiro,Rio de Janeiro,VIDIGAL,,VIDIGAL,-22.9939156000,-43.2407760000,"19/09/2018, 03:05:00",false,false,,Não identificado,,,false,0,0,0,0,0,0,0,0,0,0,0,0,0,0
19603,"Complexo do Lins, Lins de Vasconcelos, Rio de Janeiro - RJ, 20725-270, Brasil",Sudeste,Rio de Janeiro,Rio de Janeiro,LINS DE VASCONCELOS,,COMPLEXO DO LINS,-22.9083194000,-43.2792119000,"19/09/2018, 03:16:00",true,true,PM,Operação policial,,,false,0,1,0,0,0,0,0,0,0,0,0,0,0,0
19596,"Pantanal, Cidade de Deus, Rio de Janeiro - RJ, 22763-050, Brasil",Sudeste,Rio de Janeiro,Rio de Janeiro,CIDADE DE DEUS,,CIDADE DE DEUS,-22.9491698000,-43.3541107000,"19/09/2018, 03:44:00",true,true,PM,Operação policial,,,false,0,0,0,0,0,0,0,0,0,0,0,0,0,0
19602,"Acari, Rio de Janeiro - RJ, Brasil",Sudeste,Rio de Janeiro,Rio de Janeiro,ACARI,,,-22.8255312000,-43.3444600000,"19/09/2018, 04:22:00",true,true,PM,Operação policial,,,false,0,1,0,0,0,0,0,0,0,0,0,0,0,0
19606,"Mangueira, Rio de Janeiro - RJ, Brasil",Sudeste,Rio de Janeiro,Rio de Janeiro,MANGUEIRA,,MANGUEIRA,-22.9052507000,-43.2340127000,"19/09/2018, 09:30:00",false,false,,Não identificado,,,false,0,0,0,0,0,0,0,0,0,0,0,0,0,0
19609,"Metral, Vila Kennedy, Rio de Janeiro - RJ, 21853-620, Brasil",Sudeste,Rio de Janeiro,Rio de Janeiro,VILA KENNEDY,,VILA KENNEDY,-22.8563610000,-43.4973380000,"19/09/2018, 11:05:00",false,false,,Não identificado,,,false,0,0,0,0,0,0,0,0,0,0,0,0,0,0
19612,"R. Marquês de Abrantes - Flamengo, Rio de Janeiro - RJ, 22230-060, Brasil",Sudeste,Rio de Janeiro,Rio de Janeiro,FLAMENGO,,,-22.9371104000,-43.1775325000,"19/09/2018, 12:00:00",false,false,,Tentativa/Roubo,,,false,1,1,0,0,0,0,0,0,0,0,0,0,1,0
19610,"Darci Vargas - Maré, Rio de Janeiro - RJ, 21044-060, Brasil",Sudeste,Rio de Janeiro,Rio de Janeiro,MARE,,PARQUE UNIAO (COMPLEXO DA MARE),-22.8527558000,-43.2465425000,"19/09/2018, 12:10:00",false,false,,Não identificado,,,false,0,0,0,0,0,0,0,0,0,0,0,0,0,0
19611,"Vila Vintém - Padre Miguel, Rio de Janeiro - RJ, 21721-021, Brasil",Sudeste,Rio de Janeiro,Rio de Janeiro,PADRE MIGUEL,,VILA VINTEM,-22.8709633000,-43.4426703000,"19/09/2018, 12:45:00",false,false,,Não identificado,,,false,0,0,0,0,0,0,0,0,0,0,0,0,0,0
19619,"Av. das Américas - Barra da Tijuca, Rio de Janeiro - RJ, Brasil",Sudeste,Rio de Janeiro,Rio de Janeiro,BARRA DA TIJUCA,,,-23.0007498000,-43.3835775000,"19/09/2018, 13:00:00",false,true,,Tentativa/Roubo,,,false,1,0,0,0,0,0,0,0,0,0,0,0,0,0
19613,"R. do Ipase - Praça Seca, Rio de Janeiro - RJ, 22733-000, Brasil",Sudeste,Rio de Janeiro,Rio de Janeiro,PRACA SECA,,FAVELA BATEAU MOUCHE,-22.9056870000,-43.3568120000,"19/09/2018, 14:30:00",true,true,PM,Ação policial,,,false,0,1,0,0,0,0,0,0,0,0,0,1,0,0
19614,"R. Guanabara - Madureira, Rio de Janeiro - RJ, 21350-230, Brasil",Sudeste,Rio de Janeiro,Rio de Janeiro,MADUREIRA,,,-22.8764810000,-43.3308094000,"19/09/2018, 14:39:00",false,false,,Não identificado,,,false,0,0,0,0,0,0,0,0,0,0,0,0,0,0
19616,"Complexo do Chapadão - Guadalupe, Rio de Janeiro - RJ, 21660-001, Brasil",Sudeste,Rio de Janeiro,Rio de Janeiro,GUADALUPE,,COMPLEXO DO CHAPADAO,-22.8477822000,-43.3830746000,"19/09/2018, 15:56:00",false,false,,Não identificado,,,false,0,0,0,0,0,0,0,0,0,0,0,0,0,0
19617,"Pica Pau,  Cordovil, Rio de Janeiro - RJ, 21012-040, Brasil",Sudeste,Rio de Janeiro,Rio de Janeiro,CORDOVIL,,FAVELA DO PICA PAU (COMPLEXO DE ISRAEL),-22.8197280000,-43.2891320000,"19/09/2018, 16:20:00",false,false,,Não identificado,,,false,0,0,0,0,0,0,0,0,0,0,0,0,0,0
19627,"Vila da Penha, Rio de Janeiro - RJ, Brasil",Sudeste,Rio de Janeiro,Rio de Janeiro,VILA DA PENHA,,,-22.8440802000,-43.3094623000,"19/09/2018, 16:45:00",false,false,,Não identificado,,,false,0,0,0,0,0,0,0,0,0,0,0,0,0,0
19628,"Grajau, Rio de Janeiro - RJ, Brasil",Sudeste,Rio de Janeiro,Rio de Janeiro,GRAJAU,,,-22.9237136000,-43.2589990000,"19/09/2018, 17:13:00",false,false,,Não identificado,,,false,0,0,0,0,0,0,0,0,0,0,0,0,0,0
19621,"Morro do São João - Engenho Novo, Rio de Janeiro - RJ, 20715-030, Brasil",Sudeste,Rio de Janeiro,Rio de Janeiro,ENGENHO NOVO,,MORRO SAO JOAO,-22.9112769000,-43.2656210000,"19/09/2018, 17:14:00",false,false,,Não identificado,,,false,0,0,0,0,0,0,0,0,0,0,0,0,0,0
19622,"Morro do Cantagalo, Copacabana, Rio de Janeiro - RJ, 22071-060, Brasil",Sudeste,Rio de Janeiro,Rio de Janeiro,COPACABANA,,MORRO DO CANTAGALO,-22.9813921000,-43.1972243000,"19/09/2018, 17:33:00",false,false,,Não identificado,,,false,0,0,0,0,0,0,0,0,0,0,0,0,0,0
19625,"Estr. do Camboatá - Guadalupe, Rio de Janeiro - RJ, Brasil",Sudeste,Rio de Janeiro,Rio de Janeiro,GUADALUPE,,,-22.8360131000,-43.3805041000,"19/09/2018, 18:42:00",false,false,,Não identificado,,,false,0,0,0,0,0,0,0,0,0,0,0,0,0,0
19626,"Av. Alm. Frontin, 487 - Maré, Rio de Janeiro - RJ, 21030-040, Brasil",Sudeste,Rio de Janeiro,Rio de Janeiro,MARE,,FAVELA ROQUETE PINTO (COMPLEXO DA MARE),-22.8427960000,-43.2461040000,"19/09/2018, 19:07:00",false,false,,Não identificado,,,false,0,0,0,0,0,0,0,0,0,0,0,0,0,0
19634,"Bonsucesso, Rio de Janeiro - RJ, Brasil",Sudeste,Rio de Janeiro,Rio de Janeiro,BONSUCESSO,,,-22.8626395000,-43.2539991000,"19/09/2018, 19:08:00",false,false,,Não identificado,,,false,0,0,0,0,0,0,0,0,0,0,0,0,0,0
19636,"R. Leopoldo Bulhões , Manguinhos, Rio de Janeiro - RJ, Brasil",Sudeste,Rio de Janeiro,Rio de Janeiro,MANGUINHOS,,COMPLEXO DE MANGUINHOS,-22.8820321000,-43.2496748000,"19/09/2018, 20:12:00",false,false,,Não identificado,,,false,0,0,0,0,0,0,0,0,0,0,0,0,0,0
19639,"R. Barão de São Félix, Rio de Janeiro - RJ, 20221-424, Brasil",Sudeste,Rio de Janeiro,Rio de Janeiro,CENTRO,,MORRO DA PROVIDENCIA,-22.9009106000,-43.1905457000,"19/09/2018, 20:33:00",false,false,,Não identificado,,,false,0,0,0,0,0,0,0,0,0,0,0,0,0,0
19647,"Comunidade da Chacrinha, Tanque, Rio de Janeiro - RJ, 22733-001, Brasil",Sudeste,Rio de Janeiro,Rio de Janeiro,PRACA SECA,,FAVELA DA CHACRINHA,-22.9087607000,-43.3645641000,"19/09/2018, 22:57:00",false,false,,Não identificado,,,false,0,0,0,0,0,0,0,0,0,0,0,0,0,0
19644,"R. Dique - Jardim America, Rio de Janeiro - RJ, Brasil",Sudeste,Rio de Janeiro,Rio de Janeiro,JARDIM AMERICA,,FAVELA DO DIQUE,-22.8023739000,-43.3176664000,"19/09/2018, 23:40:00",false,false,,Não identificado,,,false,0,0,0,0,0,0,0,0,0,0,0,0,0,0
19645,"Cordovil, Rio de Janeiro - RJ, Brasil",Sudeste,Rio de Janeiro,Rio de Janeiro,CORDOVIL,,,-22.8234412000,-43.2959357000,"20/09/2018, 00:13:00",false,false,,Não identificado,,,false,0,0,0,0,0,0,0,0,0,0,0,0,0,0
19650,"Padre Miguel, Rio de Janeiro - RJ, Brasil",Sudeste,Rio de Janeiro,Rio de Janeiro,PADRE MIGUEL,,,-22.8780979000,-43.4483194000,"20/09/2018, 03:09:00",false,false,,Não identificado,,,false,0,0,0,0,0,0,0,0,0,0,0,0,0,0
19646,"Rua Clarimundo de Melo, 771 - Piedade, Rio de Janeiro - RJ, 21311-281, Brasil",Sudeste,Rio de Janeiro,Rio de Janeiro,QUINTINO BOCAIUVA,,MORRO DA CAIXA D'AGUA (COMPLEXO DO 18),-22.8942223000,-43.3209653000,"20/09/2018, 03:13:00",false,false,,Não identificado,,,false,0,0,0,0,0,0,0,0,0,0,0,0,0,0
19651,"Jacarezinho, Rio de Janeiro - RJ, Brasil",Sudeste,Rio de Janeiro,Rio de Janeiro,JACAREZINHO,,JACAREZINHO,-22.8875573000,-43.2581953000,"20/09/2018, 04:06:00",true,true,N�o identificado,Ação policial,,,false,0,0,0,0,0,0,0,0,0,0,0,0,0,0
19652,"Guadalupe, Rio de Janeiro - RJ, Brasil",Sudeste,Rio de Janeiro,Rio de Janeiro,GUADALUPE,,,-22.8401095000,-43.3780741000,"20/09/2018, 04:24:00",false,false,,Não identificado,,,false,0,0,0,0,0,0,0,0,0,0,0,0,0,0
19653,"Praça Seca, Rio de Janeiro - RJ, Brasil",Sudeste,Rio de Janeiro,Rio de Janeiro,PRACA SECA,,,-22.8969198000,-43.3516802000,"20/09/2018, 04:25:00",false,false,,Não identificado,,,false,0,0,0,0,0,0,0,0,0,0,0,0,0,0
19654,"Santa Cruz, Rio de Janeiro - RJ, Brasil",Sudeste,Rio de Janeiro,Rio de Janeiro,SANTA CRUZ,,,-22.9196515000,-43.6843877000,"20/09/2018, 05:09:00",false,false,,Não identificado,,,false,0,0,0,0,0,0,0,0,0,0,0,0,0,0
19655,"Bangu, Rio de Janeiro - RJ, Brasil",Sudeste,Rio de Janeiro,Rio de Janeiro,BANGU,,,-22.8742263000,-43.4685442000,"20/09/2018, 05:45:00",false,false,,Não identificado,,,false,0,0,0,0,0,0,0,0,0,0,0,0,0,0
19656,"Final Feliz, Anchieta, Rio de Janeiro - RJ, 21645-560, Brasil",Sudeste,Rio de Janeiro,Rio de Janeiro,ANCHIETA,,MORRO DO FINAL FELIZ (COMPLEXO DO CHAPADAO),-22.8258990000,-43.3870780000,"20/09/2018, 06:12:00",true,true,N�o identificado,Ação policial,,,false,0,0,0,0,0,0,0,0,0,0,0,0,0,0
19658,"Pedra do Seu Vitor,  Vidigal, Rio de Janeiro - RJ, 22452-665, Brasil",Sudeste,Rio de Janeiro,Rio de Janeiro,VIDIGAL,,VIDIGAL,-22.9957620000,-43.2445000000,"20/09/2018, 07:08:00",true,true,PM,Operação policial,,,false,1,0,0,0,0,0,0,0,0,0,0,0,0,0
19660,"Metral, Vila Kennedy - Bangu, Rio de Janeiro - RJ, 21850-007, Brasil",Sudeste,Rio de Janeiro,Rio de Janeiro,VILA KENNEDY,,VILA KENNEDY,-22.8604006000,-43.4884116000,"20/09/2018, 07:32:00",false,false,,Não identificado,,,false,0,0,0,0,0,0,0,0,0,0,0,0,0,0
19661,"R. Sapucaí - Santa Cruz, Rio de Janeiro - RJ, 23550-363, Brasil",Sudeste,Rio de Janeiro,Rio de Janeiro,SANTA CRUZ,,,-22.9302637000,-43.6860926000,"20/09/2018, 07:56:00",true,true,N�o identificado,Ação policial,,,false,1,0,0,0,0,0,0,0,0,0,0,0,0,0
19667,"Beira, Jacarezinho, Rio de Janeiro - RJ, 20972-450, Brasil",Sudeste,Rio de Janeiro,Rio de Janeiro,JACAREZINHO,,JACAREZINHO,-22.8873510000,-43.2558200000,"20/09/2018, 13:11:00",false,false,,Não identificado,,,false,0,0,0,0,0,0,0,0,0,0,0,0,0,0
19668,"Barreira - R. José Basílio - Guadalupe, Rio de Janeiro - RJ, 21665-001, Brasil",Sudeste,Rio de Janeiro,Rio de Janeiro,GUADALUPE,,FAVELA FAZ QUEM QUER,-22.8339499000,-43.3784551000,"20/09/2018, 14:00:00",false,false,,Não identificado,,,false,0,0,0,0,0,0,0,0,0,0,0,0,0,0
19669,"R. Valentim Duhnam - Freguesia (Jacarepaguá), Rio de Janeiro - RJ, Brasil",Sudeste,Rio de Janeiro,Rio de Janeiro,CIDADE DE DEUS,,CIDADE DE DEUS,-22.9392244000,-43.3523849000,"20/09/2018, 14:31:00",false,false,,Não identificado,,,false,0,0,0,0,0,0,0,0,0,0,0,0,0,0
19671,"Avenida Brasil, Santíssimo, Rio de Janeiro - RJ, 23095-701, Brasil",Sudeste,Rio de Janeiro,Rio de Janeiro,SANTISSIMO,,,-22.8599987000,-43.5135357000,"20/09/2018, 15:30:00",false,false,,Não identificado,,,false,0,0,0,0,0,0,0,0,0,0,0,0,0,0
19674,"Bateau Mouche - Praça Seca, Rio de Janeiro - RJ, 22733-120, Brasil",Sudeste,Rio de Janeiro,Rio de Janeiro,PRACA SECA,,FAVELA BATEAU MOUCHE,-22.9048084000,-43.3550791000,"20/09/2018, 18:00:00",false,false,,Não identificado,,,false,0,0,0,0,0,0,0,0,0,0,0,0,0,0
19675,"Bateau Mouche - Praça Seca, Rio de Janeiro - RJ, 22733-120, Brasil",Sudeste,Rio de Janeiro,Rio de Janeiro,PRACA SECA,,FAVELA BATEAU MOUCHE,-22.9048084000,-43.3550791000,"20/09/2018, 19:00:00",false,false,,Não identificado,,,false,0,0,0,0,0,0,0,0,0,0,0,0,0,0
19699,"R. Prof. Valadares - Grajau, Rio de Janeiro - RJ, 20561-020, Brasil",Sudeste,Rio de Janeiro,Rio de Janeiro,GRAJAU,,,-22.9206339000,-43.2644292000,"20/09/2018, 19:00:00",true,true,PM,Tentativa/Roubo,,,false,0,0,0,0,0,0,0,0,0,0,0,0,0,0
19676,"Congo - Vila Kennedy - Bangu, Rio de Janeiro - RJ, 21850-007, Brasil",Sudeste,Rio de Janeiro,Rio de Janeiro,VILA KENNEDY,,VILA KENNEDY,-22.8604006000,-43.4884116000,"20/09/2018, 19:16:00",false,false,,Não identificado,,,false,0,0,0,0,0,0,0,0,0,0,0,0,0,0
19679,"R. Castelnuovo, 413 - Tijuca, Rio de Janeiro - RJ, 20530-120, Brasil",Sudeste,Rio de Janeiro,Rio de Janeiro,TIJUCA,,MORRO DA FORMIGA,-22.9435434000,-43.2412996000,"20/09/2018, 20:42:00",false,false,,Não identificado,,,false,0,0,0,0,0,0,0,0,0,0,0,0,0,0
19680,"Malvinas - Vila Kennedy - Bangu, Rio de Janeiro - RJ, 21850-007, Brasil",Sudeste,Rio de Janeiro,Rio de Janeiro,VILA KENNEDY,,VILA KENNEDY,-22.8604006000,-43.4884116000,"20/09/2018, 20:57:00",false,false,,Não identificado,,,false,0,0,0,0,0,0,0,0,0,0,0,0,0,0
19685,"Rua Clarimundo de Melo, Lemos Brito - Quintino Bocaiuva, Rio de Janeiro - RJ, Brasil",Sudeste,Rio de Janeiro,Rio de Janeiro,QUINTINO BOCAIUVA,,MORRO DA CAIXA D'AGUA (COMPLEXO DO 18),-22.8937615000,-43.3215614000,"21/09/2018, 03:00:00",false,false,,Não identificado,,,false,0,0,0,0,0,0,0,0,0,0,0,0,0,0
19694,"Metral - Vila Kennedy - Bangu, Rio de Janeiro - RJ, 21850-007, Brasil",Sudeste,Rio de Janeiro,Rio de Janeiro,VILA KENNEDY,,VILA KENNEDY,-22.8604006000,-43.4884116000,"21/09/2018, 05:54:00",false,false,,Não identificado,,,false,0,0,0,0,0,0,0,0,0,0,0,0,0,0
19700,"Travessa Jerusalem - Jacarezinho, Rio de Janeiro - RJ, 20970-210, Brasil",Sudeste,Rio de Janeiro,Rio de Janeiro,JACAREZINHO,,JACAREZINHO,-22.8869188000,-43.2610074000,"21/09/2018, 07:00:00",false,false,,Não identificado,,,false,0,0,0,0,0,0,0,0,0,0,0,0,0,0
19702,"R. Maranhão, 1-43 - Manguinhos, Rio de Janeiro - RJ, 21012-060, Brasil",Sudeste,Rio de Janeiro,Rio de Janeiro,MANGUINHOS,,MANGUINHOS (COMPLEXO DE MANGUINHOS),-22.8806494000,-43.2515745000,"21/09/2018, 07:40:00",true,true,PM,Ação policial,,,false,0,0,0,0,0,0,0,0,0,0,0,0,0,0
19705,"Rua Clarimundo de Melo - Quintino Bocaiuva, Rio de Janeiro - RJ, 20740-320, Brasil",Sudeste,Rio de Janeiro,Rio de Janeiro,QUINTINO BOCAIUVA,,MORRO DA CAIXA D'AGUA (COMPLEXO DO 18),-22.8945740000,-43.3205440000,"21/09/2018, 13:08:00",false,false,,Não identificado,,,false,0,0,0,0,0,0,0,0,0,0,0,0,0,0
19712,"Complexo do Lins, Lins de Vasconcelos, Rio de Janeiro - RJ, 20725-090, Brasil",Sudeste,Rio de Janeiro,Rio de Janeiro,LINS DE VASCONCELOS,,COMPLEXO DO LINS,-22.9138900000,-43.2847800000,"21/09/2018, 13:15:00",true,true,PM,Ação policial,,,false,0,0,0,0,0,0,0,0,0,0,0,0,0,0
19707,"Barrão, Vila Kennedy, Rio de Janeiro - RJ, 21850-007, Brasil",Sudeste,Rio de Janeiro,Rio de Janeiro,VILA KENNEDY,,VILA KENNEDY,-22.8600690000,-43.4882200000,"21/09/2018, 13:26:00",false,false,,Não identificado,,,false,0,0,0,0,0,0,0,0,0,0,0,0,0,0
19708,"R. São Luiz Gonzaga, São Cristóvão, Rio de Janeiro - RJ, 20910-060, Brasil",Sudeste,Rio de Janeiro,Rio de Janeiro,SAO CRISTOVAO,,,-22.8999794000,-43.2261751000,"21/09/2018, 13:33:00",true,true,N�o identificado,Ação policial,,,false,0,1,0,0,0,0,0,0,0,0,0,0,0,0
19711,"Estr. da Gávea, 904 - São Conrado, Rio de Janeiro - RJ, 22610-002, Brasil",Sudeste,Rio de Janeiro,Rio de Janeiro,SAO CONRADO,,,-22.9983055000,-43.2684676000,"21/09/2018, 14:20:00",false,true,,Tentativa/Roubo,,,false,0,2,0,0,0,0,0,0,0,0,0,0,0,0
19710,"Barrão, Vila Kennedy, Rio de Janeiro - RJ, 21852-370, Brasil",Sudeste,Rio de Janeiro,Rio de Janeiro,VILA KENNEDY,,VILA KENNEDY,-22.8546310000,-43.4939670000,"21/09/2018, 14:26:00",false,false,,Não identificado,,,false,0,0,0,0,0,0,0,0,0,0,0,0,0,0
19722,"Morro do Encontro, Complexo do Lins, Rio de Janeiro - RJ, 20715-191, Brasil",Sudeste,Rio de Janeiro,Rio de Janeiro,ENGENHO NOVO,,MORRO DO ENCONTRO (COMPLEXO DO LINS),-22.9155723000,-43.2671323000,"21/09/2018, 16:00:00",true,true,N�o identificado,Ação policial,,,false,0,0,0,0,0,0,0,0,0,0,0,0,0,0
19713,"R. Leopoldino de Oliveira, Madureira, Rio de Janeiro - RJ, Brasil",Sudeste,Rio de Janeiro,Rio de Janeiro,MADUREIRA,,MORRO DO CAJUEIRO (COMPLEXO DO CAJUEIRO),-22.8650420000,-43.3392392000,"21/09/2018, 16:22:00",false,false,,Não identificado,,,false,0,0,0,0,0,0,0,0,0,0,0,0,0,0
19718,"Av. Marechal Fontenele, 5721 - Realengo, Rio de Janeiro - RJ, 21750-370, Brasil",Sudeste,Rio de Janeiro,Rio de Janeiro,REALENGO,,,-22.8788447000,-43.4230506000,"21/09/2018, 16:45:00",false,false,,Tentativa/Roubo,,,false,0,0,0,0,0,0,0,0,0,0,0,0,0,0
19715,"R. Arquias Cordeiro - Meier, Rio de Janeiro - RJ, Brasil",Sudeste,Rio de Janeiro,Rio de Janeiro,MEIER,,,-22.8983176000,-43.2813832000,"21/09/2018, 17:23:00",false,false,,Não identificado,,,false,0,0,0,0,0,0,0,0,0,0,0,0,0,0
19725,"R. Anhembi, 70 - Irajá, Rio de Janeiro - RJ, 21235-480, Brasil",Sudeste,Rio de Janeiro,Rio de Janeiro,IRAJA,,,-22.8365359000,-43.3234221000,"21/09/2018, 20:37:00",false,false,,Não identificado,,,false,0,0,0,0,0,0,0,0,0,0,0,0,0,0
19728,"R. Felipe Camarão, Rio de Janeiro - RJ, 20511-010, Brasil",Sudeste,Rio de Janeiro,Rio de Janeiro,MARACANA,,,-22.9159452000,-43.2352609000,"21/09/2018, 23:53:00",false,false,,Não identificado,,,false,0,0,0,0,0,0,0,0,0,0,0,0,0,0
19737,"Rocinha, Rio de Janeiro - RJ, Brasil",Sudeste,Rio de Janeiro,Rio de Janeiro,ROCINHA,,ROCINHA,-22.9879841000,-43.2479825000,"22/09/2018, 01:00:00",true,true,PM,Operação policial,,,false,0,0,0,0,0,0,0,0,0,0,0,0,0,0
19733,"Vila da Penha, Rio de Janeiro - RJ, Brasil",Sudeste,Rio de Janeiro,Rio de Janeiro,VILA DA PENHA,,,-22.8440802000,-43.3094623000,"22/09/2018, 01:25:00",false,false,,Não identificado,,,false,0,0,0,0,0,0,0,0,0,0,0,0,0,0
19729,"Antares - Santa Cruz, Rio de Janeiro - RJ, Brasil",Sudeste,Rio de Janeiro,Rio de Janeiro,SANTA CRUZ,,FAVELA DE ANTARES,-22.9217436000,-43.6637652000,"22/09/2018, 02:28:00",false,false,,Disputa,,,false,0,0,0,0,0,0,0,0,0,0,0,0,0,0
19730,"Antares - Santa Cruz, Rio de Janeiro - RJ, Brasil",Sudeste,Rio de Janeiro,Rio de Janeiro,SANTA CRUZ,,FAVELA DE ANTARES,-22.9217436000,-43.6637652000,"22/09/2018, 03:19:00",false,false,,Não identificado,,,false,0,0,0,0,0,0,0,0,0,0,0,0,0,0
19732,"Antares - Santa Cruz, Rio de Janeiro - RJ, Brasil",Sudeste,Rio de Janeiro,Rio de Janeiro,SANTA CRUZ,,FAVELA DE ANTARES,-22.9217436000,-43.6637652000,"22/09/2018, 04:19:00",false,false,,Não identificado,,,false,0,0,0,0,0,0,0,0,0,0,0,0,0,0
19734,"Antares - Santa Cruz, Rio de Janeiro - RJ, Brasil",Sudeste,Rio de Janeiro,Rio de Janeiro,SANTA CRUZ,,FAVELA DE ANTARES,-22.9217436000,-43.6637652000,"22/09/2018, 05:19:00",false,false,,Não identificado,,,false,0,0,0,0,0,0,0,0,0,0,0,0,0,0
19735,"Ladeira dos Tabajaras, Rio de Janeiro - RJ, 22031-112, Brasil",Sudeste,Rio de Janeiro,Rio de Janeiro,COPACABANA,,LADEIRA DOS TABAJARAS,-22.9641669000,-43.1898623000,"22/09/2018, 07:01:00",false,false,,Não identificado,,,false,0,0,0,0,0,0,0,0,0,0,0,0,0,0
19738,"Morro da Pedreira - Costa Barros, Rio de Janeiro - RJ, 21725-190, Brasil",Sudeste,Rio de Janeiro,Rio de Janeiro,COSTA BARROS,,MORRO DA PEDREIRA (COMPLEXO DA PEDREIRA),-22.8219653000,-43.3574182000,"22/09/2018, 08:54:00",false,false,,Não identificado,,,false,0,0,0,0,0,0,0,0,0,0,0,0,0,0
19742,"Estr. dos Teixeiras - Taquara, Rio de Janeiro - RJ, Brasil",Sudeste,Rio de Janeiro,Rio de Janeiro,TAQUARA,,TEIXEIRAS,-22.9133843000,-43.4156717000,"22/09/2018, 13:50:00",false,false,,Não identificado,,,false,0,0,0,0,0,0,0,0,0,0,0,0,0,0
19744,"Estr. de Botafogo, 463 - Costa Barros, Rio de Janeiro - RJ, 21532-200, Brasil",Sudeste,Rio de Janeiro,Rio de Janeiro,COSTA BARROS,,MORRO DA QUITANDA (COMPLEXO DA PEDREIRA),-22.8211411000,-43.3659209000,"22/09/2018, 15:44:00",true,true,N�o identificado,Ação policial,,,false,0,0,0,0,0,0,0,0,0,0,0,0,0,0
19745,"Estr. do Quitungo, Rio de Janeiro - RJ, 21215-562, Brasil",Sudeste,Rio de Janeiro,Rio de Janeiro,BRAS DE PINA,,QUITUNGO-GUAPORE,-22.8319059000,-43.3022090000,"22/09/2018, 15:45:00",false,false,,Não identificado,,,false,0,0,0,0,0,0,0,0,0,0,0,0,0,0
19747,"Morro da Quitanda - Costa Barros, Rio de Janeiro - RJ, 21532-050, Brasil",Sudeste,Rio de Janeiro,Rio de Janeiro,COSTA BARROS,,MORRO DA QUITANDA (COMPLEXO DA PEDREIRA),-22.8196575000,-43.3671114000,"22/09/2018, 17:14:00",true,true,PM,Operação policial,,,false,0,1,0,0,0,0,0,0,0,0,0,0,0,0
19748,"Cidade Alta, Cordovil, Rio de Janeiro - RJ, 21010-200, Brasil",Sudeste,Rio de Janeiro,Rio de Janeiro,CORDOVIL,,CIDADE ALTA (COMPLEXO DE ISRAEL),-22.8196976000,-43.2943395000,"22/09/2018, 17:32:00",false,false,,Não identificado,,,false,0,0,0,0,0,0,0,0,0,0,0,0,0,0
19751,"Av. Pastor Martin Luther King Junior, Colégio, Rio de Janeiro - RJ, 21371-312, Brasil",Sudeste,Rio de Janeiro,Rio de Janeiro,COLEGIO,,,-22.8431220000,-43.3336710000,"22/09/2018, 18:42:00",false,false,,Não identificado,,,false,0,0,0,0,0,0,0,0,0,0,0,0,0,0
19752,"Morro da Quitanda - Costa Barros, Rio de Janeiro - RJ, 21532-050, Brasil",Sudeste,Rio de Janeiro,Rio de Janeiro,COSTA BARROS,,MORRO DA QUITANDA (COMPLEXO DA PEDREIRA),-22.8241667000,-43.3644444000,"22/09/2018, 18:49:00",false,false,,Não identificado,,,false,0,0,0,0,0,0,0,0,0,0,0,0,0,0
19760,"R. Rio de Contas - Campo Grande, Rio de Janeiro - RJ, 23095-330, Brasil",Sudeste,Rio de Janeiro,Rio de Janeiro,CAMPO GRANDE,,,-22.8689272000,-43.5625532000,"22/09/2018, 20:30:00",false,false,,Não identificado,,,false,0,0,0,0,0,0,0,0,0,0,0,0,0,0
19762,"Garganta, Vila kennedy,  Bangu, Rio de Janeiro - RJ, 21815-011, Brasil",Sudeste,Rio de Janeiro,Rio de Janeiro,VILA KENNEDY,,VILA KENNEDY,-22.8743171000,-43.4685554000,"23/09/2018, 01:04:00",false,false,,Não identificado,,,false,0,0,0,0,0,0,0,0,0,0,0,0,0,0
19755,"Morro da Coroa - R. Carolina Reidner, Rio de Janeiro - RJ, 20211-280, Brasil",Sudeste,Rio de Janeiro,Rio de Janeiro,CATUMBI,,MORRO DA COROA,-22.9152994000,-43.1966967000,"23/09/2018, 04:00:00",false,false,,Não identificado,,,false,0,0,0,0,0,0,0,0,0,0,0,0,0,0
19763,"Rua Sacopã - Lagoa, Rio de Janeiro - RJ, Brasil",Sudeste,Rio de Janeiro,Rio de Janeiro,LAGOA,,,-22.9653768000,-43.2013442000,"23/09/2018, 04:00:00",true,true,PM,Ação policial,,,false,0,0,0,0,0,0,0,0,0,0,0,0,0,0
19756,"Morro do Pavao - Copacabana, Rio de Janeiro - RJ, 22071-060, Brasil",Sudeste,Rio de Janeiro,Rio de Janeiro,COPACABANA,,MORRO DO PAVAO-PAVAOZINHO,-22.9811111000,-43.1975000000,"23/09/2018, 05:53:00",false,false,,Não identificado,,,false,0,0,0,0,0,0,0,0,0,0,0,0,0,0
19757,"Estr. do Camboatá - Guadalupe, Rio de Janeiro - RJ, Brasil",Sudeste,Rio de Janeiro,Rio de Janeiro,GUADALUPE,,,-22.8360131000,-43.3805041000,"23/09/2018, 07:18:00",false,false,,Não identificado,,,false,0,0,0,0,0,0,0,0,0,0,0,0,0,0
19765,"Morro Santa Marta, Botafogo, Rio de Janeiro - RJ, 22260-140, Brasil",Sudeste,Rio de Janeiro,Rio de Janeiro,BOTAFOGO,,SANTA MARTA,-22.9474593000,-43.1943718000,"23/09/2018, 16:47:00",false,false,,Não identificado,,,false,0,0,0,0,0,0,0,0,0,0,0,0,0,0
19768,"Morro Santa Marta, Botafogo, Rio de Janeiro - RJ, 22260-128, Brasil",Sudeste,Rio de Janeiro,Rio de Janeiro,BOTAFOGO,,SANTA MARTA,-22.9479212000,-43.1937561000,"23/09/2018, 16:47:00",true,true,N�o identificado,Ação policial,,,false,0,1,0,0,0,0,0,0,0,0,0,0,0,0
19767,"Praça Miami, Vila Kennedy - Bangu, Rio de Janeiro - RJ, 21852-010, Brasil",Sudeste,Rio de Janeiro,Rio de Janeiro,VILA KENNEDY,,VILA KENNEDY,-22.8561214000,-43.4929487000,"23/09/2018, 17:35:00",true,true,PM,Ação policial,,,false,0,0,0,0,0,0,0,0,0,0,0,0,0,0
19774,"Favela do Aço, Santa Cruz, Rio de Janeiro - RJ, 23595-060, Brasil",Sudeste,Rio de Janeiro,Rio de Janeiro,SANTA CRUZ,,FAVELA DO ACO,-22.9356201000,-43.6504840000,"23/09/2018, 18:22:00",false,false,,Não identificado,,,false,0,0,0,0,0,0,0,0,0,0,0,0,0,0
19775,"Camorim, Rio de Janeiro - RJ, Brasil",Sudeste,Rio de Janeiro,Rio de Janeiro,CAMORIM,,,-22.9693524000,-43.4274754000,"23/09/2018, 19:29:00",false,false,,Não identificado,,,false,0,0,0,0,0,0,0,0,0,0,0,0,0,0
19776,"Leão, Vila Kennedy, Rio de Janeiro - RJ, 21852-010, Brasil",Sudeste,Rio de Janeiro,Rio de Janeiro,VILA KENNEDY,,VILA KENNEDY,-22.8563684000,-43.4898289000,"23/09/2018, 19:39:00",false,false,,Não identificado,,,false,0,0,0,0,0,0,0,0,0,0,0,0,0,0
19787,"Rua Carvalho Alvim, Rio de Janeiro - RJ, 20530-003, Brasil",Sudeste,Rio de Janeiro,Rio de Janeiro,TIJUCA,,,-22.9270930000,-43.2439069000,"24/09/2018, 00:30:00",true,true,PM,Ação policial,,,false,0,0,0,0,0,0,0,0,0,0,0,0,0,0
19790,"Complexo do Lins, Lins de Vasconcelos, Rio de Janeiro - RJ, 20725-090, Brasil",Sudeste,Rio de Janeiro,Rio de Janeiro,LINS DE VASCONCELOS,,COMPLEXO DO LINS,-22.9083194000,-43.2792119000,"24/09/2018, 02:30:00",true,true,N�o identificado,Operação policial,,,false,0,0,0,0,0,0,0,0,0,0,0,0,0,0
19788,"Ladeira dos Tabajaras, Rio de Janeiro - RJ, 22031-112, Brasil",Sudeste,Rio de Janeiro,Rio de Janeiro,COPACABANA,,LADEIRA DOS TABAJARAS,-22.9641669000,-43.1898623000,"24/09/2018, 02:45:00",true,true,N�o identificado,Operação policial,,Tiros de Helicóptero,false,0,0,0,0,0,0,0,0,0,0,0,0,0,0
19784,"Casinhas - Complexo do Alemão, Rio de Janeiro - RJ, Brasil",Sudeste,Rio de Janeiro,Rio de Janeiro,COMPLEXO DO ALEMAO,,CASINHAS (COMPLEXO DO ALEMAO),-22.8593331000,-43.2754759000,"24/09/2018, 05:56:00",false,false,,Não identificado,,,false,0,0,0,0,0,0,0,0,0,0,0,0,0,0
19803,"Malvinas - Vila Kennedy - Bangu, Rio de Janeiro - RJ, 21850-007, Brasil",Sudeste,Rio de Janeiro,Rio de Janeiro,VILA KENNEDY,,VILA KENNEDY,-22.8600881000,-43.4863223000,"24/09/2018, 15:48:00",false,false,,Não identificado,,,false,0,0,0,0,0,0,0,0,0,0,0,0,0,0
19805,"Jacarepagua, Rio de Janeiro - RJ, Brasil",Sudeste,Rio de Janeiro,Rio de Janeiro,BARRA OLIMPICA,,,-22.9681736000,-43.3907025000,"24/09/2018, 15:57:00",false,false,,Não identificado,,,false,0,0,0,0,0,0,0,0,0,0,0,0,0,0
19807,"Engenho Novo, Rio de Janeiro - RJ, Brasil",Sudeste,Rio de Janeiro,Rio de Janeiro,ENGENHO NOVO,,,-22.9027463000,-43.2684052000,"24/09/2018, 16:32:00",false,false,,Não identificado,,,false,0,0,0,0,0,0,0,0,0,0,0,0,0,0
19808,"R. Guaxindiba - Coelho Neto, Rio de Janeiro - RJ, 21511-390, Brasil",Sudeste,Rio de Janeiro,Rio de Janeiro,COELHO NETO,,VILA SANTA TERESA,-22.8371687000,-43.3548751000,"24/09/2018, 16:36:00",false,false,,Não identificado,,,false,0,0,0,0,0,0,0,0,0,0,0,0,0,0
19815,"Santa Cruz, Rio de Janeiro - RJ, Brasil",Sudeste,Rio de Janeiro,Rio de Janeiro,SANTA CRUZ,,,-22.9196515000,-43.6843877000,"24/09/2018, 18:12:00",false,false,,Não identificado,,,false,0,0,0,0,0,0,0,0,0,0,0,0,0,0
19812,"Chapadão, Costa Barros, Rio de Janeiro - RJ, 21655-172, Brasil",Sudeste,Rio de Janeiro,Rio de Janeiro,ANCHIETA,,COMPLEXO DO CHAPADAO,-22.8248700000,-43.3865650000,"24/09/2018, 18:29:00",false,false,,Não identificado,,,false,0,0,0,0,0,0,0,0,0,0,0,0,0,0
19814,"Bateou Mouche,  Praça Seca, Rio de Janeiro - RJ, 22733-000, Brasil",Sudeste,Rio de Janeiro,Rio de Janeiro,PRACA SECA,,FAVELA BATEAU MOUCHE,-22.9077646000,-43.3542083000,"24/09/2018, 19:16:00",false,false,,Não identificado,,,false,0,0,0,0,0,0,0,0,0,0,0,0,0,0
19820,"Praça Lamartine Babo - Vila Isabel, Rio de Janeiro - RJ, 20511-001, Brasil",Sudeste,Rio de Janeiro,Rio de Janeiro,VILA ISABEL,,,-22.9243962000,-43.2368788000,"24/09/2018, 20:23:00",false,false,,Não identificado,,,false,0,0,0,0,0,0,0,0,0,0,0,0,0,0
19817,"Tijuca, Rio de Janeiro - RJ, Brasil",Sudeste,Rio de Janeiro,Rio de Janeiro,TIJUCA,,,-22.9325728000,-43.2410248000,"24/09/2018, 20:23:00",false,false,,Não identificado,,,false,0,0,0,0,0,0,0,0,0,0,0,0,0,0
19823,"Morro da Barão - Praça Seca, Rio de Janeiro - RJ, 21321-620, Brasil",Sudeste,Rio de Janeiro,Rio de Janeiro,PRACA SECA,,MORRO SAO JOSE OPERARIO (OU MORRO DA BARAO),-22.8954871000,-43.3566207000,"25/09/2018, 02:30:00",true,true,BOPE,Operação policial,,,false,0,0,0,0,0,0,0,0,0,0,0,0,0,0
19826,"R. Média, Costa Barros, Rio de Janeiro - RJ, 21650-326, Brasil",Sudeste,Rio de Janeiro,Rio de Janeiro,COSTA BARROS,,FAVELA DA TERRA NOSTRA (COMPLEXO DA PEDREIRA),-22.8258900000,-43.3715620000,"25/09/2018, 04:34:00",false,false,,Não identificado,,,false,0,0,0,0,0,0,0,0,0,0,0,0,0,0
19827,"Ladeira dos Tabajaras, Rio de Janeiro - RJ, 22031-112, Brasil",Sudeste,Rio de Janeiro,Rio de Janeiro,COPACABANA,,LADEIRA DOS TABAJARAS,-22.9641669000,-43.1898623000,"25/09/2018, 05:53:00",false,false,,Não identificado,,,false,0,0,0,0,0,0,0,0,0,0,0,0,0,0
19831,"Comunidade do Canal, Estrada do Rio Morto, Vargem Grande, Rio de Janeiro - RJ, 22783-415, Brasil",Sudeste,Rio de Janeiro,Rio de Janeiro,VARGEM GRANDE,,COMUNIDADE DO CANAL,-22.9935619000,-43.4944838000,"25/09/2018, 08:51:00",false,false,,Não identificado,,,false,0,0,0,0,0,0,0,0,0,0,0,0,0,0
19832,"Cidade Alta - Cordovil, Rio de Janeiro - RJ, 21010-200, Brasil",Sudeste,Rio de Janeiro,Rio de Janeiro,CORDOVIL,,CIDADE ALTA (COMPLEXO DE ISRAEL),-22.8196976000,-43.2943395000,"25/09/2018, 09:48:00",false,false,,Não identificado,,,false,0,0,0,0,0,0,0,0,0,0,0,0,0,0
19833,"Barrão, Vila Kennedy, Rio de Janeiro - RJ, 21852-370, Brasil",Sudeste,Rio de Janeiro,Rio de Janeiro,VILA KENNEDY,,VILA KENNEDY,-22.8545814000,-43.4934251000,"25/09/2018, 10:18:00",false,false,,Não identificado,,,false,0,0,0,0,0,0,0,0,0,0,0,0,0,0
19836,"R. Uranos - Manguinhos, Rio de Janeiro - RJ, Brasil",Sudeste,Rio de Janeiro,Rio de Janeiro,MANGUINHOS,,FAVELA DE HIGIENOPOLIS (COMPLEXO DE MANGUINHOS),-22.8735351000,-43.2534402000,"25/09/2018, 12:10:00",true,true,N�o identificado,Ação policial,,,false,1,0,0,0,0,0,0,0,0,0,0,0,0,0
19839,"R. Congo, Vila Kennedy, Rio de Janeiro - RJ, 21852-580, Brasil",Sudeste,Rio de Janeiro,Rio de Janeiro,VILA KENNEDY,,VILA KENNEDY,-22.8622390000,-43.4914429000,"25/09/2018, 13:06:00",false,false,,Não identificado,,,false,0,0,0,0,0,0,0,0,0,0,0,0,0,0
19841,"Vila Turismo,  Manguinhos, Rio de Janeiro - RJ, Brasil",Sudeste,Rio de Janeiro,Rio de Janeiro,MANGUINHOS,,VILA TURISMO (COMPLEXO DE MANGUINHOS),-22.8833656000,-43.2464330000,"25/09/2018, 14:38:00",true,true,N�o identificado,Ação policial,,,false,0,3,0,0,0,0,0,0,0,0,0,0,0,0
19842,"R. Leopoldo Bulhões - Manguinhos, Rio de Janeiro - RJ, Brasil",Sudeste,Rio de Janeiro,Rio de Janeiro,MANGUINHOS,,COMPLEXO DE MANGUINHOS,-22.8820321000,-43.2496748000,"25/09/2018, 16:08:00",true,true,N�o identificado,Ação policial,,Tiroteio contínuo,false,0,0,0,0,0,0,0,0,0,0,0,0,0,0
19844,"Pica Pau, Cordovil, Rio de Janeiro - RJ, 21012-040, Brasil",Sudeste,Rio de Janeiro,Rio de Janeiro,CORDOVIL,,FAVELA DO PICA PAU (COMPLEXO DE ISRAEL),-22.8197280000,-43.2891320000,"25/09/2018, 16:15:00",false,false,,Não identificado,,,false,0,0,0,0,0,0,0,0,0,0,0,0,0,0
19846,"R. Leopoldo Bulhões - Manguinhos, Rio de Janeiro - RJ, Brasil",Sudeste,Rio de Janeiro,Rio de Janeiro,MANGUINHOS,,COMPLEXO DE MANGUINHOS,-22.8820321000,-43.2496748000,"25/09/2018, 17:08:00",true,true,N�o identificado,Ação policial,,,false,0,0,0,0,0,0,0,0,0,0,0,0,0,0
19848,"Anchieta, Rio de Janeiro - RJ, Brasil",Sudeste,Rio de Janeiro,Rio de Janeiro,ANCHIETA,,,-22.8238795000,-43.3981236000,"25/09/2018, 17:10:00",false,false,,Não identificado,,,false,0,0,0,0,0,0,0,0,0,0,0,0,0,0
19852,"Bangu, Rio de Janeiro - RJ, Brasil",Sudeste,Rio de Janeiro,Rio de Janeiro,BANGU,,,-22.8742263000,-43.4685442000,"25/09/2018, 17:19:00",false,false,,Não identificado,,,false,0,0,0,0,0,0,0,0,0,0,0,0,0,0
19849,"Proença Rosa, Honório Gurgel, Rio de Janeiro - RJ, 21512-002, Brasil",Sudeste,Rio de Janeiro,Rio de Janeiro,HONORIO GURGEL,,PROENCA ROSA,-22.8380922000,-43.3623926000,"25/09/2018, 17:54:00",false,false,,Não identificado,,,false,0,0,0,0,0,0,0,0,0,0,0,0,0,0
19853,"Penha, Rio de Janeiro - RJ, Brasil",Sudeste,Rio de Janeiro,Rio de Janeiro,PENHA,,,-22.8308535000,-43.2698184000,"25/09/2018, 17:56:00",false,false,,Não identificado,,,false,0,0,0,0,0,0,0,0,0,0,0,0,0,0
19854,"Estr. do Quitungo, 819 - Bráz De Pina, Rio de Janeiro - RJ, 21215-562, Brasil",Sudeste,Rio de Janeiro,Rio de Janeiro,BRAS DE PINA,,QUITUNGO-GUAPORE,-22.8304667000,-43.3016225000,"25/09/2018, 18:02:00",false,false,,Não identificado,,,false,0,0,0,0,0,0,0,0,0,0,0,0,0,0
19850,"R. Leopoldo Bulhões - Manguinhos, Rio de Janeiro - RJ, Brasil",Sudeste,Rio de Janeiro,Rio de Janeiro,MANGUINHOS,,COMPLEXO DE MANGUINHOS,-22.8820321000,-43.2496748000,"25/09/2018, 18:07:00",true,true,N�o identificado,Ação policial,,,false,0,0,0,0,0,0,0,0,0,0,0,0,0,0
19851,"Morro dos Prazeres - Santa Teresa, Rio de Janeiro - RJ, Brasil",Sudeste,Rio de Janeiro,Rio de Janeiro,SANTA TERESA,,MORRO DOS PRAZERES,-22.9347222000,-43.2047222000,"25/09/2018, 18:22:00",false,false,,Não identificado,,,false,0,0,0,0,0,0,0,0,0,0,0,0,0,0
19856,"Guadalupe, Rio de Janeiro - RJ, Brasil",Sudeste,Rio de Janeiro,Rio de Janeiro,GUADALUPE,,,-22.8401095000,-43.3780741000,"25/09/2018, 18:36:00",false,false,,Não identificado,,,false,0,0,0,0,0,0,0,0,0,0,0,0,0,0
19858,"Guadalupe, Rio de Janeiro - RJ, Brasil",Sudeste,Rio de Janeiro,Rio de Janeiro,GUADALUPE,,,-22.8401095000,-43.3780741000,"25/09/2018, 19:16:00",false,false,,Não identificado,,,false,0,0,0,0,0,0,0,0,0,0,0,0,0,0
19859,"Jacaré, Rio de Janeiro - RJ, Brasil",Sudeste,Rio de Janeiro,Rio de Janeiro,JACARE,,,-22.8923272000,-43.2581953000,"25/09/2018, 19:18:00",false,false,,Não identificado,,,false,0,0,0,0,0,0,0,0,0,0,0,0,0,0
19857,"Praça Miami, Vila Kennedy, Rio de Janeiro - RJ, 21852-010, Brasil",Sudeste,Rio de Janeiro,Rio de Janeiro,VILA KENNEDY,,VILA KENNEDY,-22.8561214000,-43.4929487000,"25/09/2018, 19:25:00",false,false,,Não identificado,,,false,0,0,0,0,0,0,0,0,0,0,0,0,0,0
19860,"Chapadão,  Anchieta, Rio de Janeiro - RJ, 21655-174, Brasil",Sudeste,Rio de Janeiro,Rio de Janeiro,ANCHIETA,,COMPLEXO DO CHAPADAO,-22.8254030000,-43.3866410000,"25/09/2018, 20:53:00",false,false,,Não identificado,,,false,0,0,0,0,0,0,0,0,0,0,0,0,0,0
19877,"Morro do Dezoito -Água Santa, Rio de Janeiro - RJ, Brasil",Sudeste,Rio de Janeiro,Rio de Janeiro,AGUA SANTA,,MORRO DO 18 (COMPLEXO DO 18),-22.9052068000,-43.3072301000,"26/09/2018, 02:30:00",true,true,PM,Operação policial,,,false,0,0,0,0,0,0,0,0,0,0,0,0,0,0
19880,"Manguinhos, Rio de Janeiro - RJ, Brasil",Sudeste,Rio de Janeiro,Rio de Janeiro,MANGUINHOS,,COMPLEXO DE MANGUINHOS,-22.8830377000,-43.2457507000,"26/09/2018, 04:00:00",true,true,PM,Operação policial,,,false,0,1,0,0,0,0,0,0,0,0,0,0,0,0
19868,"R. Netuno, 139 - Guadalupe, Rio de Janeiro - RJ, 21650-100, Brasil",Sudeste,Rio de Janeiro,Rio de Janeiro,GUADALUPE,,GOGO DA EMA (COMPLEXO DO CHAPADAO),-22.8320406000,-43.3801024000,"26/09/2018, 05:22:00",false,false,,Não identificado,,,false,0,0,0,0,0,0,0,0,0,0,0,0,0,0
19871,"Rua Antenor Correia, 01- Senador Camará - Vila Aliança / Senador Camará, Rio de Janeiro - RJ, 21842-430, Brasil",Sudeste,Rio de Janeiro,Rio de Janeiro,BANGU,,VILA ALIANCA,-22.8699960000,-43.4828870000,"26/09/2018, 05:45:00",false,false,,Não identificado,,,false,0,0,0,0,0,0,0,0,0,0,0,0,0,0
19874,"Morro da Coroa - Santa Teresa, Rio de Janeiro - RJ, 20251-190, Brasil",Sudeste,Rio de Janeiro,Rio de Janeiro,SANTA TERESA,,MORRO DA COROA,-22.9225000000,-43.1925000000,"26/09/2018, 06:50:00",true,true,N�o identificado,Ação policial,,,false,0,0,0,0,0,0,0,0,0,0,0,0,0,0
19888,"R. Pão de Açúcar  - Rocha Miranda, Rio de Janeiro - RJ, 21540-530, Brasil",Sudeste,Rio de Janeiro,Rio de Janeiro,ROCHA MIRANDA,,,-22.8519142000,-43.3454389000,"26/09/2018, 11:22:00",false,false,,Não identificado,,,false,0,0,0,0,0,0,0,0,0,0,0,0,0,0
19889,"Fumacê - Realengo, Rio de Janeiro - RJ, 21730-230, Brasil",Sudeste,Rio de Janeiro,Rio de Janeiro,REALENGO,,FUMACE,-22.8673435000,-43.4237291000,"26/09/2018, 13:23:00",false,false,,Não identificado,,,false,0,0,0,0,0,0,0,0,0,0,0,0,0,0
19891,"Adeus - Complexo do Alemão, Rio de Janeiro - RJ, 21050-144, Brasil",Sudeste,Rio de Janeiro,Rio de Janeiro,COMPLEXO DO ALEMAO,,MORRO DO ADEUS (COMPLEXO DO ALEMAO),-22.8649615000,-43.2611910000,"26/09/2018, 14:24:00",false,false,,Não identificado,,,false,0,0,0,0,0,0,0,0,0,0,0,0,0,0
19895,"R. Leopoldo Bulhões - Manguinhos, Rio de Janeiro - RJ, Brasil",Sudeste,Rio de Janeiro,Rio de Janeiro,MANGUINHOS,,COMPLEXO DE MANGUINHOS,-22.8820321000,-43.2496748000,"26/09/2018, 15:25:00",false,false,,Não identificado,,,false,0,0,0,0,0,0,0,0,0,0,0,0,0,0
19896,"Morro da Quitanda - Costa Barros, Rio de Janeiro - RJ, 21532-050, Brasil",Sudeste,Rio de Janeiro,Rio de Janeiro,COSTA BARROS,,MORRO DA QUITANDA (COMPLEXO DA PEDREIRA),-22.8197330000,-43.3668193000,"26/09/2018, 15:34:00",false,false,,Não identificado,,,false,0,0,0,0,0,0,0,0,0,0,0,0,0,0
19897,"Estr. do Quitungo, Rio de Janeiro - RJ, 21215-562, Brasil",Sudeste,Rio de Janeiro,Rio de Janeiro,BRAS DE PINA,,QUITUNGO-GUAPORE,-22.8319059000,-43.3022090000,"26/09/2018, 17:03:00",false,false,,Não identificado,,,false,0,0,0,0,0,0,0,0,0,0,0,0,0,0
19900,"Proença Rosa, Mundial e Morro do Chaves - Honório Gurgel, Rio de Janeiro - RJ, Brasil",Sudeste,Rio de Janeiro,Rio de Janeiro,HONORIO GURGEL,,PROENCA ROSA,-22.8380922000,-43.3623926000,"26/09/2018, 17:27:00",false,false,,Não identificado,,,false,0,0,0,0,0,0,0,0,0,0,0,0,0,0
19913,"Praça Condessa Paulo de Frontin - Rio Comprido, Rio de Janeiro - RJ, 20250-490, Brasil",Sudeste,Rio de Janeiro,Rio de Janeiro,RIO COMPRIDO,,,-22.9244067000,-43.2090576000,"26/09/2018, 18:00:00",false,false,,Tentativa/Roubo,,,false,1,0,0,0,0,0,0,0,0,0,0,0,0,0
19903,"Ipase, Praça Seca, Rio de Janeiro - RJ, 21321-802, Brasil",Sudeste,Rio de Janeiro,Rio de Janeiro,PRACA SECA,,IPASE DA PRACA SECA,-22.9046925000,-43.3570580000,"26/09/2018, 18:25:00",false,false,,Não identificado,,,false,0,0,0,0,0,0,0,0,0,0,0,0,0,0
19905,"R. Silvio Costa, Rio de Janeiro - RJ, 21645-570, Brasil",Sudeste,Rio de Janeiro,Rio de Janeiro,ANCHIETA,,CONJUNTO SANTA EDWIGES,-22.8269355000,-43.3932593000,"26/09/2018, 19:29:00",false,false,,Não identificado,,,false,0,0,0,0,0,0,0,0,0,0,0,0,0,0
19906,"R. Viêira de Araújo, Realengo, Rio de Janeiro - RJ, 21765-100, Brasil",Sudeste,Rio de Janeiro,Rio de Janeiro,REALENGO,,FAVELA DO ALMIRANTE,-22.8928760000,-43.4288850000,"26/09/2018, 19:39:00",false,false,,Não identificado,,,false,0,0,0,0,0,0,0,0,0,0,0,0,0,0
19907,"Morro da Coroa - Santa Teresa, Rio de Janeiro - RJ, 20251-190, Brasil",Sudeste,Rio de Janeiro,Rio de Janeiro,SANTA TERESA,,MORRO DA COROA,-22.9225000000,-43.1925000000,"26/09/2018, 19:45:00",true,true,N�o identificado,Ação policial,,,false,0,0,0,0,0,0,0,0,0,0,0,0,0,0
19908,"R. Teixeira Soares, Praça da Bandeira, Rio de Janeiro - RJ, Brasil",Sudeste,Rio de Janeiro,Rio de Janeiro,PRACA DA BANDEIRA,,,-22.9111218000,-43.2170926000,"26/09/2018, 20:00:00",true,true,N�o identificado,Ação policial,,Perseguição,false,1,1,0,0,0,0,0,0,0,0,0,0,0,0
19910,"Parque União - Maré, Rio de Janeiro - RJ, Brasil",Sudeste,Rio de Janeiro,Rio de Janeiro,MARE,,PARQUE UNIAO (COMPLEXO DA MARE),-22.8505384000,-43.2429343000,"26/09/2018, 20:41:00",false,false,,Não identificado,,,false,0,0,0,0,0,0,0,0,0,0,0,0,0,0
19911,"Leão, Vila Kennedy, Rio de Janeiro - RJ, 21852-010, Brasil",Sudeste,Rio de Janeiro,Rio de Janeiro,VILA KENNEDY,,VILA KENNEDY,-22.8563684000,-43.4898289000,"26/09/2018, 20:59:00",false,false,,Não identificado,,,false,0,0,0,0,0,0,0,0,0,0,0,0,0,0
19912,"Vila 26, Vila Kennedy - Bangu, Rio de Janeiro - RJ, 21850-000, Brasil",Sudeste,Rio de Janeiro,Rio de Janeiro,VILA KENNEDY,,VILA KENNEDY,-22.8606949000,-43.4829444000,"27/09/2018, 00:22:00",false,false,,Não identificado,,,false,0,0,0,0,0,0,0,0,0,0,0,0,0,0
19918,"Acari, Rio de Janeiro - RJ, Brasil",Sudeste,Rio de Janeiro,Rio de Janeiro,ACARI,,,-22.8266464000,-43.3441114000,"27/09/2018, 03:43:00",false,false,,Não identificado,,,false,0,0,0,0,0,0,0,0,0,0,0,0,0,0
19919,"Malvina, Vila Kennedy - Bangu, Rio de Janeiro - RJ, 21850-007, Brasil",Sudeste,Rio de Janeiro,Rio de Janeiro,VILA KENNEDY,,VILA KENNEDY,-22.8604006000,-43.4884116000,"27/09/2018, 04:18:00",false,false,,Não identificado,,,false,0,0,0,0,0,0,0,0,0,0,0,0,0,0
19920,"Vila Vintém - Padre Miguel, Rio de Janeiro - RJ, 21721-021, Brasil",Sudeste,Rio de Janeiro,Rio de Janeiro,PADRE MIGUEL,,VILA VINTEM,-22.8709633000,-43.4426703000,"27/09/2018, 04:58:00",false,false,,Não identificado,,,false,0,0,0,0,0,0,0,0,0,0,0,0,0,0
19929,"Vila Aliança,  Bangu, Rio de Janeiro - RJ, 21842-100, Brasil",Sudeste,Rio de Janeiro,Rio de Janeiro,BANGU,,VILA ALIANCA,-22.8693490000,-43.4784950000,"27/09/2018, 14:15:00",false,false,,Não identificado,,,false,0,0,0,0,0,0,0,0,0,0,0,0,0,0
19931,"Pedrinha - Vidigal, Rio de Janeiro - RJ, 22452-665, Brasil",Sudeste,Rio de Janeiro,Rio de Janeiro,VIDIGAL,,VIDIGAL,-22.9957620000,-43.2445000000,"27/09/2018, 14:28:00",false,false,,Não identificado,,,false,0,0,0,0,0,0,0,0,0,0,0,0,0,0
19947,"R. Comendador Siqueira - Pechincha, Rio de Janeiro - RJ, Brasil",Sudeste,Rio de Janeiro,Rio de Janeiro,PECHINCHA,,,-22.9226852000,-43.3505519000,"27/09/2018, 19:00:00",false,false,,Tentativa/Roubo,,,false,0,1,0,0,0,0,0,0,0,0,0,0,0,0
19935,"Estr. dos Teixeiras - Taquara, Rio de Janeiro - RJ, Brasil",Sudeste,Rio de Janeiro,Rio de Janeiro,TAQUARA,,TEIXEIRAS,-22.9133843000,-43.4156717000,"27/09/2018, 19:26:00",true,true,N�o identificado,Ação policial,,,false,0,0,0,0,0,0,0,0,0,0,0,0,0,0
19936,"Rua Unia - Realengo, Rio de Janeiro - RJ, 21765-210, Brasil",Sudeste,Rio de Janeiro,Rio de Janeiro,REALENGO,,,-22.8960167000,-43.4346722000,"27/09/2018, 21:10:00",false,false,,Não identificado,,,false,0,0,0,0,0,0,0,0,0,0,0,0,0,0
20004,"Av. dos Campeões - Ramos, Rio de Janeiro - RJ, 21040-016, Brasil",Sudeste,Rio de Janeiro,Rio de Janeiro,RAMOS,,,-22.8549567000,-43.2520738000,"28/09/2018, 00:30:00",true,true,N�o identificado,Ação policial,,Perseguição,false,0,1,0,0,0,0,0,0,0,0,0,0,0,0
19939,"Ladeiras dos Tabajaras - Copacabana, Rio de Janeiro - RJ, 20551-030, Brasil",Sudeste,Rio de Janeiro,Rio de Janeiro,COPACABANA,,LADEIRA DOS TABAJARAS,-22.9629327000,-43.1907971000,"28/09/2018, 03:00:00",true,true,N�o identificado,Operação policial,,,false,0,0,0,0,0,0,0,0,0,0,0,0,0,0
19962,"4 Bicas/Merendiba - R. Paul Müller - Penha, Rio de Janeiro - RJ, Brazi",Sudeste,Rio de Janeiro,Rio de Janeiro,PENHA,,MORRO DA MERENDIBA (COMPLEXO DA PENHA),-22.8462421000,-43.2796292000,"28/09/2018, 04:52:00",false,false,,Não identificado,,,false,0,0,0,0,0,0,0,0,0,0,0,0,0,0
19943,"Metral - Vila Kennedy - Bangu, Rio de Janeiro - RJ, 21850-007, Brasil",Sudeste,Rio de Janeiro,Rio de Janeiro,VILA KENNEDY,,VILA KENNEDY,-22.8604006000,-43.4884116000,"28/09/2018, 05:43:00",false,false,,Não identificado,,,false,0,0,0,0,0,0,0,0,0,0,0,0,0,0
19952,"Morro da Coroa - Catumbi, Rio de Janeiro - RJ, Brasil",Sudeste,Rio de Janeiro,Rio de Janeiro,CATUMBI,,MORRO DA COROA,-22.9198664000,-43.1977170000,"28/09/2018, 07:45:00",false,false,,Não identificado,,,false,0,0,0,0,0,0,0,0,0,0,0,0,0,0
19955,"R. Gáspar Viana - Eng. Leal, Rio de Janeiro - RJ, Brasil",Sudeste,Rio de Janeiro,Rio de Janeiro,ENGENHEIRO LEAL,,,-22.8767732000,-43.3219496000,"28/09/2018, 09:15:00",false,false,,Não identificado,,,false,0,0,0,0,0,0,0,0,0,0,0,0,0,0
19959,"Morro Nova Divinéia - R. Eng. Morsing, 228 - Grajau, Rio de Janeiro - RJ, 20561-220, Brasil",Sudeste,Rio de Janeiro,Rio de Janeiro,GRAJAU,,NOVA DIVINEIA,-22.9301810000,-43.2639842000,"28/09/2018, 10:39:00",false,false,,Não identificado,,,false,0,0,0,0,0,0,0,0,0,0,0,0,0,0
19972,"R. Primeiro de Março - Centro, Rio de Janeiro - RJ, Brasil",Sudeste,Rio de Janeiro,Rio de Janeiro,CENTRO,,,-22.9013187000,-43.1764795000,"28/09/2018, 12:00:00",false,false,,Tentativa/Roubo,,,false,0,1,0,0,0,0,0,0,0,0,0,0,0,0
19964,"Pele a Pele, Vidigal, Rio de Janeiro - RJ, Brasil",Sudeste,Rio de Janeiro,Rio de Janeiro,VIDIGAL,,VIDIGAL,-22.9939022000,-43.2358343000,"28/09/2018, 12:28:00",true,true,N�o identificado,Ação policial,,,false,0,0,0,1,0,0,0,0,0,0,0,0,0,0
19965,"Estr. dos Teixeiras - Taquara, Rio de Janeiro - RJ, Brasil",Sudeste,Rio de Janeiro,Rio de Janeiro,TAQUARA,,TEIXEIRAS,-22.9133843000,-43.4156717000,"28/09/2018, 12:33:00",false,false,,Não identificado,,,false,0,0,0,0,0,0,0,0,0,0,0,0,0,0
19967,"R. Evanildo Alves - Maré, Rio de Janeiro - RJ, 21030-040, Brasil",Sudeste,Rio de Janeiro,Rio de Janeiro,MARE,,NOVA HOLANDA (COMPLEXO DA MARE),-22.8585909000,-43.2428092000,"28/09/2018, 13:12:00",false,false,,Não identificado,,,false,0,0,0,0,0,0,0,0,0,0,0,0,0,0
19968,"R. Ary Villar - Pavuna, Rio de Janeiro - RJ, 21520-860, Brasil",Sudeste,Rio de Janeiro,Rio de Janeiro,PAVUNA,,CONJUNTO TOM JOBIM (COMPLEXO DA PEDREIRA),-22.8165002000,-43.3622199000,"28/09/2018, 16:09:00",false,false,,Não identificado,,,false,0,0,0,0,0,0,0,0,0,0,0,0,0,0
19970,"Bateau Mouche, Praça Seca, Rio de Janeiro - RJ, 22733-000, Brasil",Sudeste,Rio de Janeiro,Rio de Janeiro,PRACA SECA,,FAVELA BATEAU MOUCHE,-22.9074857000,-43.3544024000,"28/09/2018, 16:53:00",false,false,,Não identificado,,,false,0,0,0,0,0,0,0,0,0,0,0,0,0,0
20000,"R. Ápia - Vila da Penha, Rio de Janeiro - RJ, 21221-250, Brasil",Sudeste,Rio de Janeiro,Rio de Janeiro,VILA DA PENHA,,,-22.8424608000,-43.3031615000,"28/09/2018, 17:00:00",false,false,,Tentativa/Roubo,,,false,0,1,0,0,0,0,0,0,0,0,0,0,0,0
19971,"Estr. do Quitungo, Rio de Janeiro - RJ, 21215-562, Brasil",Sudeste,Rio de Janeiro,Rio de Janeiro,BRAS DE PINA,,QUITUNGO-GUAPORE,-22.8319059000,-43.3022090000,"28/09/2018, 17:02:00",false,false,,Não identificado,,,false,0,0,0,0,0,0,0,0,0,0,0,0,0,0
19973,"Marco Sete , Senador Camará, Rio de Janeiro - RJ, 21810-007, Brasil",Sudeste,Rio de Janeiro,Rio de Janeiro,SENADOR CAMARA,,,-22.8835295000,-43.4917307000,"28/09/2018, 17:59:00",false,false,,Não identificado,,,false,0,0,0,0,0,0,0,0,0,0,0,0,0,0
19980,"Inhauma, Rio de Janeiro - RJ, Brasil",Sudeste,Rio de Janeiro,Rio de Janeiro,INHAUMA,,,-22.8733790000,-43.2817621000,"28/09/2018, 18:27:00",false,false,,Não identificado,,,false,0,0,0,0,0,0,0,0,0,0,0,0,0,0
19981,"Guadalupe, Rio de Janeiro - RJ, Brasil",Sudeste,Rio de Janeiro,Rio de Janeiro,GUADALUPE,,,-22.8401095000,-43.3780741000,"28/09/2018, 18:39:00",false,false,,Não identificado,,,false,0,0,0,0,0,0,0,0,0,0,0,0,0,0
19975,"Divisa, Maré, Rio de Janeiro - RJ, Brasil",Sudeste,Rio de Janeiro,Rio de Janeiro,MARE,,BAIXA DO SAPATEIRO (COMPLEXO DA MARE),-22.8574971000,-43.2430137000,"28/09/2018, 18:49:00",false,false,,Não identificado,,,false,0,0,0,0,0,0,0,0,0,0,0,0,0,0
19990,"Maré, Rio de Janeiro - RJ, Brasil",Sudeste,Rio de Janeiro,Rio de Janeiro,MARE,,COMPLEXO DA MARE,-22.8574971000,-43.2430137000,"28/09/2018, 19:10:00",false,false,,Não identificado,,,false,0,0,0,0,0,0,0,0,0,0,0,0,0,0
19978,"Morro do Andaraí,  Andarai, Rio de Janeiro - RJ, 20541-210, Brasil",Sudeste,Rio de Janeiro,Rio de Janeiro,ANDARAI,,MORRO DO ANDARAI,-22.9336972000,-43.2577943000,"28/09/2018, 19:12:00",false,false,,Não identificado,,,false,0,0,0,0,0,0,0,0,0,0,0,0,0,0
19986,"Rio das Pedras,  Jacarepagua, Rio de Janeiro - RJ, 22723-730, Brasil",Sudeste,Rio de Janeiro,Rio de Janeiro,JACAREPAGUA,,RIO DAS PEDRAS,-22.9733322000,-43.3330978000,"28/09/2018, 19:34:00",false,false,,Não identificado,,,false,0,0,0,0,0,0,0,0,0,0,0,0,0,0
19988,"Maracanã, Rio de Janeiro - RJ, Brasil",Sudeste,Rio de Janeiro,Rio de Janeiro,MARACANA,,,-22.9127036000,-43.2261662000,"28/09/2018, 19:56:00",false,false,,Não identificado,,,false,0,0,0,0,0,0,0,0,0,0,0,0,0,0
19998,"R. Projetada, 168 - Benfica, Rio de Janeiro - RJ, 20920-000, Brasil",Sudeste,Rio de Janeiro,Rio de Janeiro,BENFICA,,PARQUE ARARA,-22.8875015000,-43.2350450000,"29/09/2018, 04:25:00",false,false,,Não identificado,,,false,0,0,0,0,0,0,0,0,0,0,0,0,0,0
20007,"Ladeira dos Tabajaras, Rio de Janeiro - RJ, 22031-112, Brasil",Sudeste,Rio de Janeiro,Rio de Janeiro,COPACABANA,,LADEIRA DOS TABAJARAS,-22.9641669000,-43.1898623000,"29/09/2018, 12:21:00",false,false,,Não identificado,,,false,0,0,0,0,0,0,0,0,0,0,0,0,0,0
20008,"R. Coração de Maria - Meier, Rio de Janeiro - RJ, 20775-050, Brasil",Sudeste,Rio de Janeiro,Rio de Janeiro,MEIER,,,-22.8952834000,-43.2774127000,"29/09/2018, 12:40:00",true,true,PM,Ação policial,,,false,0,3,0,0,0,0,0,0,0,0,0,0,0,0
20011,"R. Cirne Maia, Rio de Janeiro - RJ, 20771-410, Brasil",Sudeste,Rio de Janeiro,Rio de Janeiro,CACHAMBI,,,-22.8920025000,-43.2797248000,"29/09/2018, 16:48:00",false,false,,Não identificado,,,false,0,0,0,0,0,0,0,0,0,0,0,0,0,0
20016,"Rua Edgard Werneck - Cidade de Deus, Rio de Janeiro - RJ, Brasil",Sudeste,Rio de Janeiro,Rio de Janeiro,CIDADE DE DEUS,,CIDADE DE DEUS,-22.9454135000,-43.3575933000,"29/09/2018, 18:21:00",true,true,PM,Ação policial,,,false,0,0,0,0,0,0,0,0,0,0,0,0,0,0
20029,"R. João Vicente - Oswaldo Cruz, Rio de Janeiro - RJ, Brasil",Sudeste,Rio de Janeiro,Rio de Janeiro,OSVALDO CRUZ,,,-22.8695180000,-43.3501621000,"29/09/2018, 19:20:00",false,true,,Homicidio/Tentativa,,,false,0,0,1,0,0,0,0,0,0,0,0,0,0,0
20026,"Cachambi, Rio de Janeiro - RJ, Brasil",Sudeste,Rio de Janeiro,Rio de Janeiro,CACHAMBI,,,-22.8899874000,-43.2736259000,"29/09/2018, 20:01:00",false,false,,Não identificado,,,false,0,0,0,0,0,0,0,0,0,0,0,0,0,0
20025,"Morro da Formiga, Tijuca, Rio de Janeiro - RJ, 20530-100, Brasil",Sudeste,Rio de Janeiro,Rio de Janeiro,TIJUCA,,MORRO DA FORMIGA,-22.9411350000,-43.2427420000,"29/09/2018, 20:12:00",false,false,,Não identificado,,,false,0,0,0,0,0,0,0,0,0,0,0,0,0,0
20028,"Cidade de Deus, Rio de Janeiro - RJ, Brasil",Sudeste,Rio de Janeiro,Rio de Janeiro,CIDADE DE DEUS,,CIDADE DE DEUS,-22.9481688000,-43.3626721000,"29/09/2018, 20:17:00",false,false,,Não identificado,,,false,0,0,0,0,0,0,0,0,0,0,0,0,0,0
20034,"Morro São João  - Engenho Novo, Rio de Janeiro - RJ, 20715-030, Brasil",Sudeste,Rio de Janeiro,Rio de Janeiro,ENGENHO NOVO,,MORRO SAO JOAO,-22.9112769000,-43.2656210000,"30/09/2018, 15:16:00",false,false,,Disputa,,,false,0,0,0,0,0,0,0,0,0,0,0,0,0,0
20037,"Morro dos Macacos - Sampaio, Rio de Janeiro - RJ, Brasil",Sudeste,Rio de Janeiro,Rio de Janeiro,SAMPAIO,,MORRO DOS MACACOS,-22.9100000000,-43.2575000000,"30/09/2018, 16:14:00",false,false,,Disputa,,,false,0,0,0,0,0,0,0,0,0,0,0,0,0,0
20038,"Morro São João, Engenho Novo, Rio de Janeiro - RJ, 20950-360, Brasil",Sudeste,Rio de Janeiro,Rio de Janeiro,ENGENHO NOVO,,MORRO SAO JOAO,-22.9091920000,-43.2671820000,"30/09/2018, 16:27:00",false,false,,Não identificado,,,false,0,0,0,0,0,0,0,0,0,0,0,0,0,0
20039,"Metral, Vila Kennedy - Bangu, Rio de Janeiro - RJ, 21850-007, Brasil",Sudeste,Rio de Janeiro,Rio de Janeiro,VILA KENNEDY,,VILA KENNEDY,-22.8604006000,-43.4884116000,"30/09/2018, 17:03:00",false,false,,Não identificado,,,false,0,0,0,0,0,0,0,0,0,0,0,0,0,0
20042,"Honório Gurgel, Rio de Janeiro - RJ, Brasil",Sudeste,Rio de Janeiro,Rio de Janeiro,HONORIO GURGEL,,,-22.8453344000,-43.3558285000,"30/09/2018, 17:25:00",false,false,,Não identificado,,,false,0,0,0,0,0,0,0,0,0,0,0,0,0,0
20046,"Praça Seca, Rio de Janeiro - RJ, Brasil",Sudeste,Rio de Janeiro,Rio de Janeiro,PRACA SECA,,,-22.8969198000,-43.3516802000,"30/09/2018, 19:18:00",false,false,,Não identificado,,,false,0,0,0,0,0,0,0,0,0,0,0,0,0,0
20049,"R. Osvaldo da Silva, 28 - Bangu, Rio de Janeiro - RJ, 21860-250, Brasil",Sudeste,Rio de Janeiro,Rio de Janeiro,VILA KENNEDY,,VILA KENNEDY,-22.8603829000,-43.4953748000,"30/09/2018, 20:18:00",false,false,,Não identificado,,,false,0,0,0,0,0,0,0,0,0,0,0,0,0,0
20051,"Morro São João,  Engenho Novo, Rio de Janeiro - RJ, 20715-040, Brasil",Sudeste,Rio de Janeiro,Rio de Janeiro,ENGENHO NOVO,,MORRO SAO JOAO,-22.9111000000,-43.2647900000,"30/09/2018, 20:38:00",false,false,,Não identificado,,,false,0,0,0,0,0,0,0,0,0,0,0,0,0,0
20052,"Cidade de Deus, Rio de Janeiro - RJ, Brasil",Sudeste,Rio de Janeiro,Rio de Janeiro,CIDADE DE DEUS,,CIDADE DE DEUS,-22.9481688000,-43.3626721000,"30/09/2018, 20:59:00",false,false,,Não identificado,,,false,0,0,0,0,0,0,0,0,0,0,0,0,0,0
20174,"R. Lemos Brito - Quintino Bocaiuva, Rio de Janeiro - RJ, Brasil",Sudeste,Rio de Janeiro,Rio de Janeiro,QUINTINO BOCAIUVA,,FAVELA LEMOS DE BRITO (COMPLEXO DO 18),-22.8963738000,-43.3259265000,"30/09/2018, 21:00:00",false,false,,Homicidio/Tentativa,,,false,1,0,0,0,0,0,0,0,0,0,0,0,0,0
20053,"Av. das Américas 15.700 - Recreio dos Bandeirantes, Rio de Janeiro - RJ, Brasil",Sudeste,Rio de Janeiro,Rio de Janeiro,RECREIO DOS BANDEIRANTES,,,-23.0126946000,-43.4644729000,"01/10/2018, 00:00:00",true,true,PM,Tentativa/Roubo,,,false,0,1,0,1,0,0,0,0,0,0,0,0,0,0
20056,"Praça Miami, Vila Kennedy, Bangu, Rio de Janeiro - RJ, 21852-010, Brasil",Sudeste,Rio de Janeiro,Rio de Janeiro,VILA KENNEDY,,VILA KENNEDY,-22.8561101000,-43.4923390000,"01/10/2018, 00:34:00",false,false,,Não identificado,,,false,0,0,0,0,0,0,0,0,0,0,0,0,0,0
20059,"Morro do Adeus, Complexo do Alemão, Rio de Janeiro - RJ, Brasil",Sudeste,Rio de Janeiro,Rio de Janeiro,COMPLEXO DO ALEMAO,,MORRO DO ADEUS (COMPLEXO DO ALEMAO),-22.8654866000,-43.2619815000,"01/10/2018, 03:00:00",true,true,N�o identificado,Ação policial,,,false,1,1,0,0,0,0,0,0,0,0,1,0,0,0
20057,"Nova Brasília, Complexo do Alemão, Ramos, Rio de Janeiro - RJ, 21061-610, Brasil",Sudeste,Rio de Janeiro,Rio de Janeiro,COMPLEXO DO ALEMAO,,NOVA BRASILIA (COMPLEXO DO ALEMAO),-22.8593107000,-43.2754362000,"01/10/2018, 03:21:00",true,true,N�o identificado,Ação policial,,,false,0,0,0,0,0,0,0,0,0,0,0,0,0,0
20058,"Campo do Seu Zé, Complexo do Alemão, Rio de Janeiro - RJ, Brasil",Sudeste,Rio de Janeiro,Rio de Janeiro,COMPLEXO DO ALEMAO,,FAZENDINHA (COMPLEXO DO ALEMAO),-22.8634421000,-43.2780966000,"01/10/2018, 04:24:00",true,true,N�o identificado,Ação policial,,,false,0,0,0,0,0,0,0,0,0,0,0,0,0,0
20061,"Rato Molhado, Engenho Novo, Rio de Janeiro - RJ, 20961-160, Brasil",Sudeste,Rio de Janeiro,Rio de Janeiro,SAMPAIO,,FAVELA DO RATO MOLHADO (OU DOIS DE MAIO),-22.8975831000,-43.2607548000,"01/10/2018, 07:17:00",false,false,,Não identificado,,,false,0,0,0,0,0,0,0,0,0,0,0,0,0,0
20066,"Tv. Sorrento, 33 - Bangu, Rio de Janeiro - RJ, 21853-400, Brasil",Sudeste,Rio de Janeiro,Rio de Janeiro,VILA KENNEDY,,VILA KENNEDY,-22.8497830000,-43.4939050000,"01/10/2018, 10:36:00",false,false,,Não identificado,,,false,0,0,0,0,0,0,0,0,0,0,0,0,0,0
20067,"Av. Pres. Wilson, 232 - Centro, Rio de Janeiro - RJ, 20030-000, Brasil",Sudeste,Rio de Janeiro,Rio de Janeiro,CENTRO,,,-22.9115676000,-43.1738736000,"01/10/2018, 11:21:00",false,false,,Não identificado,,,false,0,0,0,0,0,0,0,0,0,0,0,0,0,0
20065,"Estrada José Rucas, Rio de Janeiro - RJ, 21070-000, Brasil",Sudeste,Rio de Janeiro,Rio de Janeiro,OLARIA,,VILA CRUZEIRO (COMPLEXO DA PENHA),-22.8485946000,-43.2817628000,"01/10/2018, 11:30:00",false,false,,Não identificado,,,false,0,0,0,0,0,0,0,0,0,0,0,0,0,0
20079,"Favela da Palmeirinha, Honório Gurgel, RJ",Sudeste,Rio de Janeiro,Rio de Janeiro,HONORIO GURGEL,,FAVELA DA PALMEIRINHA,-22.8490126000,-43.3640456000,"01/10/2018, 12:00:00",true,true,PM,Ação policial,,,false,0,0,0,1,0,0,0,0,0,0,0,0,0,0
20071,"Costa Barros, Rio de Janeiro - RJ, Brasil",Sudeste,Rio de Janeiro,Rio de Janeiro,COSTA BARROS,,,-22.8246493000,-43.3727275000,"01/10/2018, 12:11:00",false,false,,Não identificado,,,false,0,0,0,0,0,0,0,0,0,0,0,0,0,0
20068,"Catumbi, Rio de Janeiro - RJ, Brasil",Sudeste,Rio de Janeiro,Rio de Janeiro,CATUMBI,,,-22.9198664000,-43.1977170000,"01/10/2018, 12:30:00",true,true,N�o identificado,Ação policial,,,false,0,0,0,0,0,0,0,0,0,0,0,0,0,0
20070,"Mangueira, Rio de Janeiro - RJ, Brasil",Sudeste,Rio de Janeiro,Rio de Janeiro,MANGUEIRA,,MANGUEIRA,-22.9052507000,-43.2340127000,"01/10/2018, 14:21:00",false,false,,Não identificado,,,false,0,0,0,0,0,0,0,0,0,0,0,0,0,0
20073,"Ap2, Cidade de Deus, Rio de Janeiro - RJ, Brasil",Sudeste,Rio de Janeiro,Rio de Janeiro,CIDADE DE DEUS,,CIDADE DE DEUS,-22.9481688000,-43.3626721000,"01/10/2018, 14:45:00",false,false,,Não identificado,,,false,0,0,0,0,0,0,0,0,0,0,0,0,0,0
20075,"Praça Seca, Rio de Janeiro - RJ, 22733-000, Brasil",Sudeste,Rio de Janeiro,Rio de Janeiro,PRACA SECA,,,-22.9078766000,-43.3543967000,"01/10/2018, 14:54:00",false,false,,Não identificado,,,false,0,0,0,0,0,0,0,0,0,0,0,0,0,0
20077,"Pavuna, Rio de Janeiro - RJ, 20765-630, Brasil",Sudeste,Rio de Janeiro,Rio de Janeiro,PAVUNA,,,-22.8162318000,-43.3584953000,"01/10/2018, 15:15:00",false,false,,Não identificado,,,false,0,0,0,0,0,0,0,0,0,0,0,0,0,0
20080,"Estr. do Quitungo, Rio de Janeiro - RJ, 21215-562, Brasil",Sudeste,Rio de Janeiro,Rio de Janeiro,BRAS DE PINA,,QUITUNGO-GUAPORE,-22.8319059000,-43.3022090000,"01/10/2018, 17:10:00",false,false,,Não identificado,,,false,0,0,0,0,0,0,0,0,0,0,0,0,0,0
20081,"Comunidade Kelson's,  Penha Circular, Rio de Janeiro - RJ, 21011-804, Brasil",Sudeste,Rio de Janeiro,Rio de Janeiro,PENHA CIRCULAR,,FAVELA DA KELSONS,-22.8197359000,-43.2719160000,"01/10/2018, 17:11:00",false,false,,Não identificado,,,false,0,0,0,0,0,0,0,0,0,0,0,0,0,0
20082,"Comunidade Patolinha,  Madureira, Rio de Janeiro - RJ, 21350-192, Brasil",Sudeste,Rio de Janeiro,Rio de Janeiro,MADUREIRA,,MORRO DA PATOLINHA (COMPLEXO DA SERRINHA),-22.8730960000,-43.3315950000,"01/10/2018, 18:12:00",false,false,,Não identificado,,,false,0,0,0,0,0,0,0,0,0,0,0,0,0,0
20086,"Penha Circular, Rio de Janeiro - RJ, 21210-004, Brasil",Sudeste,Rio de Janeiro,Rio de Janeiro,PENHA CIRCULAR,,,-22.8388125000,-43.2950253000,"01/10/2018, 19:07:00",false,false,,Não identificado,,,false,0,0,0,0,0,0,0,0,0,0,0,0,0,0
20087,"Estr. do Quitungo, Rio de Janeiro - RJ, 21215-562, Brasil",Sudeste,Rio de Janeiro,Rio de Janeiro,BRAS DE PINA,,QUITUNGO-GUAPORE,-22.8319059000,-43.3022090000,"01/10/2018, 20:52:00",false,false,,Não identificado,,,false,0,0,0,0,0,0,0,0,0,0,0,0,0,0
20088,"Bangu, Rio de Janeiro - RJ, Brasil",Sudeste,Rio de Janeiro,Rio de Janeiro,BANGU,,,-22.8742263000,-43.4685442000,"01/10/2018, 20:55:00",false,false,,Não identificado,,,false,0,0,0,0,0,0,0,0,0,0,0,0,0,0
20114,"Costa Barros, Rio de Janeiro - RJ, Brasil",Sudeste,Rio de Janeiro,Rio de Janeiro,COSTA BARROS,,,-22.8246493000,-43.3727275000,"01/10/2018, 21:47:00",false,false,,Não identificado,,,false,0,0,0,0,0,0,0,0,0,0,0,0,0,0
20096,"UPP Babilônia/Chapéu-Mangueira - Ladeira Ary Barroso - Leme, Rio de Janeiro, Brasil",Sudeste,Rio de Janeiro,Rio de Janeiro,LEME,,,-22.9608578000,-43.1699180000,"02/10/2018, 02:00:00",true,true,UPP (Babil�nia/Chap�u Mangueira),Ação policial,,,false,0,0,0,0,0,0,0,0,0,0,0,0,0,0
20090,"Pantanal, Cidade de Deus, Rio de Janeiro - RJ, 22763-570, Brasil",Sudeste,Rio de Janeiro,Rio de Janeiro,CIDADE DE DEUS,,CIDADE DE DEUS,-22.9485420000,-43.3545640000,"02/10/2018, 02:41:00",true,true,PM,Operação policial,,,false,2,0,0,0,0,0,0,0,0,0,0,0,0,0
20098,"Rua Tonelero, Copacabana, Rio de Janeiro - RJ, 22030-002, Brasil",Sudeste,Rio de Janeiro,Rio de Janeiro,COPACABANA,,,-22.9658894000,-43.1833988000,"02/10/2018, 05:30:00",true,true,N�o identificado,Ação policial,,Perseguição,false,0,1,0,0,0,0,0,0,0,0,0,0,0,1
20099,"R. Merendiba - Olaria, Rio de Janeiro - RJ, 21070-000, Brasil",Sudeste,Rio de Janeiro,Rio de Janeiro,OLARIA,,MORRO DA MERENDIBA (COMPLEXO DA PENHA),-22.8472161000,-43.2754407000,"02/10/2018, 06:56:00",false,false,,Não identificado,,,false,0,0,0,0,0,0,0,0,0,0,0,0,0,0
20100,"R. Nabuco de Freitas - Santo Cristo, Rio de Janeiro - RJ, Brasil",Sudeste,Rio de Janeiro,Rio de Janeiro,SANTO CRISTO,,MORRO DO PINTO,-22.9045133000,-43.2004043000,"02/10/2018, 07:44:00",false,false,,Não identificado,,,false,0,0,0,0,0,0,0,0,0,0,0,0,0,0
20105,"Covanca - Tanque, Rio de Janeiro - RJ, 22735-020, Brasil",Sudeste,Rio de Janeiro,Rio de Janeiro,TANQUE,,MORRO DA COVANCA,-22.9149805000,-43.3483647000,"02/10/2018, 15:40:00",false,false,,Não identificado,,,false,0,0,0,0,0,0,0,0,0,0,0,0,0,0
20107,"R. Vinte e Quatro de Maio - Rocha, Rio de Janeiro - RJ, Brasil",Sudeste,Rio de Janeiro,Rio de Janeiro,ROCHA,,,-22.9013060000,-43.2500518000,"02/10/2018, 16:15:00",false,false,,Não identificado,,,false,0,0,0,0,0,0,0,0,0,0,0,0,0,0
20109,"Morro Tavares Bastos - Catete, Rio de Janeiro - RJ, 22211-200, Brasil",Sudeste,Rio de Janeiro,Rio de Janeiro,CATETE,,TAVARES BASTOS,-22.9277180000,-43.1837610000,"02/10/2018, 16:20:00",false,false,,Homicidio/Tentativa,,Feminicídio/tentativa,false,0,1,0,0,0,0,0,0,0,0,0,0,0,0
20111,"Parque União - Maré, Rio de Janeiro - RJ, 21044-000, Brasil",Sudeste,Rio de Janeiro,Rio de Janeiro,MARE,,PARQUE UNIAO (COMPLEXO DA MARE),-22.8527300000,-43.2462960000,"02/10/2018, 18:36:00",false,false,,Não identificado,,,false,0,0,0,0,0,0,0,0,0,0,0,0,0,0
20110,"Divisa, Morro dos Macacos e Morro São João, Engenho Novo, Rio de Janeiro - RJ, 20715-130, Brasil",Sudeste,Rio de Janeiro,Rio de Janeiro,ENGENHO NOVO,,MORRO SAO JOAO,-22.9140650000,-43.2622506000,"02/10/2018, 18:52:00",false,false,,Disputa,,,false,0,0,0,0,0,0,0,0,0,0,0,0,0,0
20113,"R. Congo, Vila Kennedy, Bangu, Rio de Janeiro - RJ, 21852-580, Brasil",Sudeste,Rio de Janeiro,Rio de Janeiro,VILA KENNEDY,,VILA KENNEDY,-22.8621273000,-43.4906937000,"02/10/2018, 20:45:00",false,false,,Não identificado,,,false,0,0,0,0,0,0,0,0,0,0,0,0,0,0
20155,"Manilha - Vila Kennedy - Bangu, Rio de Janeiro - RJ, 21850-007, Brasil",Sudeste,Rio de Janeiro,Rio de Janeiro,VILA KENNEDY,,VILA KENNEDY,-22.8604006000,-43.4884116000,"03/10/2018, 01:52:00",false,false,,Não identificado,,,false,0,0,0,0,0,0,0,0,0,0,0,0,0,0
20123,"Morro dos Macacos, Vila Isabel, Rio de Janeiro - RJ, 20560-060, Brasil",Sudeste,Rio de Janeiro,Rio de Janeiro,SAMPAIO,,MORRO DOS MACACOS,-22.9100000000,-43.2575000000,"03/10/2018, 01:58:00",true,true,PM,Operação policial,,,false,0,1,0,0,0,0,0,0,0,0,0,0,0,0
20126,"Morro dos Macacos, Vila Isabel, Rio de Janeiro - RJ, 20560-060, Brasil",Sudeste,Rio de Janeiro,Rio de Janeiro,SAMPAIO,,MORRO DOS MACACOS,-22.9100000000,-43.2575000000,"03/10/2018, 03:17:00",true,true,N�o identificado,Ação policial,,,false,0,0,0,0,0,0,0,0,0,0,0,0,0,0
20124,"Metral, Vila Kennedy, Bangu, Rio de Janeiro - RJ, 21853-614, Brasil",Sudeste,Rio de Janeiro,Rio de Janeiro,VILA KENNEDY,,VILA KENNEDY,-22.8548210000,-43.4968050000,"03/10/2018, 03:22:00",false,false,,Não identificado,,,false,0,0,0,0,0,0,0,0,0,0,0,0,0,0
20125,"Ladeira dos Tabajaras, Rio de Janeiro - RJ, 22031-112, Brasil",Sudeste,Rio de Janeiro,Rio de Janeiro,COPACABANA,,LADEIRA DOS TABAJARAS,-22.9641669000,-43.1898623000,"03/10/2018, 03:34:00",true,true,N�o identificado,Ação policial,,,false,0,0,0,0,0,0,0,0,0,0,0,0,0,0
20131,"Vidigal, Rio de Janeiro - RJ, Brasil",Sudeste,Rio de Janeiro,Rio de Janeiro,VIDIGAL,,VIDIGAL,-22.9939022000,-43.2358343000,"03/10/2018, 03:54:00",true,true,PM,Operação policial,,,false,0,0,0,0,0,0,0,0,0,0,0,0,0,0
20129,"Santa Marta, Botafogo, Rio de Janeiro - RJ, 22260-140, Brasil",Sudeste,Rio de Janeiro,Rio de Janeiro,BOTAFOGO,,SANTA MARTA,-22.9477037000,-43.1941470000,"03/10/2018, 07:33:00",false,false,,Não identificado,,,false,0,0,0,0,0,0,0,0,0,0,0,0,0,0
20130,"R. Congo - Bangu, Rio de Janeiro - RJ, 21852-580, Brasil",Sudeste,Rio de Janeiro,Rio de Janeiro,VILA KENNEDY,,VILA KENNEDY,-22.8621273000,-43.4906937000,"03/10/2018, 07:46:00",false,false,,Não identificado,,,false,0,0,0,0,0,0,0,0,0,0,0,0,0,0
20132,"Morro do Borel  - Tijuca, Rio de Janeiro - RJ, 20530-001, Brasil",Sudeste,Rio de Janeiro,Rio de Janeiro,TIJUCA,,MORRO DO BOREL,-22.9393930000,-43.2518891000,"03/10/2018, 08:13:00",false,false,,Não identificado,,,false,0,0,0,0,0,0,0,0,0,0,0,0,0,0
20135,"Morro do Borel - Tijuca, Rio de Janeiro - RJ, Brasil",Sudeste,Rio de Janeiro,Rio de Janeiro,TIJUCA,,MORRO DO BOREL,-22.9394494000,-43.2515352000,"03/10/2018, 11:09:00",false,false,,Não identificado,,,false,0,0,0,0,0,0,0,0,0,0,0,0,0,0
20137,"Village - Pavuna, Rio de Janeiro - RJ, 21655-180, Brasil",Sudeste,Rio de Janeiro,Rio de Janeiro,PAVUNA,,CONJUNTO RESIDENCIAL VILLAGE PAVUNA,-22.8153620000,-43.3808670000,"03/10/2018, 13:10:00",false,false,,Não identificado,,,false,0,0,0,0,0,0,0,0,0,0,0,0,0,0
20138,"Rua A - Rio Comprido, Rio de Janeiro - RJ, Brasil",Sudeste,Rio de Janeiro,Rio de Janeiro,RIO COMPRIDO,,VILA ANCHIETA,-22.9300988000,-43.2060822000,"03/10/2018, 13:14:00",false,false,,Não identificado,,,false,0,0,0,0,0,0,0,0,0,0,0,0,0,0
20140,"R. Congo, Vila Kennedy, Rio de Janeiro - RJ, 21852-580, Brasil",Sudeste,Rio de Janeiro,Rio de Janeiro,VILA KENNEDY,,VILA KENNEDY,-22.8621150000,-43.4908550000,"03/10/2018, 13:54:00",false,false,,Não identificado,,,false,0,0,0,0,0,0,0,0,0,0,0,0,0,0
20139,"R. Dr. Roberto Goncalves Lima, 29 - Rio Comprido, Rio de Janeiro - RJ, 20261-008, Brasil",Sudeste,Rio de Janeiro,Rio de Janeiro,RIO COMPRIDO,,VILA ANCHIETA,-22.9289330000,-43.2042610000,"03/10/2018, 14:00:00",false,false,,Não identificado,,,false,0,0,0,0,0,0,0,0,0,0,0,0,0,0
20144,"R. das Rosas - Vila Valqueire, Rio de Janeiro - RJ, 21330-680, Brasil",Sudeste,Rio de Janeiro,Rio de Janeiro,VILA VALQUEIRE,,,-22.8851448000,-43.3633526000,"03/10/2018, 16:24:00",false,false,,Não identificado,,,false,0,1,0,0,0,0,0,0,0,0,0,0,0,0
20141,"Estr. do Camboatá - Costa Barros, Rio de Janeiro - RJ, 21650-100, Brasil",Sudeste,Rio de Janeiro,Rio de Janeiro,COSTA BARROS,,FAVELA DA MANHAMA (COMPLEXO DO CHAPADAO),-22.8263456000,-43.3727588000,"03/10/2018, 17:25:00",false,false,,Não identificado,,,false,0,0,0,0,0,0,0,0,0,0,0,0,0,0
20143,"R. Esteves Júnior, Praça São Salvador  - Laranjeiras, Rio de Janeiro - RJ, 22231-160, Brasil",Sudeste,Rio de Janeiro,Rio de Janeiro,LARANJEIRAS,,,-22.9336320000,-43.1801098000,"03/10/2018, 18:06:00",false,false,,Briga,,,false,0,0,0,0,0,0,0,0,0,0,0,0,0,0
20149,"Rua Turi - Pilares, Rio de Janeiro - RJ, 20750-000, Brasil",Sudeste,Rio de Janeiro,Rio de Janeiro,PILARES,,,-22.8812374000,-43.2916017000,"03/10/2018, 20:00:00",false,false,,Homicidio/Tentativa,,,false,1,0,0,0,0,0,0,0,0,0,0,0,0,0
20148,"Malvina, Vila Kennedy, Rio de Janeiro - RJ, 21850-020, Brasil",Sudeste,Rio de Janeiro,Rio de Janeiro,VILA KENNEDY,,VILA KENNEDY,-22.8604006000,-43.4884116000,"03/10/2018, 20:35:00",false,false,,Não identificado,,,false,0,0,0,0,0,0,0,0,0,0,0,0,0,0
20151,"Bateau Mouche, Praça Seca, Rio de Janeiro - RJ, 22733-000, Brasil",Sudeste,Rio de Janeiro,Rio de Janeiro,PRACA SECA,,FAVELA BATEAU MOUCHE,-22.9048084000,-43.3550791000,"04/10/2018, 02:26:00",true,true,N�o identificado,Operação policial,,,false,0,0,0,0,0,0,0,0,0,0,0,0,0,0
20156,"Merendiba, Vila Cruzeiro, Complexo da Penha, Rio de Janeiro - RJ, 21070-000, Brasil",Sudeste,Rio de Janeiro,Rio de Janeiro,OLARIA,,MORRO DA MERENDIBA (COMPLEXO DA PENHA),-22.8472161000,-43.2754407000,"04/10/2018, 03:23:00",false,false,,Não identificado,,,false,0,0,0,0,0,0,0,0,0,0,0,0,0,0
20160,"Morro do Juramento - Vicente de Carvalho, Rio de Janeiro - RJ, Brasil",Sudeste,Rio de Janeiro,Rio de Janeiro,VICENTE DE CARVALHO,,MORRO DO JURAMENTO (COMPLEXO DO JURAMENTO),-22.8627778000,-43.3152778000,"04/10/2018, 03:46:00",false,false,,Não identificado,,,false,0,0,0,0,0,0,0,0,0,0,0,0,0,0
20157,"Morro do Salgueiro, Tijuca, Rio de Janeiro - RJ, 20521-330, Brasil",Sudeste,Rio de Janeiro,Rio de Janeiro,TIJUCA,,MORRO DO SALGUEIRO,-22.9295263000,-43.2262719000,"04/10/2018, 03:50:00",false,false,,Não identificado,,,false,0,0,0,0,0,0,0,0,0,0,0,0,0,0
20161,"Merendiba, Vila Cruzeiro, Complexo da Penha, Rio de Janeiro - RJ, 21070-000, Brasil",Sudeste,Rio de Janeiro,Rio de Janeiro,OLARIA,,MORRO DA MERENDIBA (COMPLEXO DA PENHA),-22.8472161000,-43.2754407000,"04/10/2018, 05:19:00",false,false,,Não identificado,,,false,0,1,0,0,0,0,0,0,0,1,0,0,0,0
20165,"Morro Santa Marta - Botafogo, Rio de Janeiro - RJ, 22260-140, Brasil",Sudeste,Rio de Janeiro,Rio de Janeiro,BOTAFOGO,,SANTA MARTA,-22.9483710000,-43.1935330000,"04/10/2018, 07:15:00",false,false,,Não identificado,,,false,0,0,0,0,0,0,0,0,0,0,0,0,0,0
20168,"Morro do Adeus - Complexo do Alemão, Rio de Janeiro - RJ, 21050-144, Brasil",Sudeste,Rio de Janeiro,Rio de Janeiro,COMPLEXO DO ALEMAO,,MORRO DO ADEUS (COMPLEXO DO ALEMAO),-22.8649615000,-43.2611910000,"04/10/2018, 14:20:00",false,false,,Não identificado,,,false,0,0,0,0,0,0,0,0,0,0,0,0,0,0
20171,"Av. dos Italianos, 1400 - Jorge Turco, Coelho Neto, Rio de Janeiro - RJ, 21510-104, Brasil",Sudeste,Rio de Janeiro,Rio de Janeiro,COELHO NETO,,MORRO JORGE TURCO,-22.8328193000,-43.3463321000,"04/10/2018, 16:45:00",true,true,N�o identificado,Ação policial,,Perseguição,false,0,1,0,0,0,0,0,0,0,0,0,0,0,0
20170,"Bateou Mouche,  Praça Seca, Rio de Janeiro - RJ, 22733-000, Brasil",Sudeste,Rio de Janeiro,Rio de Janeiro,PRACA SECA,,FAVELA BATEAU MOUCHE,-22.9077646000,-43.3542083000,"04/10/2018, 16:47:00",true,true,PM,Operação policial,,,false,0,0,0,0,0,0,0,0,0,0,0,0,0,0
20172,"Morro da Formiga,  Tijuca, Rio de Janeiro - RJ, 20530-100, Brasil",Sudeste,Rio de Janeiro,Rio de Janeiro,TIJUCA,,MORRO DA FORMIGA,-22.9411350000,-43.2427420000,"04/10/2018, 17:29:00",false,false,,Não identificado,,,false,0,0,0,0,0,0,0,0,0,0,0,0,0,0
20173,"Bateau Mouche,  Praça Seca, Rio de Janeiro - RJ, 22733-000, Brasil",Sudeste,Rio de Janeiro,Rio de Janeiro,PRACA SECA,,FAVELA BATEAU MOUCHE,-22.9077646000,-43.3542083000,"04/10/2018, 17:32:00",false,false,,Não identificado,,,false,0,0,0,0,0,0,0,0,0,0,0,0,0,0
20177,"Irajá, Rio de Janeiro - RJ, Brasil",Sudeste,Rio de Janeiro,Rio de Janeiro,IRAJA,,,-22.8387571000,-43.3241817000,"04/10/2018, 18:41:00",false,false,,Não identificado,,,false,0,0,0,0,0,0,0,0,0,0,0,0,0,0
20184,"R. Nilópolis - Realengo, Rio de Janeiro - RJ, Brasil",Sudeste,Rio de Janeiro,Rio de Janeiro,REALENGO,,,-22.8647392000,-43.4422434000,"04/10/2018, 19:00:00",true,true,N�o identificado,Tentativa/Roubo,,Perseguição,false,0,0,0,0,0,0,0,0,0,0,0,0,0,0
20176,"Estr. do Quafa, Santíssimo, Rio de Janeiro - RJ, Brasil",Sudeste,Rio de Janeiro,Rio de Janeiro,SANTISSIMO,,,-22.8638473000,-43.5090269000,"04/10/2018, 19:14:00",false,false,,Não identificado,,,false,0,0,0,0,0,0,0,0,0,0,0,0,0,0
20178,"Engenho Novo, Rio de Janeiro - RJ, Brasil",Sudeste,Rio de Janeiro,Rio de Janeiro,ENGENHO NOVO,,,-22.9027463000,-43.2684052000,"04/10/2018, 19:23:00",false,false,,Não identificado,,,false,0,0,0,0,0,0,0,0,0,0,0,0,0,0
20182,"Penha, Rio de Janeiro - RJ, Brasil",Sudeste,Rio de Janeiro,Rio de Janeiro,PENHA,,,-22.8308535000,-43.2698184000,"04/10/2018, 19:57:00",false,false,,Não identificado,,,false,0,0,0,0,0,0,0,0,0,0,0,0,0,0
20180,"Rua Itapera próximo ao 516-542 - Irajá, Rio de Janeiro - RJ, 21230-430, Brasil",Sudeste,Rio de Janeiro,Rio de Janeiro,IRAJA,,,-22.8230681000,-43.3201824000,"04/10/2018, 20:02:00",false,false,,Não identificado,,,false,0,0,0,0,0,0,0,0,0,0,0,0,0,0
20183,"Guadalupe, Rio de Janeiro - RJ, Brasil",Sudeste,Rio de Janeiro,Rio de Janeiro,GUADALUPE,,,-22.8401095000,-43.3780741000,"04/10/2018, 20:19:00",false,false,,Não identificado,,,false,0,0,0,0,0,0,0,0,0,0,0,0,0,0
20186,"Centro, Rio de Janeiro - RJ, Brasil",Sudeste,Rio de Janeiro,Rio de Janeiro,CENTRO,,,-22.9070828000,-43.1819148000,"04/10/2018, 20:34:00",false,false,,Não identificado,,,false,0,0,0,0,0,0,0,0,0,0,0,0,0,0
20187,"Cidade de Deus, Rio de Janeiro - RJ, Brasil",Sudeste,Rio de Janeiro,Rio de Janeiro,CIDADE DE DEUS,,CIDADE DE DEUS,-22.9481688000,-43.3626721000,"04/10/2018, 20:42:00",false,false,,Não identificado,,,false,0,0,0,0,0,0,0,0,0,0,0,0,0,0
20185,"Cinco Bocas, Cordovil, Rio de Janeiro - RJ, 21863-790, Brasil",Sudeste,Rio de Janeiro,Rio de Janeiro,CORDOVIL,,FAVELA 5 BOCAS (COMPLEXO DE ISRAEL),-22.8216287000,-43.2857719000,"04/10/2018, 20:47:00",false,false,,Não identificado,,,false,0,0,0,0,0,0,0,0,0,0,0,0,0,0
20189,"Bangu, Rio de Janeiro - RJ, Brasil",Sudeste,Rio de Janeiro,Rio de Janeiro,BANGU,,,-22.8742263000,-43.4685442000,"04/10/2018, 20:57:00",false,false,,Não identificado,,,false,0,0,0,0,0,0,0,0,0,0,0,0,0,0
20190,"Vila da Penha, Rio de Janeiro - RJ, Brasil",Sudeste,Rio de Janeiro,Rio de Janeiro,VILA DA PENHA,,,-22.8440802000,-43.3094623000,"04/10/2018, 20:59:00",false,false,,Não identificado,,,false,0,0,0,0,0,0,0,0,0,0,0,0,0,0
20200,"Complexo do Alemão, Rio de Janeiro - RJ, 20766-720, Brasil",Sudeste,Rio de Janeiro,Rio de Janeiro,COMPLEXO DO ALEMAO,,FAZENDINHA (COMPLEXO DO ALEMAO),-22.8674616000,-43.2850847000,"05/10/2018, 04:20:00",true,true,PM,Ação policial,,,false,0,1,0,0,0,0,0,0,0,0,0,0,0,0
20197,"Alvorada - Complexo do Alemão, Rio de Janeiro - RJ, 21061-180, Brasil",Sudeste,Rio de Janeiro,Rio de Janeiro,COMPLEXO DO ALEMAO,,ALVORADA (COMPLEXO DO ALEMAO),-22.8623109000,-43.2795406000,"05/10/2018, 04:20:00",true,true,N�o identificado,Ação policial,,,false,0,0,0,0,0,0,0,0,0,0,0,0,0,0
20199,"R. Dois e Areal - Complexo do Alemão, Rio de Janeiro - RJ, Brasil",Sudeste,Rio de Janeiro,Rio de Janeiro,COMPLEXO DO ALEMAO,,GROTA (COMPLEXO DO ALEMAO),-22.8612593000,-43.2758573000,"05/10/2018, 05:53:00",true,true,N�o identificado,Ação policial,,,false,0,0,0,0,0,0,0,0,0,0,0,0,0,0
20203,"R. Congo - Vila Kennedy, Rio de Janeiro - RJ, 21852-580, Brasil",Sudeste,Rio de Janeiro,Rio de Janeiro,VILA KENNEDY,,VILA KENNEDY,-22.8621273000,-43.4906937000,"05/10/2018, 09:17:00",false,false,,Não identificado,,,false,0,0,0,0,0,0,0,0,0,0,0,0,0,0
20214,"R. Guaporé - Bráz De Pina, Rio de Janeiro - RJ, 21215-100, Brasil",Sudeste,Rio de Janeiro,Rio de Janeiro,BRAS DE PINA,,QUITUNGO-GUAPORE,-22.8338776000,-43.2914179000,"05/10/2018, 13:00:00",false,false,,Disputa,,,false,1,0,0,0,0,0,0,0,0,0,0,0,0,0
20206,"Estr. da Alvorada - Complexo do Alemão, Rio de Janeiro - RJ, Brasil",Sudeste,Rio de Janeiro,Rio de Janeiro,COMPLEXO DO ALEMAO,,ALVORADA (COMPLEXO DO ALEMAO),-22.8623109000,-43.2795406000,"05/10/2018, 14:53:00",true,true,N�o identificado,Ação policial,,,false,0,1,0,0,0,0,0,0,0,0,0,0,0,1
20210,"Rato Molhado - Engenho Novo, Rio de Janeiro - RJ, 20961-160, Brasil",Sudeste,Rio de Janeiro,Rio de Janeiro,ENGENHO NOVO,,FAVELA DO RATO MOLHADO (OU DOIS DE MAIO),-22.8980747000,-43.2634588000,"05/10/2018, 17:40:00",false,false,,Não identificado,,,false,0,0,0,0,0,0,0,0,0,0,0,0,0,0
20219,"Bairro Adriana, Campo Grande, Rio de Janeiro - RJ, 23088-280, Brasil",Sudeste,Rio de Janeiro,Rio de Janeiro,CAMPO GRANDE,,,-22.8855790000,-43.5479820000,"05/10/2018, 19:47:00",false,false,,Não identificado,,,false,0,0,0,0,0,0,0,0,0,0,0,0,0,0
20220,"Pavuna, Rio de Janeiro - RJ, 20765-630, Brasil",Sudeste,Rio de Janeiro,Rio de Janeiro,PAVUNA,,,-22.8162318000,-43.3584953000,"05/10/2018, 20:17:00",false,false,,Não identificado,,,false,0,0,0,0,0,0,0,0,0,0,0,0,0,0
20228,"Morro dos Macacos - Sampaio, Rio de Janeiro - RJ, Brasil",Sudeste,Rio de Janeiro,Rio de Janeiro,SAMPAIO,,MORRO DOS MACACOS,-22.9100000000,-43.2575000000,"05/10/2018, 22:43:00",false,false,,Não identificado,,,false,0,0,0,0,0,0,0,0,0,0,0,0,0,0
20229,"Vila Cruzeiro, Complexo da Penha - Rio de Janeiro - RJ, 21070-000, Brasil",Sudeste,Rio de Janeiro,Rio de Janeiro,PENHA,,MORRO DA MERENDIBA (COMPLEXO DA PENHA),-22.8487441000,-43.2828813000,"06/10/2018, 05:00:00",false,false,,Disputa,,,false,0,0,0,0,0,0,0,0,0,0,0,0,0,0
20232,"Nova Brasília, Complexo do Alemão, Rio de Janeiro - RJ, Brasil",Sudeste,Rio de Janeiro,Rio de Janeiro,COMPLEXO DO ALEMAO,,NOVA BRASILIA (COMPLEXO DO ALEMAO),-22.8623109000,-43.2795406000,"06/10/2018, 06:09:00",true,true,BOPE,Operação policial,,,false,0,0,0,0,0,0,0,0,0,0,0,0,0,0
20235,"Morro árvore seca - Lins de Vasconcelos, Rio de Janeiro - RJ, 20715-430, Brasil",Sudeste,Rio de Janeiro,Rio de Janeiro,LINS DE VASCONCELOS,,ARVORE SECA (COMPLEXO DO LINS),-22.9152740000,-43.2787500000,"06/10/2018, 06:30:00",false,false,,Não identificado,,,false,0,0,0,0,0,0,0,0,0,0,0,0,0,0
20234,"15 (Quinze) - Cidade de Deus, Rio de Janeiro - RJ, Brasil",Sudeste,Rio de Janeiro,Rio de Janeiro,CIDADE DE DEUS,,CIDADE DE DEUS,-22.9481688000,-43.3626721000,"06/10/2018, 07:40:00",false,false,,Não identificado,,,false,0,0,0,0,0,0,0,0,0,0,0,0,0,0
20236,"Loteamento, Complexo do Alemão, Rio de Janeiro - RJ, Brasil",Sudeste,Rio de Janeiro,Rio de Janeiro,COMPLEXO DO ALEMAO,,LOTEAMENTO (COMPLEXO DO ALEMAO),-22.8594111000,-43.2750915000,"06/10/2018, 09:24:00",false,false,,Não identificado,,,false,0,0,0,0,0,0,0,0,0,0,0,0,0,0
20237,"Buraco do Lacerda - Jacarezinho, Rio de Janeiro - RJ, Brasil",Sudeste,Rio de Janeiro,Rio de Janeiro,JACAREZINHO,,JACAREZINHO,-22.8878937000,-43.2579366000,"06/10/2018, 10:20:00",false,false,,Não identificado,,,false,0,0,0,0,0,0,0,0,0,0,0,0,0,0
20241,"Divisa  - Maré, Rio de Janeiro - RJ, 21040-000, Brasil",Sudeste,Rio de Janeiro,Rio de Janeiro,MARE,,BAIXA DO SAPATEIRO (COMPLEXO DA MARE),-22.8574971000,-43.2430137000,"06/10/2018, 14:35:00",false,false,,Não identificado,,,false,0,0,0,0,0,0,0,0,0,0,0,0,0,0
20242,"Rio Comprido, Rio de Janeiro - RJ, Brasil",Sudeste,Rio de Janeiro,Rio de Janeiro,RIO COMPRIDO,,,-22.9252336000,-43.2053404000,"06/10/2018, 16:30:00",false,false,,Não identificado,,,false,0,0,0,0,0,0,0,0,0,0,0,0,0,0
20244,"Cidade de Deus, Rio de Janeiro - RJ, Brasil",Sudeste,Rio de Janeiro,Rio de Janeiro,CIDADE DE DEUS,,CIDADE DE DEUS,-22.9481688000,-43.3626721000,"06/10/2018, 17:44:00",false,false,,Não identificado,,,false,0,0,0,0,0,0,0,0,0,0,0,0,0,0
20246,"R. Sacadura Cabral - Pedra do Sal, Rio de Janeiro - RJ, Brasil",Sudeste,Rio de Janeiro,Rio de Janeiro,SAUDE,,MORRO DA CONCEICAO,-22.8974410000,-43.1852360000,"06/10/2018, 19:30:00",false,true,,Homicidio/Tentativa,,,false,0,0,2,0,0,0,0,0,0,0,0,0,0,0
20247,"R. Itapiru  - Catumbi Rio de Janeiro - RJ, 20251-030, Brasil",Sudeste,Rio de Janeiro,Rio de Janeiro,RIO COMPRIDO,,,-22.9220379000,-43.1971320000,"07/10/2018, 08:03:00",false,false,,Não identificado,,,false,0,0,0,0,0,0,0,0,0,0,0,0,0,0
20253,"Estr. do Colégio, Rio de Janeiro - RJ, Brasil",Sudeste,Rio de Janeiro,Rio de Janeiro,COLEGIO,,FAVELA PARA PEDRO,-22.8375117000,-43.3320701000,"07/10/2018, 11:40:00",false,false,,Tentativa/Roubo,,,false,0,1,0,0,0,0,0,0,0,1,0,0,0,0
20252,"Benfica, Rio de Janeiro - RJ, Brasil",Sudeste,Rio de Janeiro,Rio de Janeiro,BENFICA,,,-22.8926246000,-43.2397455000,"07/10/2018, 16:31:00",false,false,,Não identificado,,,false,0,0,0,0,0,0,0,0,0,0,0,0,0,0
20257,"Ilha do Governador, Rio de Janeiro - RJ, Brasil",Sudeste,Rio de Janeiro,Rio de Janeiro,NI,,,-22.8052385000,-43.2086085000,"07/10/2018, 17:27:00",false,false,,Não identificado,,,false,0,0,0,0,0,0,0,0,0,0,0,0,0,0
20254,"R. Paissandu, 272 - Flamengo, Rio de Janeiro - RJ, 22210-080, Brasil",Sudeste,Rio de Janeiro,Rio de Janeiro,FLAMENGO,,,-22.9359667000,-43.1806300000,"07/10/2018, 17:34:00",false,false,,Não identificado,,,false,0,0,0,0,0,0,0,0,0,0,0,0,0,0
20262,"Lins de Vasconcelos, Rio de Janeiro - RJ, Brasil",Sudeste,Rio de Janeiro,Rio de Janeiro,LINS DE VASCONCELOS,,,-22.9128703000,-43.2845545000,"07/10/2018, 18:37:00",false,false,,Não identificado,,,false,0,0,0,0,0,0,0,0,0,0,0,0,0,0
20264,"Centro, Rio de Janeiro - RJ, Brasil",Sudeste,Rio de Janeiro,Rio de Janeiro,CENTRO,,,-22.9070828000,-43.1819148000,"07/10/2018, 18:46:00",false,false,,Não identificado,,,false,0,0,0,0,0,0,0,0,0,0,0,0,0,0
20265,"Bráz De Pina, Rio de Janeiro - RJ, Brasil",Sudeste,Rio de Janeiro,Rio de Janeiro,BRAS DE PINA,,,-22.8331178000,-43.3022257000,"07/10/2018, 18:54:00",false,false,,Não identificado,,,false,0,0,0,0,0,0,0,0,0,0,0,0,0,0
20267,"Santa Teresa, Rio de Janeiro - RJ, Brasil",Sudeste,Rio de Janeiro,Rio de Janeiro,SANTA TERESA,,,-22.9191206000,-43.1907328000,"07/10/2018, 19:16:00",false,false,,Não identificado,,,false,0,0,0,0,0,0,0,0,0,0,0,0,0,0
20270,"Complexo do Lins,  Lins de Vasconcelos, Rio de Janeiro - RJ, 20725-090, Brasil",Sudeste,Rio de Janeiro,Rio de Janeiro,LINS DE VASCONCELOS,,COMPLEXO DO LINS,-22.9139074000,-43.2833747000,"07/10/2018, 20:25:00",false,false,,Não identificado,,,false,0,0,0,0,0,0,0,0,0,0,0,0,0,0
20272,"Padre Miguel, Rio de Janeiro - RJ, Brasil",Sudeste,Rio de Janeiro,Rio de Janeiro,PADRE MIGUEL,,,-22.8780979000,-43.4483194000,"07/10/2018, 20:54:00",false,false,,Não identificado,,,false,0,0,0,0,0,0,0,0,0,0,0,0,0,0
20273,"Cidade de Deus, Rio de Janeiro - RJ, Brasil",Sudeste,Rio de Janeiro,Rio de Janeiro,CIDADE DE DEUS,,CIDADE DE DEUS,-22.9481688000,-43.3626721000,"07/10/2018, 20:55:00",false,false,,Não identificado,,,false,0,0,0,0,0,0,0,0,0,0,0,0,0,0
20274,"Honório Gurgel, Rio de Janeiro - RJ, Brasil",Sudeste,Rio de Janeiro,Rio de Janeiro,HONORIO GURGEL,,,-22.8453344000,-43.3558285000,"07/10/2018, 20:56:00",false,false,,Não identificado,,,false,0,0,0,0,0,0,0,0,0,0,0,0,0,0
20277,"Praça Miami, Vila Kennedy, Bangu, Rio de Janeiro - RJ, 21852-010, Brasil",Sudeste,Rio de Janeiro,Rio de Janeiro,VILA KENNEDY,,VILA KENNEDY,-22.8561101000,-43.4923390000,"08/10/2018, 01:49:00",false,false,,Não identificado,,,false,0,0,0,0,0,0,0,0,0,0,0,0,0,0
20275,"Cesarão, Santa Cruz, Rio de Janeiro - RJ, 23590-130, Brasil",Sudeste,Rio de Janeiro,Rio de Janeiro,SANTA CRUZ,,CESARAO,-22.9370988000,-43.6563082000,"08/10/2018, 01:59:00",false,false,,Disputa,,Tiroteio contínuo,false,0,0,0,0,0,0,0,0,0,0,0,0,0,0
20276,"Antares, Santa Cruz, Rio de Janeiro - RJ, 21046-235, Brasil",Sudeste,Rio de Janeiro,Rio de Janeiro,SANTA CRUZ,,FAVELA DE ANTARES,-22.9216654000,-43.6638362000,"08/10/2018, 02:06:00",false,false,,Disputa,,,false,0,0,0,0,0,0,0,0,0,0,0,0,0,0
20278,"Cesarão, Santa Cruz, Rio de Janeiro - RJ, Brasil",Sudeste,Rio de Janeiro,Rio de Janeiro,SANTA CRUZ,,CESARAO,-22.9355691000,-43.6572390000,"08/10/2018, 02:50:00",false,false,,Não identificado,,,false,0,0,0,0,0,0,0,0,0,0,0,0,0,0
20279,"Antares - Santa Cruz, Rio de Janeiro - RJ, Brasil",Sudeste,Rio de Janeiro,Rio de Janeiro,SANTA CRUZ,,FAVELA DE ANTARES,-22.9217436000,-43.6637652000,"08/10/2018, 03:13:00",false,false,,Não identificado,,,false,0,0,0,0,0,0,0,0,0,0,0,0,0,0
20280,"Rodo, Santa Cruz, Rio de Janeiro - RJ, 23591-290, Brasil",Sudeste,Rio de Janeiro,Rio de Janeiro,SANTA CRUZ,,COMPLEXO DO RODO,-22.9265310000,-43.6648760000,"08/10/2018, 03:50:00",true,true,N�o identificado,Operação policial,,,false,0,0,0,0,0,0,0,0,0,0,0,0,0,0
20281,"Antares - Santa Cruz, Rio de Janeiro - RJ, Brasil",Sudeste,Rio de Janeiro,Rio de Janeiro,SANTA CRUZ,,FAVELA DE ANTARES,-22.9217436000,-43.6637652000,"08/10/2018, 04:46:00",false,false,,Não identificado,,,false,0,0,0,0,0,0,0,0,0,0,0,0,0,0
20282,"Favela do Rola - Santa Cruz, Rio de Janeiro - RJ, 23510-500, Brasil",Sudeste,Rio de Janeiro,Rio de Janeiro,SANTA CRUZ,,COMPLEXO DO RODO,-22.9275840000,-43.6695780000,"08/10/2018, 05:11:00",true,true,PM,Disputa,,,false,0,3,0,0,0,0,0,0,0,0,0,0,0,0
20284,"R. Dois, Alvorada - Complexo do Alemão, Rio de Janeiro - RJ, Brasil",Sudeste,Rio de Janeiro,Rio de Janeiro,COMPLEXO DO ALEMAO,,ALVORADA (COMPLEXO DO ALEMAO),-22.8612593000,-43.2758573000,"08/10/2018, 06:44:00",false,false,,Não identificado,,,false,0,0,0,0,0,0,0,0,0,0,0,0,0,0
20286,"Bateau Mouche (Batô), Praça Seca, Rio de Janeiro - RJ, 22733-040, Brasil",Sudeste,Rio de Janeiro,Rio de Janeiro,PRACA SECA,,FAVELA BATEAU MOUCHE,-22.9015549000,-43.3612630000,"08/10/2018, 08:03:00",false,false,,Não identificado,,,false,0,0,0,0,0,0,0,0,0,0,0,0,0,0
20288,"Fallet / Fogueteiro - Santa Teresa, Rio de Janeiro - RJ, 20241-360, Brasil",Sudeste,Rio de Janeiro,Rio de Janeiro,SANTA TERESA,,FALLET/FOGUETEIRO,-22.9267389000,-43.1948403000,"08/10/2018, 11:30:00",true,true,UPP (Fallet/Fogueteiro),Operação policial,,,false,0,1,0,0,0,0,0,0,0,0,0,0,0,0
20289,"Pavão-Pavãozinho - Copacabana, Rio de Janeiro - RJ, 22030-010, Brasil",Sudeste,Rio de Janeiro,Rio de Janeiro,COPACABANA,,MORRO DO PAVAO-PAVAOZINHO,-22.9804245000,-43.1946857000,"08/10/2018, 13:13:00",false,false,,Não identificado,,,false,0,0,0,0,0,0,0,0,0,0,0,0,0,0
20290,"Vila Do Joao - Maré, Rio de Janeiro - RJ, 21046-600, Brasil",Sudeste,Rio de Janeiro,Rio de Janeiro,MARE,,VILA DO JOAO (COMPLEXO DA MARE),-22.8726070000,-43.2411810000,"08/10/2018, 13:45:00",false,false,,Não identificado,,,false,0,0,0,0,0,0,0,0,0,0,0,0,0,0
20319,"R. Gastão Penalva, 126 - Andarai, Rio de Janeiro - RJ, 20540-220, Brasil",Sudeste,Rio de Janeiro,Rio de Janeiro,ANDARAI,,,-22.9266190000,-43.2527490000,"08/10/2018, 14:00:00",true,true,N�o identificado,Tentativa/Roubo,,,false,0,0,0,0,0,0,0,0,0,0,0,0,0,0
20293,"Rua Ibitiúva, Praça dos Abrolhos - Padre Miguel, Rio de Janeiro - RJ, 21715-400, Brasil",Sudeste,Rio de Janeiro,Rio de Janeiro,PADRE MIGUEL,,,-22.8781105000,-43.4474267000,"08/10/2018, 15:57:00",false,true,,Homicidio/Tentativa,,,false,0,0,1,0,0,0,0,0,0,0,0,0,0,0
20296,"Av. Carlos Mattoso Corrêa,  Arará - Benfica, Rio de Janeiro - RJ, 20911-390, Brasil",Sudeste,Rio de Janeiro,Rio de Janeiro,BENFICA,,PARQUE ARARA,-22.8891559000,-43.2397691000,"08/10/2018, 19:47:00",false,false,,Não identificado,,,false,0,0,0,0,0,0,0,0,0,0,0,0,0,0
20299,"R. Enora, Amarelinho, Acari, Rio de Janeiro - RJ, Brasil",Sudeste,Rio de Janeiro,Rio de Janeiro,ACARI,,CONJUNTO AMARELINHO,-22.8246740000,-43.3388199000,"09/10/2018, 00:45:00",false,false,,Não identificado,,,false,0,0,0,0,0,0,0,0,0,0,0,0,0,0
20300,"Casinhas, Complexo do Alemão, Rio de Janeiro - RJ, 21061-610, Brasil",Sudeste,Rio de Janeiro,Rio de Janeiro,COMPLEXO DO ALEMAO,,CASINHAS (COMPLEXO DO ALEMAO),-22.8593107000,-43.2754362000,"09/10/2018, 02:23:00",true,true,PM,Operação policial,,,false,0,0,0,0,0,0,0,0,0,0,0,0,0,0
20306,"Complexo da Pedreira, Costa Barros, Rio de Janeiro - RJ, Brasil",Sudeste,Rio de Janeiro,Rio de Janeiro,BARROS FILHO,,COMPLEXO DA PEDREIRA,-22.8237968000,-43.3594024000,"09/10/2018, 03:54:00",false,false,,Não identificado,,,false,0,0,0,0,0,0,0,0,0,0,0,0,0,0
20305,"R. da Alvorada - Complexo do Alemão, Rio de Janeiro - RJ, 20011-001, Brasil",Sudeste,Rio de Janeiro,Rio de Janeiro,COMPLEXO DO ALEMAO,,ALVORADA (COMPLEXO DO ALEMAO),-22.8624341000,-43.2748755000,"09/10/2018, 04:03:00",true,true,N�o identificado,Ação policial,,Tiroteio contínuo,false,0,0,0,0,0,0,0,0,0,0,0,0,0,0
20307,"R. Canitar e Fazendinha, Complexo do Alemão, Rio de Janeiro - RJ, Brasil",Sudeste,Rio de Janeiro,Rio de Janeiro,COMPLEXO DO ALEMAO,,MORRO DAS PALMEIRAS (COMPLEXO DO ALEMAO),-22.8603985000,-43.2821082000,"09/10/2018, 04:39:00",true,true,N�o identificado,Ação policial,,,false,0,0,0,0,0,0,0,0,0,0,0,0,0,0
20308,"Largo do Bulufa, Complexo do Alemão, Rio de Janeiro - RJ, 21061-240, Brasil",Sudeste,Rio de Janeiro,Rio de Janeiro,COMPLEXO DO ALEMAO,,GROTA (COMPLEXO DO ALEMAO),-22.8611743000,-43.2734499000,"09/10/2018, 05:12:00",true,true,N�o identificado,Ação policial,,,false,0,0,0,0,0,0,0,0,0,0,0,0,0,0
20311,"Grota - Complexo do Alemão, Rio de Janeiro - RJ, Brasil",Sudeste,Rio de Janeiro,Rio de Janeiro,COMPLEXO DO ALEMAO,,GROTA (COMPLEXO DO ALEMAO),-22.8608162000,-43.2741950000,"09/10/2018, 06:13:00",true,true,N�o identificado,Ação policial,,,false,0,0,0,0,0,0,0,0,0,0,0,0,0,0
20312,"Vila 26, Vila Kennedy - Bangu, Rio de Janeiro - RJ, 21850-000, Brasil",Sudeste,Rio de Janeiro,Rio de Janeiro,VILA KENNEDY,,VILA KENNEDY,-22.8588215000,-43.4869093000,"09/10/2018, 06:43:00",false,false,,Não identificado,,,false,0,0,0,0,0,0,0,0,0,0,0,0,0,0
20313,"Morro do Juramento - Vicente de Carvalho, Rio de Janeiro - RJ, Brasil",Sudeste,Rio de Janeiro,Rio de Janeiro,VICENTE DE CARVALHO,,MORRO DO JURAMENTO (COMPLEXO DO JURAMENTO),-22.8627778000,-43.3152778000,"09/10/2018, 06:53:00",false,false,,Não identificado,,,false,0,0,0,0,0,0,0,0,0,0,0,0,0,0
20316,"Loteamento, Complexo do Alemão, Rio de Janeiro - RJ, Brasil",Sudeste,Rio de Janeiro,Rio de Janeiro,COMPLEXO DO ALEMAO,,LOTEAMENTO (COMPLEXO DO ALEMAO),-22.8635421000,-43.2735828000,"09/10/2018, 07:08:00",true,true,N�o identificado,Ação policial,,,false,0,0,0,0,0,0,0,0,0,0,0,0,0,0
20315,"Fazendinha - Complexo do Alemão, Rio de Janeiro - RJ, 20766-720, Brasil",Sudeste,Rio de Janeiro,Rio de Janeiro,COMPLEXO DO ALEMAO,,FAZENDINHA (COMPLEXO DO ALEMAO),-22.8630204000,-43.2810175000,"09/10/2018, 07:50:00",true,true,N�o identificado,Ação policial,,,false,0,0,0,0,0,0,0,0,0,0,0,0,0,0
20317,"Rua Otaviano Romeiro, Vila Kennedy, Bangu, Rio de Janeiro - RJ, 21853-550, Brasil",Sudeste,Rio de Janeiro,Rio de Janeiro,VILA KENNEDY,,VILA KENNEDY,-22.8537094000,-43.4959508000,"09/10/2018, 08:18:00",false,false,,Não identificado,,,false,0,0,0,0,0,0,0,0,0,0,0,0,0,0
20320,"Morro do Juramento - Vicente de Carvalho, Rio de Janeiro - RJ, Brasil",Sudeste,Rio de Janeiro,Rio de Janeiro,VICENTE DE CARVALHO,,MORRO DO JURAMENTO (COMPLEXO DO JURAMENTO),-22.8627778000,-43.3152778000,"09/10/2018, 12:13:00",false,false,,Não identificado,,,false,0,0,0,0,0,0,0,0,0,0,0,0,0,0
20323,"R. dos Floricultores - Guaratiba, Rio de Janeiro - RJ, 23032-270, Brasil",Sudeste,Rio de Janeiro,Rio de Janeiro,GUARATIBA,,,-22.9675077000,-43.6414070000,"09/10/2018, 13:20:00",false,false,,Não identificado,,,false,0,0,0,0,0,0,0,0,0,0,0,0,0,0
20326,"Fazendinha  - Complexo do Alemão, Rio de Janeiro - RJ, Brasil",Sudeste,Rio de Janeiro,Rio de Janeiro,COMPLEXO DO ALEMAO,,FAZENDINHA (COMPLEXO DO ALEMAO),-22.8630204000,-43.2810175000,"09/10/2018, 14:05:00",false,false,,Não identificado,,,false,0,0,0,0,0,0,0,0,0,0,0,0,0,0
20324,"Morro da Formiga - Tijuca, Rio de Janeiro - RJ, 20530-120, Brasil",Sudeste,Rio de Janeiro,Rio de Janeiro,TIJUCA,,MORRO DA FORMIGA,-22.9420900000,-43.2433943000,"09/10/2018, 14:15:00",false,false,,Não identificado,,,false,0,0,0,0,0,0,0,0,0,0,0,0,0,0
20332,"Fazendinha - Complexo do Alemão, Rio de Janeiro - RJ, Brasil",Sudeste,Rio de Janeiro,Rio de Janeiro,COMPLEXO DO ALEMAO,,FAZENDINHA (COMPLEXO DO ALEMAO),-22.8630204000,-43.2810175000,"09/10/2018, 15:05:00",false,false,,Não identificado,,,false,0,0,0,0,0,0,0,0,0,0,0,0,0,0
20333,"R. Quatro - Realengo, Rio de Janeiro - RJ, Brasil",Sudeste,Rio de Janeiro,Rio de Janeiro,REALENGO,,VILA MALLET,-22.8823729000,-43.4132736000,"09/10/2018, 16:12:00",false,false,,Não identificado,,,false,0,0,0,0,0,0,0,0,0,0,0,0,0,0
20336,"Morro da Caixa D'água, Tanque, Rio de Janeiro - RJ, 22715-015, Brasil",Sudeste,Rio de Janeiro,Rio de Janeiro,TANQUE,,MORRO DA CAIXA D'AGUA (TANQUE),-22.9173775000,-43.3618008000,"09/10/2018, 16:23:00",false,false,,Não identificado,,,false,0,0,0,0,0,0,0,0,0,0,0,0,0,0
20335,"Manilha, Vila Kennedy - Bangu, Rio de Janeiro - RJ, 21850-007, Brasil",Sudeste,Rio de Janeiro,Rio de Janeiro,VILA KENNEDY,,VILA KENNEDY,-22.8604006000,-43.4884116000,"09/10/2018, 16:28:00",false,false,,Não identificado,,,false,0,0,0,0,0,0,0,0,0,0,0,0,0,0
20339,"Rio Comprido, Rio de Janeiro - RJ, Brasil",Sudeste,Rio de Janeiro,Rio de Janeiro,RIO COMPRIDO,,,-22.9252336000,-43.2053404000,"09/10/2018, 16:39:00",false,false,,Não identificado,,,false,0,0,0,0,0,0,0,0,0,0,0,0,0,0
20340,"Fazendinha,  Complexo do Alemão, Rio de Janeiro - RJ, Brasil",Sudeste,Rio de Janeiro,Rio de Janeiro,COMPLEXO DO ALEMAO,,FAZENDINHA (COMPLEXO DO ALEMAO),-22.8655931000,-43.2800356000,"09/10/2018, 17:15:00",false,false,,Não identificado,,,false,0,0,0,0,0,0,0,0,0,0,0,0,0,0
20341,"R. Congo - Bangu, Rio de Janeiro - RJ, 21852-580, Brasil",Sudeste,Rio de Janeiro,Rio de Janeiro,VILA KENNEDY,,VILA KENNEDY,-22.8621273000,-43.4906937000,"09/10/2018, 17:33:00",false,false,,Não identificado,,,false,0,0,0,0,0,0,0,0,0,0,0,0,0,0
20343,"Morro da Covanca, Tanque, Rio de Janeiro - RJ, 22735-010, Brasil",Sudeste,Rio de Janeiro,Rio de Janeiro,TANQUE,,MORRO DA COVANCA,-22.9150280000,-43.3471067000,"09/10/2018, 18:28:00",false,false,,Não identificado,,,false,0,0,0,0,0,0,0,0,0,0,0,0,0,0
20344,"R. Nuporanga, 25 - Tanque, Rio de Janeiro - RJ, 22733-110, Brasil",Sudeste,Rio de Janeiro,Rio de Janeiro,TANQUE,,MORRO DA CAIXA D'AGUA (TANQUE),-22.9139760000,-43.3593500000,"09/10/2018, 18:37:00",false,false,,Não identificado,,,false,0,0,0,0,0,0,0,0,0,0,0,0,0,0
20349,"Av. Itaóca - Bonsucesso, Rio de Janeiro - RJ, Brasil",Sudeste,Rio de Janeiro,Rio de Janeiro,COMPLEXO DO ALEMAO,,MORRO DO ADEUS (COMPLEXO DO ALEMAO),-22.8685485000,-43.2607945000,"09/10/2018, 20:10:00",false,false,,Não identificado,,,false,0,0,0,0,0,0,0,0,0,0,0,0,0,0
20350,"Vigário Geral, Rio de Janeiro - RJ, Brasil",Sudeste,Rio de Janeiro,Rio de Janeiro,VIGARIO GERAL,,,-22.8094553000,-43.3089519000,"09/10/2018, 20:23:00",false,false,,Não identificado,,,false,0,0,0,0,0,0,0,0,0,0,0,0,0,0
20353,"R. Burundi, Vila Kennedy, Rio de Janeiro - RJ, 21850-720, Brasil",Sudeste,Rio de Janeiro,Rio de Janeiro,VILA KENNEDY,,VILA KENNEDY,-22.8595330000,-43.4893790000,"10/10/2018, 02:23:00",false,false,,Não identificado,,,false,0,0,0,0,0,0,0,0,0,0,0,0,0,0
20355,"R. Congo - Vila Kennedy, Rio de Janeiro - RJ, 21852-580, Brasil",Sudeste,Rio de Janeiro,Rio de Janeiro,VILA KENNEDY,,VILA KENNEDY,-22.8621273000,-43.4906937000,"10/10/2018, 03:51:00",false,false,,Não identificado,,,false,0,0,0,0,0,0,0,0,0,0,0,0,0,0
20358,"Morro Do Serena, Parque Proletário - Penha, Rio de Janeiro - RJ, 21210-370, Brasil",Sudeste,Rio de Janeiro,Rio de Janeiro,PENHA,,MORRO DO SERENO (COMPLEXO DA PENHA),-22.8436111000,-43.2936111000,"10/10/2018, 07:03:00",false,false,,Não identificado,,,false,0,0,0,0,0,0,0,0,0,0,0,0,0,0
20359,"R. Leopoldo Bulhões- Manguinhos, Rio de Janeiro - RJ, 20911-300, Brasil",Sudeste,Rio de Janeiro,Rio de Janeiro,MANGUINHOS,,COMPLEXO DE MANGUINHOS,-22.8833440000,-43.2491505000,"10/10/2018, 07:15:00",false,false,,Não identificado,,,false,0,0,0,0,0,0,0,0,0,0,0,0,0,0
20368,"Anchieta, Rio de Janeiro - RJ, Brasil",Sudeste,Rio de Janeiro,Rio de Janeiro,ANCHIETA,,,-22.8238795000,-43.3981236000,"10/10/2018, 19:53:00",false,false,,Não identificado,,,false,0,0,0,0,0,0,0,0,0,0,0,0,0,0
20370,"Largo do Bicão, Rio de Janeiro - RJ, 21070-031, Brasil",Sudeste,Rio de Janeiro,Rio de Janeiro,VILA DA PENHA,,,-22.8391092000,-43.3111591000,"10/10/2018, 21:27:00",false,false,,Não identificado,,,false,0,0,0,0,0,0,0,0,0,0,0,0,0,0
20371,"R. Paulo Fonteneles, 1 - Inhoaíba, Rio de Janeiro - RJ, 23064-080, Brasil",Sudeste,Rio de Janeiro,Rio de Janeiro,INHOAIBA,,FAVELA DO BARBANTE,-22.9014300000,-43.5851070000,"10/10/2018, 22:00:00",false,false,,Não identificado,,,false,0,0,0,0,0,0,0,0,0,0,0,0,0,0
20379,"Metral, Vila Kennedy - Bangu, Rio de Janeiro - RJ, 21850-007, Brasil",Sudeste,Rio de Janeiro,Rio de Janeiro,VILA KENNEDY,,VILA KENNEDY,-22.8571956000,-43.4979109000,"11/10/2018, 02:20:00",true,true,N�o identificado,Operação policial,,,false,0,0,0,0,0,0,0,0,0,0,0,0,0,0
20378,"R. Nova Brasília - Complexo do Alemão, Rio de Janeiro - RJ, Brasil",Sudeste,Rio de Janeiro,Rio de Janeiro,COMPLEXO DO ALEMAO,,NOVA BRASILIA (COMPLEXO DO ALEMAO),-22.8659512000,-43.2724853000,"11/10/2018, 02:25:00",true,true,N�o identificado,Operação policial,,,false,0,0,0,0,0,0,0,0,0,0,0,0,0,0
20373,"Rua da Alvorada - Complexo do Alemão, Rio de Janeiro - RJ, 21061-180, Brasil",Sudeste,Rio de Janeiro,Rio de Janeiro,COMPLEXO DO ALEMAO,,ALVORADA (COMPLEXO DO ALEMAO),-22.8624406000,-43.2747796000,"11/10/2018, 04:22:00",true,true,N�o identificado,Ação policial,,,false,0,0,0,0,0,0,0,0,0,0,0,0,0,0
20375,"Estrada do Itararé, Birosca, Complexo do Alemão - Rio de Janeiro - RJ, 21061-240, Brasil",Sudeste,Rio de Janeiro,Rio de Janeiro,COMPLEXO DO ALEMAO,,NOVA BRASILIA (COMPLEXO DO ALEMAO),-22.8652330000,-43.2689270000,"11/10/2018, 05:03:00",false,false,,Não identificado,,,false,0,0,0,0,0,0,0,0,0,0,0,0,0,0
20376,"Rua da Alvorada - Complexo do Alemão, Rio de Janeiro - RJ, 21061-180, Brasil",Sudeste,Rio de Janeiro,Rio de Janeiro,COMPLEXO DO ALEMAO,,ALVORADA (COMPLEXO DO ALEMAO),-22.8624406000,-43.2747796000,"11/10/2018, 05:40:00",true,true,N�o identificado,Ação policial,,,false,0,0,0,0,0,0,0,0,0,0,0,0,0,0
20377,"Manilha, Vila Kennedy -  Rio de Janeiro - RJ, 21850-007, Brasil",Sudeste,Rio de Janeiro,Rio de Janeiro,VILA KENNEDY,,VILA KENNEDY,-22.8603840000,-43.4881740000,"11/10/2018, 05:52:00",true,true,N�o identificado,Ação policial,,,false,0,0,0,0,0,0,0,0,0,0,0,0,0,0
20380,"Morro do Borel - Tijuca, Rio de Janeiro - RJ, Brasil",Sudeste,Rio de Janeiro,Rio de Janeiro,TIJUCA,,MORRO DO BOREL,-22.9375309000,-43.2568825000,"11/10/2018, 07:20:00",false,false,,Não identificado,,,false,0,0,0,0,0,0,0,0,0,0,0,0,0,0
20381,"Rua Otaviano Romeiro - Vila Kennedy, Rio de Janeiro - RJ, 21853-550, Brasil",Sudeste,Rio de Janeiro,Rio de Janeiro,VILA KENNEDY,,VILA KENNEDY,-22.8537094000,-43.4959508000,"11/10/2018, 07:27:00",true,true,N�o identificado,Ação policial,,,false,0,0,0,0,0,0,0,0,0,0,0,0,0,0
20383,"Morro do Borel - Tijuca, Rio de Janeiro - RJ, 20530-001, Brasil",Sudeste,Rio de Janeiro,Rio de Janeiro,TIJUCA,,MORRO DO BOREL,-22.9395041000,-43.2515359000,"11/10/2018, 11:20:00",false,false,,Não identificado,,,false,0,0,0,0,0,0,0,0,0,0,0,0,0,0
20384,"Estr. de Manguinhos - Manguinhos, Rio de Janeiro - RJ, 21041-222, Brasil",Sudeste,Rio de Janeiro,Rio de Janeiro,MANGUINHOS,,MORRO DO AMORIM (COMPLEXO DE MANGUINHOS),-22.8752034000,-43.2473597000,"11/10/2018, 12:40:00",false,false,,Não identificado,,,false,0,0,0,0,0,0,0,0,0,0,0,0,0,0
20385,"Av. dos Democráticos, Manguinhos, Rio de Janeiro - RJ, 21050-000, Brasil",Sudeste,Rio de Janeiro,Rio de Janeiro,MANGUINHOS,,COMPLEXO DE MANGUINHOS,-22.8796010000,-43.2543689000,"11/10/2018, 13:46:00",true,true,UPP (Manguinhos),Ação policial,,,false,0,0,0,0,0,0,0,0,0,0,0,0,0,0
20390,"Santa Cruz, Rio de Janeiro - RJ, Brasil",Sudeste,Rio de Janeiro,Rio de Janeiro,SANTA CRUZ,,,-22.9196515000,-43.6843877000,"11/10/2018, 16:58:00",false,false,,Não identificado,,,false,0,0,0,0,0,0,0,0,0,0,0,0,0,0
20393,"Rua Torres de Oliveira, 114 - Piedade, Rio de Janeiro - RJ, 20740-380, Brazilië",Sudeste,Rio de Janeiro,Rio de Janeiro,PIEDADE,,MORRO INACIO DIAS (COMPLEXO DO 18),-22.8987330000,-43.3134449000,"11/10/2018, 18:15:00",false,false,,Não identificado,,,false,0,0,0,0,0,0,0,0,0,0,0,0,0,0
20392,"R. Iriguacu - Bangu, Rio de Janeiro - RJ, 21862-000, Brasil",Sudeste,Rio de Janeiro,Rio de Janeiro,BANGU,,,-22.8702335000,-43.4658115000,"11/10/2018, 18:16:00",false,false,,Não identificado,,,false,0,0,0,0,0,0,0,0,0,0,0,0,0,0
20396,"Engenho Novo, Rio de Janeiro - RJ, Brasil",Sudeste,Rio de Janeiro,Rio de Janeiro,ENGENHO NOVO,,,-22.9027463000,-43.2684052000,"11/10/2018, 20:07:00",false,false,,Não identificado,,,false,0,0,0,0,0,0,0,0,0,0,0,0,0,0
20398,"Gardênia Azul, Rio de Janeiro - RJ, Brasil",Sudeste,Rio de Janeiro,Rio de Janeiro,GARDENIA AZUL,,,-22.9583230000,-43.3517018000,"11/10/2018, 20:56:00",false,false,,Não identificado,,,false,0,0,0,0,0,0,0,0,0,0,0,0,0,0
20399,"Estr. Manuel Nogueira de Sá, 1421 - Realengo, Rio de Janeiro - RJ, 21745-290, Brasil",Sudeste,Rio de Janeiro,Rio de Janeiro,REALENGO,,,-22.8921723000,-43.4170936000,"11/10/2018, 22:30:00",false,false,,Não identificado,,,false,0,0,0,0,0,0,0,0,0,0,0,0,0,0
20402,"Estrada João Paulo, Honório Gurgel, Rio de Janeiro - RJ, 21512-002, Brasil",Sudeste,Rio de Janeiro,Rio de Janeiro,HONORIO GURGEL,,,-22.8478125000,-43.3587852000,"12/10/2018, 02:55:00",false,false,,Não identificado,,,false,0,0,0,0,0,0,0,0,0,0,0,0,0,0
20414,"R. Alcatrazes - Ricardo de Albuquerque, Rio de Janeiro - RJ, Brasil",Sudeste,Rio de Janeiro,Rio de Janeiro,RICARDO DE ALBUQUERQUE,,MORRO DA MADAMA (COMPLEXO DO CHAPADAO),-22.8341614000,-43.3911252000,"12/10/2018, 17:40:00",false,false,,Não identificado,,,false,0,0,0,0,0,0,0,0,0,0,0,0,0,0
20419,"Faz Quem Quer, Rocha Miranda, Rio de Janeiro - RJ, 21540-530, Brasil",Sudeste,Rio de Janeiro,Rio de Janeiro,ROCHA MIRANDA,,MORRO DO FAZ QUEM QUER (COMPLEXO DO CAJUEIRO),-22.8529548000,-43.3418419000,"12/10/2018, 20:11:00",false,false,,Não identificado,,,false,0,0,0,0,0,0,0,0,0,0,0,0,0,0
20426,"Morro Nogueira de Sá - Realengo, Rio de Janeiro - RJ, 21745-290, Brasil",Sudeste,Rio de Janeiro,Rio de Janeiro,REALENGO,,MORRO MINHA DEUSA (OU PARQUE DAS NOGUEIRAS),-22.8856841000,-43.4088633000,"13/10/2018, 01:33:00",false,false,,Não identificado,,,false,0,0,0,0,0,0,0,0,0,0,0,0,0,0
20423,"R. Congo, Vila Kennedy, Bangu, Rio de Janeiro - RJ, 21852-580, Brasil",Sudeste,Rio de Janeiro,Rio de Janeiro,VILA KENNEDY,,VILA KENNEDY,-22.8621273000,-43.4906937000,"13/10/2018, 01:50:00",false,false,,Não identificado,,,false,0,0,0,0,0,0,0,0,0,0,0,0,0,0
20425,"Fazendinha, Complexo do Alemão, Rio de Janeiro - RJ, 21061-700, Brasil",Sudeste,Rio de Janeiro,Rio de Janeiro,COMPLEXO DO ALEMAO,,FAZENDINHA (COMPLEXO DO ALEMAO),-22.8630646000,-43.2809266000,"13/10/2018, 02:20:00",true,true,N�o identificado,Ação policial,,,false,0,0,0,0,0,0,0,0,0,0,0,0,0,0
20427,"Vila Vintém - Padre Miguel, Rio de Janeiro - RJ, 21721-021, Brasil",Sudeste,Rio de Janeiro,Rio de Janeiro,PADRE MIGUEL,,VILA VINTEM,-22.8709633000,-43.4426703000,"13/10/2018, 03:01:00",false,false,,Não identificado,,,false,0,0,0,0,0,0,0,0,0,0,0,0,0,0
20431,"Morro da Lagartixa, Complexo da Pedreira - Costa Barros, Rio de Janeiro - RJ, 21515-280, Brasil",Sudeste,Rio de Janeiro,Rio de Janeiro,COSTA BARROS,,MORRO DA LAGARTIXA (COMPLEXO DA PEDREIRA),-22.8241667000,-43.3644444000,"13/10/2018, 04:06:00",false,false,,Não identificado,,,false,0,0,0,0,0,0,0,0,0,0,0,0,0,0
20432,"R. da Soja, Penha, Rio de Janeiro - RJ, 21010-070, Brasil",Sudeste,Rio de Janeiro,Rio de Janeiro,PENHA,,FAVELA DA KELSONS,-22.8212562000,-43.2775850000,"13/10/2018, 04:37:00",false,false,,Não identificado,,,false,0,0,0,0,0,0,0,0,0,0,0,0,0,0
20433,"Jacaré, Rio de Janeiro - RJ, Brasil",Sudeste,Rio de Janeiro,Rio de Janeiro,JACARE,,,-22.8923272000,-43.2581953000,"13/10/2018, 05:13:00",false,false,,Não identificado,,,false,0,0,0,0,0,0,0,0,0,0,0,0,0,0
20437,"Cidade Alta, Cordovil, Rio de Janeiro - RJ, 21010-200, Brasil",Sudeste,Rio de Janeiro,Rio de Janeiro,CORDOVIL,,CIDADE ALTA (COMPLEXO DE ISRAEL),-22.8196976000,-43.2943395000,"13/10/2018, 07:20:00",false,false,,Não identificado,,,false,0,0,0,0,0,0,0,0,0,0,0,0,0,0
20443,"Ladeira dos Tabajaras,  Copacabana, Rio de Janeiro - RJ, 22031-112, Brasil",Sudeste,Rio de Janeiro,Rio de Janeiro,COPACABANA,,LADEIRA DOS TABAJARAS,-22.9644080000,-43.1895840000,"13/10/2018, 14:05:00",true,true,N�o identificado,Operação policial,,,false,0,0,0,1,0,0,0,0,0,0,0,0,0,0
20444,"Rua Sacopã - Lagoa, Rio de Janeiro - RJ, Brasil",Sudeste,Rio de Janeiro,Rio de Janeiro,LAGOA,,MORRO DOS CABRITOS,-22.9653768000,-43.2013442000,"13/10/2018, 14:08:00",false,false,,Não identificado,,,false,0,0,0,0,0,0,0,0,0,0,0,0,0,0
20448,"Tv. Santa Vitória - Sepetiba, Rio de Janeiro - RJ, 23545-370, Brasil",Sudeste,Rio de Janeiro,Rio de Janeiro,SEPETIBA,,,-22.9727801000,-43.7049200000,"13/10/2018, 17:10:00",false,false,,Não identificado,,,false,0,0,0,0,0,0,0,0,0,0,0,0,0,0
20449,"Rato Molhado, Engenho Novo, Rio de Janeiro - RJ, 20961-100, Brasil",Sudeste,Rio de Janeiro,Rio de Janeiro,ENGENHO NOVO,,FAVELA DO RATO MOLHADO (OU DOIS DE MAIO),-22.8971768000,-43.2634918000,"13/10/2018, 17:16:00",false,false,,Não identificado,,,false,0,0,0,0,0,0,0,0,0,0,0,0,0,0
20450,"R. Dr. Lessa - Realengo, Rio de Janeiro - RJ, Brasil",Sudeste,Rio de Janeiro,Rio de Janeiro,REALENGO,,,-22.8782643000,-43.4303017000,"13/10/2018, 19:02:00",false,false,,Não identificado,,,false,0,0,0,0,0,0,0,0,0,0,0,0,0,0
20457,"Jardim América, Rio de Janeiro - RJ, Brasil",Sudeste,Rio de Janeiro,Rio de Janeiro,JARDIM AMERICA,,,-22.8114870000,-43.3207177000,"13/10/2018, 19:26:00",false,false,,Não identificado,,,false,0,0,0,0,0,0,0,0,0,0,0,0,0,0
20451,"Santa Marta,  Botafogo, Rio de Janeiro - RJ, 22260-140, Brasil",Sudeste,Rio de Janeiro,Rio de Janeiro,BOTAFOGO,,SANTA MARTA,-22.9483710000,-43.1935330000,"13/10/2018, 19:42:00",false,false,,Não identificado,,,false,0,0,0,0,0,0,0,0,0,0,0,0,0,0
20656,"Acari, Rio de Janeiro - RJ, 21530-160, Brasil",Sudeste,Rio de Janeiro,Rio de Janeiro,ACARI,,,-22.8245298000,-43.3497011000,"13/10/2018, 19:54:00",false,false,,Não identificado,,,false,0,0,0,0,0,0,0,0,0,0,0,0,0,0
20452,"R. Congo, Vila Kennedy, Bangu, Rio de Janeiro - RJ, 21852-580, Brasil",Sudeste,Rio de Janeiro,Rio de Janeiro,VILA KENNEDY,,VILA KENNEDY,-22.8621273000,-43.4906937000,"13/10/2018, 20:58:00",false,false,,Não identificado,,,false,0,0,0,0,0,0,0,0,0,0,0,0,0,0
20455,"Mangueira, Rio de Janeiro - RJ, Brasil",Sudeste,Rio de Janeiro,Rio de Janeiro,MANGUEIRA,,MANGUEIRA,-22.9052507000,-43.2340127000,"13/10/2018, 21:04:00",false,false,,Não identificado,,,false,0,0,0,0,0,0,0,0,0,0,0,0,0,0
20458,"Complexo do Lins, Lins de Vasconcelos, Rio de Janeiro - RJ, 20725-090, Brasil",Sudeste,Rio de Janeiro,Rio de Janeiro,LINS DE VASCONCELOS,,COMPLEXO DO LINS,-22.9127362000,-43.2823817000,"14/10/2018, 02:52:00",false,false,,Não identificado,,,false,0,0,0,0,0,0,0,0,0,0,0,0,0,0
20468,"R. Cardoso de Castro - Anchieta, Rio de Janeiro - RJ, 21630-080, Brasil",Sudeste,Rio de Janeiro,Rio de Janeiro,ANCHIETA,,,-22.8223836000,-43.4074704000,"14/10/2018, 09:30:00",false,true,,Tentativa/Roubo,,,false,1,0,0,0,0,0,0,0,0,0,1,0,0,0
20470,"R. Ernesto de Souza - Andarai, Rio de Janeiro - RJ, 20510-360, Brasil",Sudeste,Rio de Janeiro,Rio de Janeiro,ANDARAI,,MORRO DO CRUZ,-22.9275705000,-43.2497978000,"14/10/2018, 11:30:00",false,false,,Não identificado,,,false,0,0,0,0,0,0,0,0,0,0,0,0,0,0
20467,"São Carlos - Estácio, Rio de Janeiro - RJ, 20211-018, Brasil",Sudeste,Rio de Janeiro,Rio de Janeiro,ESTACIO,,MORRO DO SAO CARLOS (COMPLEXO DO SAO CARLOS),-22.9179180000,-43.2008949000,"14/10/2018, 13:07:00",false,false,,Não identificado,,,false,0,0,0,0,0,0,0,0,0,0,0,0,0,0
20477,"Santíssimo, Rio de Janeiro - RJ, Brasil",Sudeste,Rio de Janeiro,Rio de Janeiro,SANTISSIMO,,,-22.8759688000,-43.5263140000,"14/10/2018, 15:39:00",false,false,,Não identificado,,,false,0,0,0,0,0,0,0,0,0,0,0,0,0,0
20479,"Realengo, Rio de Janeiro - RJ, Brasil",Sudeste,Rio de Janeiro,Rio de Janeiro,REALENGO,,,-22.8763107000,-43.4302937000,"14/10/2018, 18:24:00",false,false,,Não identificado,,,false,0,0,0,0,0,0,0,0,0,0,0,0,0,0
20478,"R. Araújo Leitão - Engenho Novo, Rio de Janeiro - RJ, 20715-310, Brasil",Sudeste,Rio de Janeiro,Rio de Janeiro,ENGENHO NOVO,,,-22.9137398000,-43.2718519000,"14/10/2018, 19:57:00",false,false,,Não identificado,,,false,0,0,0,0,0,0,0,0,0,0,0,0,0,0
20481,"Favela Parque Esperança,  Caju, Rio de Janeiro - RJ, 20941-200, Brasil",Sudeste,Rio de Janeiro,Rio de Janeiro,CAJU,,PARQUE BOA ESPERANCA (COMPLEXO DO CAJU),-22.8810250000,-43.2279130000,"14/10/2018, 20:32:00",false,false,,Não identificado,,,false,0,0,0,0,0,0,0,0,0,0,0,0,0,0
20482,"Favela Barreira do Vasco, São Cristóvão, Rio de Janeiro - RJ, 20921-320, Brasil",Sudeste,Rio de Janeiro,Rio de Janeiro,SAO CRISTOVAO,,BARREIRA DO VASCO,-22.8878750000,-43.2285130000,"14/10/2018, 20:54:00",false,false,,Não identificado,,,false,0,0,0,0,0,0,0,0,0,0,0,0,0,0
20519,"Caju, Rio de Janeiro - RJ, Brasil",Sudeste,Rio de Janeiro,Rio de Janeiro,CAJU,,,-22.8792069000,-43.2155524000,"14/10/2018, 23:39:00",false,false,,Não identificado,,,false,0,0,0,0,0,0,0,0,0,0,0,0,0,0
20488,"Morro do Pavao - Copacabana, Rio de Janeiro - RJ, 22071-060, Brasil",Sudeste,Rio de Janeiro,Rio de Janeiro,COPACABANA,,MORRO DO PAVAO-PAVAOZINHO,-22.9811111000,-43.1975000000,"15/10/2018, 01:54:00",true,true,BOPE,Operação policial,,,false,0,0,0,0,0,0,0,0,0,0,0,0,0,0
20489,"15 (Quinze) - Cidade de Deus, Rio de Janeiro - RJ, Brasil",Sudeste,Rio de Janeiro,Rio de Janeiro,CIDADE DE DEUS,,CIDADE DE DEUS,-22.9482550000,-43.3624520000,"15/10/2018, 03:05:00",true,true,PM,Operação policial,,,false,0,0,0,0,0,0,0,0,0,0,0,0,0,0
20493,"R. Paulo Viana - Rocha Miranda, Rio de Janeiro - RJ, 21540-460, Brasil",Sudeste,Rio de Janeiro,Rio de Janeiro,ROCHA MIRANDA,,,-22.8529625000,-43.3446999000,"15/10/2018, 04:37:00",false,false,,Não identificado,,,false,0,0,0,0,0,0,0,0,0,0,0,0,0,0
20496,"Vila Kennedy, Rio de Janeiro - RJ, 21850-007, Brasil",Sudeste,Rio de Janeiro,Rio de Janeiro,VILA KENNEDY,,VILA KENNEDY,-22.8604006000,-43.4884116000,"15/10/2018, 05:00:00",true,true,PM,Ação policial,,,false,1,0,0,0,0,0,0,0,0,0,0,0,0,0
20497,"15 (Quinze) - Cidade de Deus, Rio de Janeiro - RJ, Brasil",Sudeste,Rio de Janeiro,Rio de Janeiro,CIDADE DE DEUS,,CIDADE DE DEUS,-22.9479920000,-43.3627700000,"15/10/2018, 05:55:00",true,true,N�o identificado,Ação policial,,,false,0,0,0,0,0,0,0,0,0,0,0,0,0,0
20500,"Favela Vila Cruzeiro - Penha, Rio de Janeiro - RJ, 21070-370, Brasil",Sudeste,Rio de Janeiro,Rio de Janeiro,PENHA,,VILA CRUZEIRO (COMPLEXO DA PENHA),-22.8487251000,-43.2822820000,"15/10/2018, 06:00:00",true,true,UPP (Complexo da Penha),Ação policial,,,false,0,1,0,0,0,0,0,0,0,0,0,0,0,0
20502,"Morro do Borel - Tijuca, Rio de Janeiro - RJ, 20530-001, Brasil",Sudeste,Rio de Janeiro,Rio de Janeiro,TIJUCA,,MORRO DO BOREL,-22.9393524000,-43.2521412000,"15/10/2018, 08:27:00",false,false,,Não identificado,,,false,0,0,0,0,0,0,0,0,0,0,0,0,0,0
20503,"Bairro Carioca, Triagem, Rio de Janeiro - RJ, 20911-240, Brasil",Sudeste,Rio de Janeiro,Rio de Janeiro,BENFICA,,BAIRRO CARIOCA (TRIAGEM),-22.8931210000,-43.2448250000,"15/10/2018, 13:37:00",false,false,,Não identificado,,,false,0,0,0,0,0,0,0,0,0,0,0,0,0,0
20504,"Favela Cinco Bocas, Braz de Pina, Rio de Janeiro - RJ, 21863-810, Brasil",Sudeste,Rio de Janeiro,Rio de Janeiro,BRAS DE PINA,,FAVELA 5 BOCAS (COMPLEXO DE ISRAEL),-22.8220535000,-43.2848837000,"15/10/2018, 13:55:00",false,false,,Não identificado,,,false,0,0,0,0,0,0,0,0,0,0,0,0,0,0
20526,"Morro do Juramento - Vicente de Carvalho, Rio de Janeiro - RJ, Brasil",Sudeste,Rio de Janeiro,Rio de Janeiro,VICENTE DE CARVALHO,,MORRO DO JURAMENTO (COMPLEXO DO JURAMENTO),-22.8627778000,-43.3152778000,"15/10/2018, 14:38:00",false,false,,Não identificado,,,false,0,0,0,0,0,0,0,0,0,0,0,0,0,0
20509,"R. Guaporé - Bráz De Pina, Rio de Janeiro - RJ, 21215-100, Brasil",Sudeste,Rio de Janeiro,Rio de Janeiro,BRAS DE PINA,,QUITUNGO-GUAPORE,-22.8343372000,-43.2914437000,"15/10/2018, 18:15:00",false,false,,Não identificado,,,false,0,0,0,0,0,0,0,0,0,0,0,0,0,0
20513,"Cordovil, Rio de Janeiro - RJ, Brasil",Sudeste,Rio de Janeiro,Rio de Janeiro,CORDOVIL,,,-22.8234412000,-43.2959357000,"15/10/2018, 18:15:00",false,false,,Não identificado,,,false,0,0,0,0,0,0,0,0,0,0,0,0,0,0
20508,"Av. Paulo de Frontin, Rio Comprido, Rio de Janeiro - RJ, 20261-190, Brasil",Sudeste,Rio de Janeiro,Rio de Janeiro,RIO COMPRIDO,,,-22.9243216000,-43.2096255000,"15/10/2018, 18:21:00",false,true,,Tentativa/Roubo,,,false,0,0,0,1,0,0,0,0,0,0,0,0,0,0
20510,"Favela do Curral, Irajá, Rio de Janeiro - RJ, 21230-363, Brasil",Sudeste,Rio de Janeiro,Rio de Janeiro,IRAJA,,FAVELA DO CURRAL,-22.8306131000,-43.3251121000,"15/10/2018, 18:37:00",false,false,,Não identificado,,,false,0,0,0,0,0,0,0,0,0,0,0,0,0,0
20514,"Costa Barros, Rio de Janeiro - RJ, Brasil",Sudeste,Rio de Janeiro,Rio de Janeiro,COSTA BARROS,,,-22.8246493000,-43.3727275000,"15/10/2018, 18:42:00",false,false,,Não identificado,,,false,0,0,0,0,0,0,0,0,0,0,0,0,0,0
20511,"Barrão, Vila Kennedy, Bangu, Rio de Janeiro - RJ, 21850-007, Brasil",Sudeste,Rio de Janeiro,Rio de Janeiro,VILA KENNEDY,,VILA KENNEDY,-22.8604006000,-43.4884116000,"15/10/2018, 18:53:00",false,false,,Não identificado,,,false,0,0,0,0,0,0,0,0,0,0,0,0,0,0
20515,"Olaria, Rio de Janeiro - RJ, Brasil",Sudeste,Rio de Janeiro,Rio de Janeiro,OLARIA,,,-22.8486837000,-43.2667767000,"15/10/2018, 19:03:00",false,false,,Não identificado,,,false,0,0,0,0,0,0,0,0,0,0,0,0,0,0
20535,"R. da Caixa D`Água - Leme, Rio de Janeiro - RJ, 22010-060, Brasil",Sudeste,Rio de Janeiro,Rio de Janeiro,LEME,,BABILONIA,-22.9598982000,-43.1728250000,"15/10/2018, 19:15:00",false,false,,Não identificado,,,false,0,0,0,0,0,0,0,0,0,0,0,0,0,0
20520,"R. Macedo Braga - Abolição, Rio de Janeiro - RJ, 20755-180, Brasil",Sudeste,Rio de Janeiro,Rio de Janeiro,ABOLICAO,,,-22.8865655000,-43.2987598000,"15/10/2018, 23:00:00",false,true,,Tentativa/Roubo a banco,,,false,0,0,0,0,0,0,0,0,0,0,0,0,0,0
20524,"Cidade Alta, Cordovil, Rio de Janeiro - RJ, 21010-200, Brasil",Sudeste,Rio de Janeiro,Rio de Janeiro,CORDOVIL,,CIDADE ALTA (COMPLEXO DE ISRAEL),-22.8196976000,-43.2943395000,"15/10/2018, 23:11:00",false,false,,Não identificado,,,false,0,0,0,0,0,0,0,0,0,0,0,0,0,0
20523,"Morro do Urubu - Pilares, Rio de Janeiro - RJ, 20750-150, Brasil",Sudeste,Rio de Janeiro,Rio de Janeiro,PILARES,,MORRO DO URUBU (COMPLEXO DO URUBU),-22.8763889000,-43.3033333000,"15/10/2018, 23:28:00",false,false,,Não identificado,,,false,0,0,0,0,0,0,0,0,0,0,0,0,0,0
20522,"Morro do Andaraí, Andaraí, Rio de Janeiro - RJ, 20541-210, Brasil",Sudeste,Rio de Janeiro,Rio de Janeiro,ANDARAI,,MORRO DO ANDARAI,-22.9335584000,-43.2577124000,"16/10/2018, 02:30:00",false,false,,Não identificado,,,false,0,0,0,0,0,0,0,0,0,0,0,0,0,0
20525,"Morro do Juramento - Vicente de Carvalho, Rio de Janeiro - RJ, Brasil",Sudeste,Rio de Janeiro,Rio de Janeiro,VICENTE DE CARVALHO,,MORRO DO JURAMENTO (COMPLEXO DO JURAMENTO),-22.8627778000,-43.3152778000,"16/10/2018, 03:28:00",false,false,,Não identificado,,,false,0,0,0,0,0,0,0,0,0,0,0,0,0,0
20529,"Rua Tenente Lassance - Anchieta, Rio de Janeiro - RJ, 21635-440, Brasil",Sudeste,Rio de Janeiro,Rio de Janeiro,ANCHIETA,,FAVELA DO TATAO,-22.8296969000,-43.4102822000,"16/10/2018, 04:10:00",false,false,,Não identificado,,,false,0,0,0,0,0,0,0,0,0,0,0,0,0,0
20531,"Morro de São Bento - Bangu, Rio de Janeiro - RJ, 21765-290, Brasil",Sudeste,Rio de Janeiro,Rio de Janeiro,BANGU,,MORRO SAO BENTO,-22.8644444000,-43.4600000000,"16/10/2018, 07:15:00",false,false,,Não identificado,,,false,0,0,0,0,0,0,0,0,0,0,0,0,0,0
20532,"Malvina, Vila Kennedy, Rio de Janeiro - RJ, 21850-020, Brasil",Sudeste,Rio de Janeiro,Rio de Janeiro,VILA KENNEDY,,VILA KENNEDY,-22.8604006000,-43.4884116000,"16/10/2018, 07:42:00",true,true,N�o identificado,Ação policial,,,false,0,0,0,0,0,0,0,0,0,0,0,0,0,0
20542,"Condomínio das Acácias - Estrada do Itararé  - Ramos, Rio de Janeiro - RJ, 21061-200, Brasil",Sudeste,Rio de Janeiro,Rio de Janeiro,BONSUCESSO,,CONDOMINIO DAS ACACIAS,-22.8656612000,-43.2682579000,"16/10/2018, 13:07:00",true,true,N�o identificado,Ação policial,,,false,0,0,0,0,0,0,0,0,0,0,0,0,0,0
20543,"Favela Cinco Bocas, Bráz de Pina, Rio de Janeiro - RJ, 21725-570, Brasil",Sudeste,Rio de Janeiro,Rio de Janeiro,BRAS DE PINA,,FAVELA 5 BOCAS (COMPLEXO DE ISRAEL),-22.8222343000,-43.2849020000,"16/10/2018, 14:15:00",false,false,,Não identificado,,,false,0,0,0,0,0,0,0,0,0,0,0,0,0,0
20549,"Campo Grande, Rio de Janeiro - RJ, Brasil",Sudeste,Rio de Janeiro,Rio de Janeiro,CAMPO GRANDE,,,-22.9035842000,-43.5662438000,"16/10/2018, 16:15:00",false,false,,Não identificado,,,false,0,0,0,0,0,0,0,0,0,0,0,0,0,0
20554,"Fazenda Botafogo,  Coelho Neto, Rio de Janeiro - RJ, 21530-090, Brasil",Sudeste,Rio de Janeiro,Rio de Janeiro,COELHO NETO,,CONJUNTO FAZENDA BOTAFOGO (COMPLEXO DA PEDREIRA),-22.8271550000,-43.3508480000,"16/10/2018, 17:31:00",false,false,,Não identificado,,,false,0,0,0,0,0,0,0,0,0,0,0,0,0,0
20553,"14, Vidigal, Rio de Janeiro - RJ, Brasil",Sudeste,Rio de Janeiro,Rio de Janeiro,VIDIGAL,,VIDIGAL,-22.9939022000,-43.2358343000,"16/10/2018, 17:34:00",false,false,,Não identificado,,,false,0,0,0,0,0,0,0,0,0,0,0,0,0,0
20555,"Morro São João,  Engenho Novo, Rio de Janeiro - RJ, 20715-030, Brasil",Sudeste,Rio de Janeiro,Rio de Janeiro,ENGENHO NOVO,,MORRO SAO JOAO,-22.9111650000,-43.2660370000,"16/10/2018, 18:12:00",false,false,,Não identificado,,,false,0,0,0,0,0,0,0,0,0,0,0,0,0,0
20558,"Abolição, Rio de Janeiro - RJ, Brasil",Sudeste,Rio de Janeiro,Rio de Janeiro,ABOLICAO,,,-22.8880020000,-43.2992789000,"16/10/2018, 18:22:00",false,false,,Não identificado,,,false,0,0,0,0,0,0,0,0,0,0,0,0,0,0
20561,"R. Bartolomeu de Gusmão - São Cristóvão, Rio de Janeiro - RJ, 20941-160, Brasil",Sudeste,Rio de Janeiro,Rio de Janeiro,SAO CRISTOVAO,,,-22.9095609000,-43.2227946000,"16/10/2018, 18:25:00",false,false,,Não identificado,,,false,0,0,0,0,0,0,0,0,0,0,0,0,0,0
20567,"Tijuca, Rio de Janeiro - RJ, Brasil",Sudeste,Rio de Janeiro,Rio de Janeiro,TIJUCA,,,-22.9325728000,-43.2410248000,"16/10/2018, 18:32:00",false,false,,Não identificado,,,false,0,0,0,0,0,0,0,0,0,0,0,0,0,0
20556,"Morro do Pinto - Santo Cristo, Rio de Janeiro - RJ, 20220-020, Brasil",Sudeste,Rio de Janeiro,Rio de Janeiro,SANTO CRISTO,,MORRO DO PINTO,-22.9025000000,-43.2013889000,"16/10/2018, 18:36:00",false,false,,Não identificado,,,false,0,0,0,0,0,0,0,0,0,0,0,0,0,0
20557,"Costa Barros, Rio de Janeiro - RJ, Brasil",Sudeste,Rio de Janeiro,Rio de Janeiro,COSTA BARROS,,,-22.8246493000,-43.3727275000,"16/10/2018, 18:42:00",false,false,,Não identificado,,,false,0,0,0,0,0,0,0,0,0,0,0,0,0,0
20563,"Sapo e Metral, Vila Kennedy - Bangu, Rio de Janeiro - RJ, 21850-007, Brasil",Sudeste,Rio de Janeiro,Rio de Janeiro,VILA KENNEDY,,VILA KENNEDY,-22.8604006000,-43.4884116000,"16/10/2018, 19:16:00",false,false,,Não identificado,,,false,0,0,0,0,0,0,0,0,0,0,0,0,0,0
20570,"Sapo e Metral, Vila Kennedy - Bangu, Rio de Janeiro - RJ, 21850-007, Brasil",Sudeste,Rio de Janeiro,Rio de Janeiro,VILA KENNEDY,,VILA KENNEDY,-22.8604006000,-43.4884116000,"16/10/2018, 20:14:00",true,true,FFAA,Ação policial,,,false,0,0,0,1,0,0,0,0,0,0,0,0,0,0
20578,"R. do Livramento - Gambôa, Rio de Janeiro - RJ, Brasil",Sudeste,Rio de Janeiro,Rio de Janeiro,GAMBOA,,MORRO DO LIVRAMENTO,-22.8972561000,-43.1927560000,"16/10/2018, 20:57:00",false,false,,Não identificado,,,false,0,0,0,0,0,0,0,0,0,0,0,0,0,0
20576,"Av. do Catequista - Vila Aliança, Bangu, Rio de Janeiro - RJ, Brasil",Sudeste,Rio de Janeiro,Rio de Janeiro,BANGU,,VILA ALIANCA,-22.8704207000,-43.4759000000,"16/10/2018, 23:30:00",true,true,N�o identificado,Ação policial,,,false,0,0,0,0,0,0,0,0,0,0,0,0,0,0
20577,"Morro do São Carlos, Estácio, Rio de Janeiro - RJ, 20250-170, Brasil",Sudeste,Rio de Janeiro,Rio de Janeiro,ESTACIO,,MORRO DO SAO CARLOS (COMPLEXO DO SAO CARLOS),-22.9247536000,-43.1973215000,"17/10/2018, 02:03:00",true,true,UPP (S�o Carlos),Operação policial,,,false,1,0,0,0,0,0,0,0,0,0,0,0,0,0
20580,"Bancários, Ilha do Governador, Rio de Janeiro - RJ, Brasil",Sudeste,Rio de Janeiro,Rio de Janeiro,BANCARIOS,,,-22.8052385000,-43.2086085000,"17/10/2018, 03:39:00",true,true,N�o identificado,Ação policial,,,false,0,0,0,0,0,0,0,0,0,0,0,0,0,0
20585,"Bairro Carioca, Triagem, Rio de Janeiro - RJ, 20911-240, Brasil",Sudeste,Rio de Janeiro,Rio de Janeiro,ROCHA,TRIAGEM,BAIRRO CARIOCA (TRIAGEM),-22.8962526000,-43.2448690000,"17/10/2018, 06:30:00",false,false,,Não identificado,,,false,0,0,0,0,0,0,0,0,0,0,0,0,0,0
20586,"Praça São Lucas - Penha, Rio de Janeiro - RJ, 21070-000, Brasil",Sudeste,Rio de Janeiro,Rio de Janeiro,PENHA,,PARQUE PROLETARIO (COMPLEXO DA PENHA),-22.8469584000,-43.2841896000,"17/10/2018, 07:00:00",true,true,N�o identificado,Ação policial,,,false,0,1,0,0,0,0,0,0,0,0,0,0,0,0
20596,"Caminho do Lúcio  - Vila Aliança / Senador Camará, Rio de Janeiro - RJ, 21842-430, Brasil",Sudeste,Rio de Janeiro,Rio de Janeiro,BANGU,,VILA ALIANCA,-22.8699960000,-43.4828870000,"17/10/2018, 12:39:00",false,false,,Não identificado,,,false,0,0,0,0,0,0,0,0,0,0,0,0,0,0
20597,"Morro dos Prazeres - Rio Comprido, Rio de Janeiro - RJ, 20251-060, Brasil",Sudeste,Rio de Janeiro,Rio de Janeiro,RIO COMPRIDO,,MORRO DOS PRAZERES,-22.9292742000,-43.2030255000,"17/10/2018, 12:42:00",true,true,N�o identificado,Ação policial,,,false,0,0,0,0,0,0,0,0,0,0,0,0,0,0
20600,"Malvinas, Vila Kennedy, Rio de Janeiro - RJ, 21850-007, Brasil",Sudeste,Rio de Janeiro,Rio de Janeiro,VILA KENNEDY,,VILA KENNEDY,-22.8600690000,-43.4882200000,"17/10/2018, 13:00:00",false,false,,Não identificado,,,false,0,0,0,0,0,0,0,0,0,0,0,0,0,0
20603,"R. Paula Ramos - Rio Comprido, Rio de Janeiro - RJ, Brasil",Sudeste,Rio de Janeiro,Rio de Janeiro,RIO COMPRIDO,,SANTA ALEXANDRINA,-22.9354587000,-43.2118946000,"17/10/2018, 14:01:00",false,false,,Não identificado,,,false,0,0,0,0,0,0,0,0,0,0,0,0,0,0
20614,"Rua Uruguai - Tijuca, Rio de Janeiro - RJ, Brasil",Sudeste,Rio de Janeiro,Rio de Janeiro,TIJUCA,,,-22.9287537000,-43.2435414000,"17/10/2018, 17:55:00",false,false,,Não identificado,,,false,0,0,0,0,0,0,0,0,0,0,0,0,0,0
20625,"Acari, Rio de Janeiro - RJ, Brasil",Sudeste,Rio de Janeiro,Rio de Janeiro,ACARI,,,-22.8255312000,-43.3444600000,"17/10/2018, 18:07:00",false,false,,Não identificado,,,false,0,0,0,0,0,0,0,0,0,0,0,0,0,0
20626,"Cosmos, Rio de Janeiro - RJ, Brasil",Sudeste,Rio de Janeiro,Rio de Janeiro,COSMOS,,,-22.9120556000,-43.6146683000,"17/10/2018, 18:58:00",false,false,,Não identificado,,,false,0,0,0,0,0,0,0,0,0,0,0,0,0,0
20627,"Madureira, Rio de Janeiro - RJ, Brasil",Sudeste,Rio de Janeiro,Rio de Janeiro,MADUREIRA,,,-22.8725334000,-43.3363639000,"17/10/2018, 19:09:00",false,false,,Não identificado,,,false,0,0,0,0,0,0,0,0,0,0,0,0,0,0
20628,"Morro do Pavão - Copacabana, Rio de Janeiro - RJ, 22071-060, Brasil",Sudeste,Rio de Janeiro,Rio de Janeiro,COPACABANA,,MORRO DO PAVAO-PAVAOZINHO,-22.9811111000,-43.1975000000,"17/10/2018, 19:39:00",false,false,,Não identificado,,,false,0,0,0,0,0,0,0,0,0,0,0,0,0,0
20621,"Marco Sete, Senador Camará, Rio de Janeiro - RJ, 21831-200, Brasil",Sudeste,Rio de Janeiro,Rio de Janeiro,SENADOR CAMARA,,,-22.8838263000,-43.4987146000,"17/10/2018, 19:58:00",false,false,,Não identificado,,,false,0,0,0,0,0,0,0,0,0,0,0,0,0,0
20624,"Fallet/Fogueteiro, Santa Teresa, Rio de Janeiro - RJ, Brasil",Sudeste,Rio de Janeiro,Rio de Janeiro,SANTA TERESA,,FALLET/FOGUETEIRO,-22.9264256000,-43.1982392000,"17/10/2018, 19:59:00",false,false,,Não identificado,,,false,0,0,0,0,0,0,0,0,0,0,0,0,0,0
20630,"Bangu, Rio de Janeiro - RJ, Brasil",Sudeste,Rio de Janeiro,Rio de Janeiro,BANGU,,,-22.8742263000,-43.4685442000,"17/10/2018, 19:59:00",false,false,,Não identificado,,,false,0,0,0,0,0,0,0,0,0,0,0,0,0,0
20631,"Campo Grande, Rio de Janeiro - RJ, Brasil",Sudeste,Rio de Janeiro,Rio de Janeiro,CAMPO GRANDE,,,-22.9035842000,-43.5662438000,"17/10/2018, 20:00:00",false,false,,Não identificado,,,false,0,0,0,0,0,0,0,0,0,0,0,0,0,0
20622,"Cavalo de Aço, Santíssimo, Rio de Janeiro - RJ, 23010-003, Brasil",Sudeste,Rio de Janeiro,Rio de Janeiro,SENADOR CAMARA,,COMUNIDADE CAVALO DE ACO,-22.8784880000,-43.5051850000,"17/10/2018, 20:05:00",false,false,,Não identificado,,,false,0,0,0,0,0,0,0,0,0,0,0,0,0,0
20633,"Rua Clarimundo de Melo, 790 - Piedade, Rio de Janeiro - RJ, 20740-323, Brasil",Sudeste,Rio de Janeiro,Rio de Janeiro,QUINTINO BOCAIUVA,,COMPLEXO DO 18,-22.8935416000,-43.3217684000,"18/10/2018, 02:05:00",false,false,,Não identificado,,,false,0,0,0,0,0,0,0,0,0,0,0,0,0,0
20634,"Morro do Dezoito -Água Santa, Rio de Janeiro - RJ, Brasil",Sudeste,Rio de Janeiro,Rio de Janeiro,QUINTINO BOCAIUVA,,MORRO DO 18 (COMPLEXO DO 18),-22.8973380000,-43.3232820000,"18/10/2018, 03:05:00",true,true,N�o identificado,Ação policial,,,false,0,0,0,0,0,0,0,0,0,0,0,0,0,0
20645,"Av. Lúcio Costa, 2300 - Barra da Tijuca, Rio de Janeiro - RJ, 22630-010, Brasil",Sudeste,Rio de Janeiro,Rio de Janeiro,BARRA DA TIJUCA,,,-23.0123465000,-43.3188428000,"18/10/2018, 03:55:00",false,false,,Não identificado,,,false,0,0,0,0,0,0,0,0,0,0,0,0,0,0
20638,"R. Merendiba - Vila Cruzeiro,  Penha, Rio de Janeiro - RJ, 21070-000, Brasil",Sudeste,Rio de Janeiro,Rio de Janeiro,OLARIA,,MORRO DA MERENDIBA (COMPLEXO DA PENHA),-22.8472161000,-43.2754407000,"18/10/2018, 04:41:00",false,false,,Não identificado,,,false,0,0,0,0,0,0,0,0,0,0,0,0,0,0
20640,"Estrada José Rucas, 1202-1326 - Penha, Rio de Janeiro - RJ, 21070-370, Brasil",Sudeste,Rio de Janeiro,Rio de Janeiro,PENHA,,VILA CRUZEIRO (COMPLEXO DA PENHA),-22.8487441000,-43.2828813000,"18/10/2018, 05:31:00",false,false,,Não identificado,,,false,0,0,0,0,0,0,0,0,0,0,0,0,0,0
21676,"R. Canitar e Área 5, Complexo do Alemão, Rio de Janeiro - RJ, 20766-200, Brasil",Sudeste,Rio de Janeiro,Rio de Janeiro,COMPLEXO DO ALEMAO,,COMPLEXO DO ALEMAO,-22.8640718000,-43.2858740000,"18/10/2018, 05:38:00",false,false,,Não identificado,,,false,0,0,0,0,0,0,0,0,0,0,0,0,0,0
20705,"Santa Cruz, Rio de Janeiro - RJ, Brasil",Sudeste,Rio de Janeiro,Rio de Janeiro,SANTA CRUZ,,,-22.9196515000,-43.6843877000,"18/10/2018, 07:00:00",false,true,,Suicídio,,,false,0,0,0,0,0,0,0,0,0,0,0,0,0,0
20643,"Complexo do Chapadão, Pavuna, Rio de Janeiro - RJ, 21520-090, Brasil",Sudeste,Rio de Janeiro,Rio de Janeiro,PAVUNA,,COMPLEXO DO CHAPADAO,-22.8112800000,-43.3627200000,"18/10/2018, 08:22:00",false,false,,Não identificado,,,false,0,0,0,0,0,0,0,0,0,0,0,0,0,0
20654,"Caminho do Pasto,  Andaraí, Rio de Janeiro - RJ, Brasil",Sudeste,Rio de Janeiro,Rio de Janeiro,ANDARAI,,FAVELA PARQUE JOAO PAULO II (OU SA VIANA),-22.9309354000,-43.2590600000,"18/10/2018, 09:46:00",true,true,UPP (Andara�),Ação policial,,,false,0,1,0,0,0,0,0,0,0,0,0,0,0,0
20651,"Santa Teresa, Rio de Janeiro - RJ, Brasil",Sudeste,Rio de Janeiro,Rio de Janeiro,SANTA TERESA,,,-22.9191206000,-43.1907328000,"18/10/2018, 11:40:00",false,false,,Não identificado,,,false,0,0,0,0,0,0,0,0,0,0,0,0,0,0
20652,"Quitungo - Bráz De Pina, Rio de Janeiro - RJ, 21215-562, Brasil",Sudeste,Rio de Janeiro,Rio de Janeiro,BRAS DE PINA,,QUITUNGO-GUAPORE,-22.8319059000,-43.3022090000,"18/10/2018, 12:27:00",false,false,,Não identificado,,,false,0,0,0,0,0,0,0,0,0,0,0,0,0,0
20653,"Estr. dos Teixeiras - Taquara, Rio de Janeiro - RJ, Brasil",Sudeste,Rio de Janeiro,Rio de Janeiro,TAQUARA,,BOIUNA,-22.9133843000,-43.4156717000,"18/10/2018, 12:52:00",false,false,,Não identificado,,,false,0,0,0,0,0,0,0,0,0,0,0,0,0,0
20664,"Morro do Borel, Tijuca, Rio de Janeiro - RJ, 20530-003, Brasil",Sudeste,Rio de Janeiro,Rio de Janeiro,TIJUCA,,MORRO DO BOREL,-22.9397810000,-43.2536960000,"18/10/2018, 17:47:00",false,false,,Não identificado,,,false,0,0,0,0,0,0,0,0,0,0,0,0,0,0
20670,"R. Dr. Nunes - Olaria, Rio de Janeiro - RJ, Brasil",Sudeste,Rio de Janeiro,Rio de Janeiro,OLARIA,,,-22.8412311000,-43.2625440000,"18/10/2018, 18:36:00",false,false,,Não identificado,,,false,0,0,0,0,0,0,0,0,0,0,0,0,0,0
20673,"Vila Joaniza,  Galeão, Rio de Janeiro - RJ, 21941-640, Brasil",Sudeste,Rio de Janeiro,Rio de Janeiro,GALEAO,,MORRO DO BARBANTE (OU VILA JOANIZA),-22.8138979000,-43.2308790000,"18/10/2018, 19:40:00",false,false,,Não identificado,,,false,0,0,0,0,0,0,0,0,0,0,0,0,0,0
20686,"R. Eduardo, 13 (Reta da Base) - Santa Cruz, Rio de Janeiro - RJ, 23555-130, Brasil",Sudeste,Rio de Janeiro,Rio de Janeiro,SANTA CRUZ,,,-22.9153569000,-43.6950332000,"18/10/2018, 20:00:00",true,true,N�o identificado,Ação policial,,,false,0,0,0,0,0,0,0,0,0,0,0,0,0,0
20679,"Vidigal, Rio de Janeiro - RJ, Brasil",Sudeste,Rio de Janeiro,Rio de Janeiro,VIDIGAL,,VIDIGAL,-22.9939022000,-43.2358343000,"18/10/2018, 21:04:00",false,false,,Não identificado,,,false,0,0,0,0,0,0,0,0,0,0,0,0,0,0
20677,"Túnel Santa Bárbara, Catumbi, Rio de Janeiro - RJ, 20251-380, Brasil",Sudeste,Rio de Janeiro,Rio de Janeiro,CATUMBI,,,-22.9214951000,-43.1929035000,"18/10/2018, 21:20:00",true,true,PM,Tentativa/Roubo,,Perseguição,false,1,0,0,0,0,0,0,0,0,0,0,0,0,0
20680,"Cidade de Deus, Rio de Janeiro - RJ, Brasil",Sudeste,Rio de Janeiro,Rio de Janeiro,CIDADE DE DEUS,,CIDADE DE DEUS,-22.9481688000,-43.3626721000,"19/10/2018, 01:45:00",false,false,,Não identificado,,,false,0,0,0,0,0,0,0,0,0,0,0,0,0,0
20678,"Morro do 18 Água Santa Rio de Janeiro - RJ, 20740-380, Brasil",Sudeste,Rio de Janeiro,Rio de Janeiro,QUINTINO BOCAIUVA,,MORRO DO 18 (COMPLEXO DO 18),-22.8988889000,-43.3219444000,"19/10/2018, 02:28:00",true,true,N�o identificado,Operação policial,,,false,0,0,0,0,0,0,0,0,0,0,0,0,0,0
20683,"Fallet / Fogueteiro - Santa Teresa, Rio de Janeiro - RJ, 20241-360, Brasil",Sudeste,Rio de Janeiro,Rio de Janeiro,SANTA TERESA,,FALLET/FOGUETEIRO,-22.9265111000,-43.1964401000,"19/10/2018, 03:13:00",false,false,,Não identificado,,,false,0,0,0,0,0,0,0,0,0,0,0,0,0,0
20682,"São Carlos, Estácio, Rio de Janeiro - RJ, 20250-053, Brasil",Sudeste,Rio de Janeiro,Rio de Janeiro,ESTACIO,,MORRO DO SAO CARLOS (COMPLEXO DO SAO CARLOS),-22.9156309000,-43.2044151000,"19/10/2018, 03:25:00",true,true,N�o identificado,Ação policial,,,false,0,0,0,0,0,0,0,0,0,0,0,0,0,0
20685,"Comunidade da Pedreira - Costa Barros, Rio de Janeiro - RJ, 21515-460, Brasil",Sudeste,Rio de Janeiro,Rio de Janeiro,COSTA BARROS,,MORRO DA PEDREIRA (COMPLEXO DA PEDREIRA),-22.8241667000,-43.3644444000,"19/10/2018, 04:10:00",false,false,,Não identificado,,,false,0,0,0,0,0,0,0,0,0,0,0,0,0,0
20687,"Morro do Borel, Tijuca, Rio de Janeiro - RJ, 20530-003, Brasil",Sudeste,Rio de Janeiro,Rio de Janeiro,TIJUCA,,MORRO DO BOREL,-22.9395041000,-43.2515359000,"19/10/2018, 05:44:00",false,false,,Não identificado,,,false,0,0,0,0,0,0,0,0,0,0,0,0,0,0
20689,"Favela Céu Azul, Engenho Novo, Rio de Janeiro - RJ, 20950-310, Brasil",Sudeste,Rio de Janeiro,Rio de Janeiro,ENGENHO NOVO,,FAVELA DO CEU AZUL,-22.9014093000,-43.2674891000,"19/10/2018, 06:21:00",false,false,,Não identificado,,,false,0,0,0,0,0,0,0,0,0,0,0,0,0,0
20691,"Morro do Amor, Complexo do Lins, Lins de Vasconcelos, Rio de Janeiro - RJ, 20725-090, Brasil",Sudeste,Rio de Janeiro,Rio de Janeiro,LINS DE VASCONCELOS,,MORRO DO AMOR (COMPLEXO DO LINS),-22.9127362000,-43.2823817000,"19/10/2018, 06:41:00",true,true,UPP (Lins),Ação policial,,,false,0,0,0,0,0,0,0,0,0,0,0,0,0,0
20692,"R. Prof. Oscár Clark - Bráz De Pina, Rio de Janeiro - RJ, Brasil",Sudeste,Rio de Janeiro,Rio de Janeiro,BRAS DE PINA,,,-22.8347712000,-43.3110785000,"19/10/2018, 07:16:00",false,false,,Não identificado,,,false,0,0,0,0,0,0,0,0,0,0,0,0,0,0
20698,"Av. Braz de Pina - Penha Circular, Rio de Janeiro - RJ, Brasil",Sudeste,Rio de Janeiro,Rio de Janeiro,PENHA CIRCULAR,,,-22.8381262000,-43.2920852000,"19/10/2018, 08:00:00",true,true,N�o identificado,Tentativa/Roubo de cargas,,Perseguição,false,0,1,0,0,0,0,0,0,0,0,0,0,0,0
20696,"Pavão Pavãozinho - Copacabana, Rio de Janeiro - RJ, 22071-060, Brasil",Sudeste,Rio de Janeiro,Rio de Janeiro,COPACABANA,,MORRO DO PAVAO-PAVAOZINHO,-22.9806365000,-43.1950302000,"19/10/2018, 09:18:00",true,true,N�o identificado,Ação policial,,,false,0,0,0,0,0,0,0,0,0,0,0,0,0,0
20699,"Comunidade da Pedreira - Costa Barros, Rio de Janeiro - RJ, 21515-650, Brasil",Sudeste,Rio de Janeiro,Rio de Janeiro,COSTA BARROS,,MORRO DA PEDREIRA (COMPLEXO DA PEDREIRA),-22.8241149000,-43.3641975000,"19/10/2018, 11:53:00",false,false,,Não identificado,,,false,0,0,0,0,0,0,0,0,0,0,0,0,0,0
20701,"Morro do São João - Engenho Novo, Rio de Janeiro - RJ, 20715-030, Brasil",Sudeste,Rio de Janeiro,Rio de Janeiro,ENGENHO NOVO,,MORRO SAO JOAO,-22.9112769000,-43.2656210000,"19/10/2018, 12:12:00",false,false,,Não identificado,,,false,0,0,0,0,0,0,0,0,0,0,0,0,0,0
22514,"R. Nilópolis - Realengo, Rio de Janeiro - RJ, Brasil",Sudeste,Rio de Janeiro,Rio de Janeiro,REALENGO,,,-22.8647392000,-43.4422434000,"19/10/2018, 13:00:00",false,true,,Não identificado,,,false,0,0,0,1,0,0,0,0,0,0,0,0,0,0
20702,"Santa Marta - Botafogo, Rio de Janeiro - RJ, 22260-140, Brasil",Sudeste,Rio de Janeiro,Rio de Janeiro,BOTAFOGO,,SANTA MARTA,-22.9483040000,-43.1933002000,"19/10/2018, 13:40:00",true,true,N�o identificado,Ação policial,,,false,0,0,0,0,0,0,0,0,0,0,0,0,0,0
20709,"Favela do Cajueiro, Madureira, Rio de Janeiro - RJ, 21360-540, Brasil",Sudeste,Rio de Janeiro,Rio de Janeiro,MADUREIRA,,MORRO DO CAJUEIRO (COMPLEXO DO CAJUEIRO),-22.8640669000,-43.3359107000,"19/10/2018, 19:04:00",true,true,N�o identificado,Ação policial,,,false,0,2,0,0,0,0,0,0,0,0,0,0,0,0
20715,"Irajá, Rio de Janeiro - RJ, Brasil",Sudeste,Rio de Janeiro,Rio de Janeiro,IRAJA,,,-22.8387571000,-43.3241817000,"19/10/2018, 20:14:00",false,false,,Não identificado,,,false,0,0,0,0,0,0,0,0,0,0,0,0,0,0
20717,"R. Congo - Bangu, Rio de Janeiro - RJ, 21852-580, Brasil",Sudeste,Rio de Janeiro,Rio de Janeiro,VILA KENNEDY,,VILA KENNEDY,-22.8621273000,-43.4906937000,"19/10/2018, 23:14:00",false,false,,Não identificado,,,false,0,0,0,0,0,0,0,0,0,0,0,0,0,0
20720,"Pedra do Seu Vitor - Vidigal, Rio de Janeiro - RJ, 22450-280, Brasil",Sudeste,Rio de Janeiro,Rio de Janeiro,VIDIGAL,,VIDIGAL,-22.9938906000,-43.2361445000,"20/10/2018, 03:15:00",false,false,,Não identificado,,,false,0,0,0,0,0,0,0,0,0,0,0,0,0,0
20723,"R. Alcobaça - Anchieta, Rio de Janeiro - RJ, Brasil",Sudeste,Rio de Janeiro,Rio de Janeiro,ANCHIETA,,FAVELA DO JAVALI (COMPLEXO DO CHAPADAO),-22.8268424000,-43.3921702000,"20/10/2018, 03:54:00",false,false,,Não identificado,,,false,0,0,0,0,0,0,0,0,0,0,0,0,0,0
20729,"Malvina, Vila Kennedy, Rio de Janeiro - RJ, 21850-007, Brasil",Sudeste,Rio de Janeiro,Rio de Janeiro,VILA KENNEDY,,VILA KENNEDY,-22.8622904000,-43.4865673000,"20/10/2018, 05:05:00",true,true,PM,Ação policial,,,false,2,0,0,0,0,0,0,0,0,0,0,0,0,0
20730,"Cidade Alta, Cordovil, Rio de Janeiro - RJ, 21010-200, Brasil",Sudeste,Rio de Janeiro,Rio de Janeiro,CORDOVIL,,CIDADE ALTA (COMPLEXO DE ISRAEL),-22.8196976000,-43.2943395000,"20/10/2018, 06:30:00",false,false,,Não identificado,,,false,0,0,0,0,0,0,0,0,0,0,0,0,0,0
20731,"Boca do Mato , Complexo do Lins - Lins de Vasconcelos, Rio de Janeiro - RJ, 20725-090, Brasil",Sudeste,Rio de Janeiro,Rio de Janeiro,LINS DE VASCONCELOS,,BOCA DO MATO (COMPLEXO DO LINS),-22.9127047000,-43.2942807000,"20/10/2018, 06:50:00",false,false,,Não identificado,,,false,0,0,0,0,0,0,0,0,0,0,0,0,0,0
20734,"Morro Faz Quem Quer - Rocha Miranda, Rio de Janeiro - RJ, 21540-570, Brasil",Sudeste,Rio de Janeiro,Rio de Janeiro,ROCHA MIRANDA,,MORRO DO FAZ QUEM QUER (COMPLEXO DO CAJUEIRO),-22.8497860000,-43.3404730000,"20/10/2018, 09:42:00",false,false,,Não identificado,,,false,0,0,0,0,0,0,0,0,0,0,0,0,0,0
20736,"Ladeira dos Tabajaras - Copacabana, Rio de Janeiro - RJ, 22031-111, Brasil",Sudeste,Rio de Janeiro,Rio de Janeiro,COPACABANA,,LADEIRA DOS TABAJARAS,-22.9639526000,-43.1900293000,"20/10/2018, 11:44:00",false,false,,Não identificado,,,false,0,0,0,0,0,0,0,0,0,0,0,0,0,0
20742,"Bonsucesso, Rio de Janeiro - RJ, Brasil",Sudeste,Rio de Janeiro,Rio de Janeiro,BONSUCESSO,,,-22.8626395000,-43.2539991000,"20/10/2018, 16:29:00",false,false,,Não identificado,,,false,0,0,0,0,0,0,0,0,0,0,0,0,0,0
20743,"Santíssimo, Rio de Janeiro - RJ, Brasil",Sudeste,Rio de Janeiro,Rio de Janeiro,SANTISSIMO,,,-22.8759688000,-43.5263140000,"20/10/2018, 16:49:00",false,false,,Não identificado,,,false,0,0,0,0,0,0,0,0,0,0,0,0,0,0
20824,"Hospital Muncipal Ronaldo Gazzola  - Acari, Rio de Janeiro - RJ, 21530-014, Brasil",Sudeste,Rio de Janeiro,Rio de Janeiro,ACARI,,FAVELA DE ACARI,-22.8253390000,-43.3475840000,"20/10/2018, 17:00:00",false,false,,Não identificado,,,false,0,0,0,0,0,0,0,0,0,0,0,0,0,0
20745,"Morro da Babilônia,  Leme, Rio de Janeiro - RJ, 22010-060, Brasil",Sudeste,Rio de Janeiro,Rio de Janeiro,LEME,,BABILONIA,-22.9597240000,-43.1706260000,"20/10/2018, 17:23:00",false,false,,Não identificado,,,false,0,0,0,0,0,0,0,0,0,0,0,0,0,0
20747,"Irajá, Rio de Janeiro - RJ, Brasil",Sudeste,Rio de Janeiro,Rio de Janeiro,IRAJA,,,-22.8387571000,-43.3241817000,"20/10/2018, 17:52:00",false,false,,Não identificado,,,false,0,0,0,0,0,0,0,0,0,0,0,0,0,0
20746,"Morro do Jorge Turco,  Coelho Neto, Rio de Janeiro - RJ, 21545-360, Brasil",Sudeste,Rio de Janeiro,Rio de Janeiro,COELHO NETO,,MORRO JORGE TURCO,-22.8383270000,-43.3442780000,"20/10/2018, 17:58:00",true,true,PM,Ação policial,,,false,0,1,0,0,0,0,0,0,0,0,0,0,0,0
20755,"Av. Dom Hélder Câmara, 9098 - Quintino Bocaiuva, Rio de Janeiro - RJ, 21380-246, Brasil",Sudeste,Rio de Janeiro,Rio de Janeiro,QUINTINO BOCAIUVA,,,-22.8840872000,-43.3146086000,"20/10/2018, 18:00:00",false,true,,Homicidio/Tentativa,,,false,0,0,0,1,0,0,0,0,0,0,0,0,0,0
20749,"Estr. do Campinho, 8270 - Campo Grande, Rio de Janeiro - RJ, 23078-002, Brasil",Sudeste,Rio de Janeiro,Rio de Janeiro,CAMPO GRANDE,,,-22.8826982000,-43.6217696000,"20/10/2018, 18:10:00",false,false,,Não identificado,,,false,0,0,0,0,0,0,0,0,0,0,0,0,0,0
20769,"Senador Camará, Rio de Janeiro - RJ, 21830-470, Brasil",Sudeste,Rio de Janeiro,Rio de Janeiro,SENADOR CAMARA,,,-22.8757502000,-43.4866682000,"20/10/2018, 19:00:00",false,false,,Não identificado,,,false,0,0,0,0,0,0,0,0,0,0,0,0,0,0
20752,"Morro do Jorge Turco, Coelho Neto, Rio de Janeiro - RJ, 21510-290, Brasil",Sudeste,Rio de Janeiro,Rio de Janeiro,COELHO NETO,,MORRO JORGE TURCO,-22.8381515000,-43.3473474000,"20/10/2018, 19:15:00",false,false,,Não identificado,,,false,0,0,0,0,0,0,0,0,0,0,0,0,0,0
20754,"Anchieta, Rio de Janeiro - RJ, Brasil",Sudeste,Rio de Janeiro,Rio de Janeiro,ANCHIETA,,,-22.8238795000,-43.3981236000,"20/10/2018, 19:19:00",false,false,,Não identificado,,,false,0,0,0,0,0,0,0,0,0,0,0,0,0,0
20757,"Vila Vintém - Padre Miguel, Rio de Janeiro - RJ, 21721-022, Brasil",Sudeste,Rio de Janeiro,Rio de Janeiro,PADRE MIGUEL,,VILA VINTEM,-22.8709633000,-43.4426703000,"20/10/2018, 19:48:00",false,false,,Não identificado,,,false,0,0,0,0,0,0,0,0,0,0,0,0,0,0
20761,"Parque União, Maré, Rio de Janeiro - RJ, 21044-000, Brasil",Sudeste,Rio de Janeiro,Rio de Janeiro,MARE,,PARQUE UNIAO (COMPLEXO DA MARE),-22.8527300000,-43.2462960000,"20/10/2018, 21:01:00",false,false,,Não identificado,,,false,0,0,0,0,0,0,0,0,0,0,0,0,0,0
20765,"Morro da Formiga - Tijuca, Rio de Janeiro - RJ, 20530-120, Brasil",Sudeste,Rio de Janeiro,Rio de Janeiro,TIJUCA,,MORRO DA FORMIGA,-22.9441667000,-43.2408333000,"20/10/2018, 23:43:00",false,false,,Não identificado,,,false,0,0,0,0,0,0,0,0,0,0,0,0,0,0
20760,"Praça Miami, Vila Kennedy, Bangu, Rio de Janeiro - RJ, 21852-390, Brasil",Sudeste,Rio de Janeiro,Rio de Janeiro,VILA KENNEDY,,VILA KENNEDY,-22.8561214000,-43.4929487000,"21/10/2018, 00:40:00",false,false,,Não identificado,,,false,0,0,0,0,0,0,0,0,0,0,0,0,0,0
20762,"Madureira, Rio de Janeiro - RJ, Brasil",Sudeste,Rio de Janeiro,Rio de Janeiro,MADUREIRA,,,-22.8725334000,-43.3363639000,"21/10/2018, 01:54:00",false,false,,Não identificado,,,false,0,0,0,0,0,0,0,0,0,0,0,0,0,0
20766,"R. Guaiuba - Acari, Rio de Janeiro - RJ, Brasil",Sudeste,Rio de Janeiro,Rio de Janeiro,ACARI,,FAVELA DE ACARI,-22.8234423000,-43.3457934000,"21/10/2018, 04:14:00",false,false,,Não identificado,,,false,0,0,0,0,0,0,0,0,0,0,0,0,0,0
20768,"Morro dos Macacos - Sampaio, Rio de Janeiro - RJ, Brasil",Sudeste,Rio de Janeiro,Rio de Janeiro,SAMPAIO,,MORRO DOS MACACOS,-22.9100000000,-43.2575000000,"21/10/2018, 05:50:00",false,false,,Não identificado,,,false,0,0,0,0,0,0,0,0,0,0,0,0,0,0
20772,"Cidade Alta, Cordovil, Rio de Janeiro - RJ, 21010-200, Brasil",Sudeste,Rio de Janeiro,Rio de Janeiro,CORDOVIL,,CIDADE ALTA (COMPLEXO DE ISRAEL),-22.8196976000,-43.2943395000,"21/10/2018, 08:26:00",true,true,PM,Ação policial,,,false,0,1,0,0,0,0,0,0,0,0,0,0,0,0
20773,"Pavão-Pavãozinho - Copacabana, Rio de Janeiro - RJ, 22071-060, Brasil",Sudeste,Rio de Janeiro,Rio de Janeiro,COPACABANA,,MORRO DO PAVAO-PAVAOZINHO,-22.9806921000,-43.1953095000,"21/10/2018, 09:19:00",false,false,,Não identificado,,,false,0,0,0,0,0,0,0,0,0,0,0,0,0,0
20777,"99 - Rocinha, Rio de Janeiro - RJ, 22451-262, Brasil",Sudeste,Rio de Janeiro,Rio de Janeiro,ROCINHA,,ROCINHA,-22.9888947000,-43.2494825000,"21/10/2018, 10:11:00",false,false,,Não identificado,,,false,0,0,0,0,0,0,0,0,0,0,0,0,0,0
20778,"Pavão-Pavãozinho - Copacabana, Rio de Janeiro - RJ, 22071-060, Brasil",Sudeste,Rio de Janeiro,Rio de Janeiro,COPACABANA,,MORRO DO PAVAO-PAVAOZINHO,-22.9806921000,-43.1953095000,"21/10/2018, 12:20:00",true,true,N�o identificado,Ação policial,,"Tiroteio contínuo,Bar",false,1,2,0,0,0,0,0,0,0,0,0,0,0,0
20779,"Pavão-Pavãozinho - Copacabana, Rio de Janeiro - RJ, 22071-060, Brasil",Sudeste,Rio de Janeiro,Rio de Janeiro,COPACABANA,,MORRO DO PAVAO-PAVAOZINHO,-22.9807394000,-43.1957469000,"21/10/2018, 13:20:00",true,true,N�o identificado,Ação policial,,,false,0,0,0,0,0,0,0,0,0,0,0,0,0,0
20785,"Pavão-Pavãozinho - Copacabana, Rio de Janeiro - RJ, 22071-060, Brasil",Sudeste,Rio de Janeiro,Rio de Janeiro,COPACABANA,,MORRO DO PAVAO-PAVAOZINHO,-22.9806921000,-43.1953095000,"21/10/2018, 14:20:00",true,true,N�o identificado,Ação policial,,,false,0,0,0,0,0,0,0,0,0,0,0,0,0,0
20787,"Favela Cinco Bocas, Bráz de Pina, Rio de Janeiro - RJ, 21725-570, Brasil",Sudeste,Rio de Janeiro,Rio de Janeiro,BRAS DE PINA,,FAVELA 5 BOCAS (COMPLEXO DE ISRAEL),-22.8222340000,-43.2849387000,"21/10/2018, 15:05:00",false,false,,Não identificado,,,false,0,0,0,0,0,0,0,0,0,0,0,0,0,0
20789,"Campinho, Rio de Janeiro - RJ, Brasil",Sudeste,Rio de Janeiro,Rio de Janeiro,CAMPINHO,,,-22.8856237000,-43.3481044000,"21/10/2018, 15:30:00",false,false,,Não identificado,,,false,0,0,0,0,0,0,0,0,0,0,0,0,0,0
20790,"R. Cento e Noventa - Praça Seca, Rio de Janeiro - RJ, 22733-001, Brasil",Sudeste,Rio de Janeiro,Rio de Janeiro,PRACA SECA,,FAVELA BATEAU MOUCHE,-22.9080818000,-43.3521228000,"21/10/2018, 15:49:00",false,false,,Não identificado,,,false,0,0,0,0,0,0,0,0,0,0,0,0,0,0
20791,"Praça Edmundo Rêgo - Grajau, Rio de Janeiro - RJ, 20561-130, Brasil",Sudeste,Rio de Janeiro,Rio de Janeiro,GRAJAU,,,-22.9226133000,-43.2641162000,"21/10/2018, 16:29:00",false,false,,Não identificado,,,false,0,0,0,0,0,0,0,0,0,0,0,0,0,0
20795,"Praça Ibéria - Campinho, Rio de Janeiro - RJ, 21341-320, Brasil",Sudeste,Rio de Janeiro,Rio de Janeiro,CAMPINHO,,,-22.8823596000,-43.3520733000,"21/10/2018, 18:03:00",false,false,,Não identificado,,,false,0,0,0,0,0,0,0,0,0,0,0,0,0,0
20798,"Favela do Barbante, Inhoaíba, Rio de Janeiro - RJ, 23064-270, Brasil",Sudeste,Rio de Janeiro,Rio de Janeiro,INHOAIBA,,FAVELA DO BARBANTE,-22.9022300000,-43.5775250000,"21/10/2018, 19:21:00",true,true,N�o identificado,Ação policial,,,false,1,0,0,0,0,0,0,0,0,0,0,0,0,0
20799,"Favela do Muquiço, Guadalupe, Rio de Janeiro - RJ, 21670-240, Brasil",Sudeste,Rio de Janeiro,Rio de Janeiro,GUADALUPE,,FAVELA DO MUQUICO,-22.8515961000,-43.3767788000,"21/10/2018, 19:33:00",false,false,,Não identificado,,,false,0,0,0,0,0,0,0,0,0,0,0,0,0,0
20804,"Bangu, Rio de Janeiro - RJ, Brasil",Sudeste,Rio de Janeiro,Rio de Janeiro,BANGU,,,-22.8742263000,-43.4685442000,"21/10/2018, 20:21:00",false,false,,Não identificado,,,false,0,0,0,0,0,0,0,0,0,0,0,0,0,0
20811,"Nova Holanda, Maré,  Rio de Janeiro - RJ, 21044-242, Brasil",Sudeste,Rio de Janeiro,Rio de Janeiro,MARE,,NOVA HOLANDA (COMPLEXO DA MARE),-22.8546751000,-43.2449641000,"21/10/2018, 21:01:00",false,false,,Não identificado,,,false,0,0,0,0,0,0,0,0,0,0,0,0,0,0
20808,"R. Silvio Costa - Anchieta, Rio de Janeiro - RJ, 21645-570, Brasil",Sudeste,Rio de Janeiro,Rio de Janeiro,ANCHIETA,,,-22.8269355000,-43.3932593000,"21/10/2018, 21:03:00",false,false,,Não identificado,,,false,0,0,0,0,0,0,0,0,0,0,0,0,0,0
20814,"Santa Teresa, Rio de Janeiro - RJ, Brasil",Sudeste,Rio de Janeiro,Rio de Janeiro,SANTA TERESA,,,-22.9191206000,-43.1907328000,"21/10/2018, 21:06:00",false,false,,Não identificado,,,false,0,0,0,0,0,0,0,0,0,0,0,0,0,0
20812,"Vila Aliança, Bangu, Rio de Janeiro - RJ, 21842-360, Brasil",Sudeste,Rio de Janeiro,Rio de Janeiro,BANGU,,VILA ALIANCA,-22.8705360000,-43.4797640000,"22/10/2018, 00:15:00",false,false,,Não identificado,,,false,0,0,0,0,0,0,0,0,0,0,0,0,0,0
20816,"Estr. Carvalho Ramos - Inhoaíba, Rio de Janeiro - RJ, Brasil",Sudeste,Rio de Janeiro,Rio de Janeiro,INHOAIBA,,JARDIM BELA VISTA,-22.8904522000,-43.5896499000,"22/10/2018, 01:35:00",false,false,,Não identificado,,,false,0,0,0,0,0,0,0,0,0,0,0,0,0,0
20813,"13, Cidade de Deus, Rio de Janeiro - RJ, 22773-570, Brasil",Sudeste,Rio de Janeiro,Rio de Janeiro,CIDADE DE DEUS,,CIDADE DE DEUS,-22.9492350000,-43.3631630000,"22/10/2018, 02:34:00",true,true,N�o identificado,Ação policial,,,false,0,0,0,0,0,0,0,0,0,0,0,0,0,0
20815,"R. Bento do Amaral, 41-21 - Engenho da Rainha, Rio de Janeiro - RJ, 20765-630, Brasil",Sudeste,Rio de Janeiro,Rio de Janeiro,ENGENHO DA RAINHA,,MORRO DO ENGENHO DA RAINHA,-22.8728482000,-43.2903997000,"22/10/2018, 03:00:00",true,true,N�o identificado,Ação policial,,,false,0,0,0,0,0,0,0,0,0,0,0,0,0,0
20818,"Morro Congo, Vila Kennedy,  Bangu, Rio de Janeiro - RJ, 21852-412, Brasil",Sudeste,Rio de Janeiro,Rio de Janeiro,VILA KENNEDY,,VILA KENNEDY,-22.8634980000,-43.4936480000,"22/10/2018, 03:20:00",false,false,,Não identificado,,,false,0,0,0,0,0,0,0,0,0,0,0,0,0,0
20819,"Vila Aliança, Bangu,  Rio de Janeiro - RJ, 21842-360, Brasil",Sudeste,Rio de Janeiro,Rio de Janeiro,BANGU,,VILA ALIANCA,-22.8705360000,-43.4797640000,"22/10/2018, 03:29:00",false,false,,Não identificado,,,false,0,0,0,0,0,0,0,0,0,0,0,0,0,0
20821,"Karatê, Cidade de Deus, Rio de Janeiro - RJ, 22775-590, Brasil",Sudeste,Rio de Janeiro,Rio de Janeiro,CIDADE DE DEUS,,CIDADE DE DEUS,-22.9480251000,-43.3691655000,"22/10/2018, 03:54:00",true,true,N�o identificado,Ação policial,,,false,0,0,0,0,0,0,0,0,0,0,0,0,0,0
20822,"Vila Aliança, Bangu, Rio de Janeiro - RJ, 21842-360, Brasil",Sudeste,Rio de Janeiro,Rio de Janeiro,BANGU,,VILA ALIANCA,-22.8705360000,-43.4797640000,"22/10/2018, 05:12:00",false,false,,Não identificado,,,false,0,0,0,0,0,0,0,0,0,0,0,0,0,0
20825,"Merendiba, Vila Cruzeiro, Complexo da Penha, Rio de Janeiro - RJ, 21070-730, Brasil",Sudeste,Rio de Janeiro,Rio de Janeiro,OLARIA,,MORRO DA MERENDIBA (COMPLEXO DA PENHA),-22.8472161000,-43.2754407000,"22/10/2018, 06:34:00",false,false,,Não identificado,,,false,0,0,0,0,0,0,0,0,0,0,0,0,0,0
20826,"Rua Saint Roman, 76 av. Pavãozinho nº 02 - Copacabana, Rio de Janeiro - RJ, 22071-060, Brasil",Sudeste,Rio de Janeiro,Rio de Janeiro,COPACABANA,,MORRO DO PAVAO-PAVAOZINHO,-22.9807270000,-43.1945870000,"22/10/2018, 07:31:00",false,false,,Não identificado,,,false,0,0,0,0,0,0,0,0,0,0,0,0,0,0
20830,"Merendiba, Vila Cruzeiro, Complexo da Penha, Rio de Janeiro - RJ, 21070-730, Brasil",Sudeste,Rio de Janeiro,Rio de Janeiro,OLARIA,,MORRO DA MERENDIBA (COMPLEXO DA PENHA),-22.8473310000,-43.2754000000,"22/10/2018, 11:20:00",false,false,,Não identificado,,,false,0,0,0,0,0,0,0,0,0,0,0,0,0,0
20831,"R. Congo - Vila Kennedy, Rio de Janeiro - RJ, 21852-580, Brasil",Sudeste,Rio de Janeiro,Rio de Janeiro,VILA KENNEDY,,VILA KENNEDY,-22.8621273000,-43.4906937000,"22/10/2018, 13:07:00",true,true,N�o identificado,Ação policial,,,false,0,0,0,0,0,0,0,0,0,0,0,0,0,0
20838,"R. Roberto Silva, 394 - Ramos, Rio de Janeiro - RJ, 21060-230, Brasil",Sudeste,Rio de Janeiro,Rio de Janeiro,COMPLEXO DO ALEMAO,,MORRO DA BAIANA (COMPLEXO DO ALEMAO),-22.8581710000,-43.2626410000,"22/10/2018, 15:31:00",false,false,,Não identificado,,,false,0,0,0,0,0,0,0,0,0,0,0,0,0,0
20832,"R. Silvio Costa - Anchieta, Rio de Janeiro - RJ, 21645-570, Brasil",Sudeste,Rio de Janeiro,Rio de Janeiro,ANCHIETA,,FAVELA DO JAVALI (COMPLEXO DO CHAPADAO),-22.8269355000,-43.3932593000,"22/10/2018, 15:34:00",false,false,,Não identificado,,,false,0,0,0,0,0,0,0,0,0,0,0,0,0,0
20850,"Costa Barros, Rio de Janeiro - RJ, Brasil",Sudeste,Rio de Janeiro,Rio de Janeiro,COSTA BARROS,,,-22.8246493000,-43.3727275000,"22/10/2018, 16:10:00",false,false,,Não identificado,,,false,0,0,0,0,0,0,0,0,0,0,0,0,0,0
20835,"Marco Sete,  Senador Camará, Rio de Janeiro - RJ, 21810-007, Brasil",Sudeste,Rio de Janeiro,Rio de Janeiro,SENADOR CAMARA,,,-22.8835295000,-43.4917307000,"22/10/2018, 16:36:00",false,false,,Não identificado,,,false,0,0,0,0,0,0,0,0,0,0,0,0,0,0
20860,"Av. Meriti - Jardim America, Rio de Janeiro - RJ, Brasil",Sudeste,Rio de Janeiro,Rio de Janeiro,JARDIM AMERICA,,,-22.8170036000,-43.3164048000,"22/10/2018, 17:00:00",false,false,,Tentativa/Roubo,,,false,1,0,0,0,0,0,0,0,0,0,0,0,0,0
20837,"Mesinha, Merendiba, Complexo da Penha, Rio de Janeiro - RJ, 21070-730, Brasil",Sudeste,Rio de Janeiro,Rio de Janeiro,OLARIA,,MORRO DA MERENDIBA (COMPLEXO DA PENHA),-22.8472161000,-43.2754407000,"22/10/2018, 17:11:00",false,false,,Não identificado,,,false,0,0,0,0,0,0,0,0,0,0,0,0,0,0
20842,"Vila Cruzeiro, Complexo da Penha, Rio de Janeiro - RJ, 21070-000, Brasil",Sudeste,Rio de Janeiro,Rio de Janeiro,PENHA,,VILA CRUZEIRO (COMPLEXO DA PENHA),-22.8487441000,-43.2828813000,"22/10/2018, 18:41:00",true,true,UPP (Vila Cruzeiro),Ação policial,,,true,3,0,0,0,0,0,0,0,0,0,0,0,0,0
20847,"R. Iguaçu - Eng. Leal, Rio de Janeiro - RJ, Brasil",Sudeste,Rio de Janeiro,Rio de Janeiro,ENGENHEIRO LEAL,,MORRO DA PATOLINHA (COMPLEXO DA SERRINHA),-22.8748503000,-43.3267812000,"22/10/2018, 20:26:00",false,false,,Não identificado,,,false,0,0,0,0,0,0,0,0,0,0,0,0,0,0
20855,"R. Adriano - Meier, Rio de Janeiro - RJ, 20735-060, Brasil",Sudeste,Rio de Janeiro,Rio de Janeiro,MEIER,,,-22.8998870000,-43.2887130000,"22/10/2018, 20:48:00",false,false,,Não identificado,,,false,0,0,0,0,0,0,0,0,0,0,0,0,0,0
20857,"Pavão-Pavãozinho - Copacabana, Rio de Janeiro - RJ, 22071-060, Brasil",Sudeste,Rio de Janeiro,Rio de Janeiro,COPACABANA,,MORRO DO PAVAO-PAVAOZINHO,-22.9812781000,-43.1947532000,"23/10/2018, 02:00:00",true,true,BPChq,Operação policial,,,false,0,0,0,0,0,0,0,0,0,0,0,0,0,0
20858,"Morro do Juramento - Vicente de Carvalho, Rio de Janeiro - RJ, Brasil",Sudeste,Rio de Janeiro,Rio de Janeiro,VICENTE DE CARVALHO,,MORRO DO JURAMENTO (COMPLEXO DO JURAMENTO),-22.8558216000,-43.3157850000,"23/10/2018, 04:32:00",false,false,,Não identificado,,,false,0,0,0,0,0,0,0,0,0,0,0,0,0,0
20859,"Morro do Juramento - Vicente de Carvalho, Rio de Janeiro - RJ, Brasil",Sudeste,Rio de Janeiro,Rio de Janeiro,VICENTE DE CARVALHO,,MORRO DO JURAMENTO (COMPLEXO DO JURAMENTO),-22.8600128000,-43.3159810000,"23/10/2018, 05:35:00",true,true,N�o identificado,Operação policial,,,false,1,0,1,0,0,0,0,0,0,0,0,0,0,0
20861,"UFRJ, Ilha do Fundão, Rio de Janeiro - RJ, 21044-020, Brasil",Sudeste,Rio de Janeiro,Rio de Janeiro,CIDADE UNIVERSITARIA,,,-22.8426848000,-43.2384165000,"23/10/2018, 07:00:00",true,true,N�o identificado,Tentativa/Roubo de cargas,,Perseguição,false,0,1,0,0,0,0,0,0,0,0,0,0,0,0
20864,"Av. Meriti, Largo do Bicão -  Vila da Penha, Rio de Janeiro - RJ, Brasil",Sudeste,Rio de Janeiro,Rio de Janeiro,VILA DA PENHA,,,-22.8439001000,-43.3131832000,"23/10/2018, 07:00:00",false,false,,Não identificado,,,false,0,0,0,0,0,0,0,0,0,0,0,0,0,0
20862,"Estr. do Barro Vermelho - Rocha Miranda, Rio de Janeiro - RJ, 21540-500, Brasil",Sudeste,Rio de Janeiro,Rio de Janeiro,ROCHA MIRANDA,,,-22.8513921000,-43.3465907000,"23/10/2018, 08:28:00",false,false,,Não identificado,,,false,0,0,0,0,0,0,0,0,0,0,0,0,0,0
20863,"R. Dr. Roberto Goncalves Lima, Favelinha, Morro dos Prazeres - Rio Comprido, Rio de Janeiro - RJ, 20261-008, Brasil",Sudeste,Rio de Janeiro,Rio de Janeiro,RIO COMPRIDO,,VILA ANCHIETA,-22.9289360000,-43.2043540000,"23/10/2018, 09:35:00",true,true,N�o identificado,Ação policial,,,false,0,0,0,0,0,0,0,0,0,0,0,0,0,0
20865,"Bonsucesso, Rio de Janeiro - RJ, Brasil",Sudeste,Rio de Janeiro,Rio de Janeiro,BONSUCESSO,,,-22.8626395000,-43.2539991000,"23/10/2018, 16:27:00",false,false,,Não identificado,,,false,0,0,0,0,0,0,0,0,0,0,0,0,0,0
20888,"Vargem Pequena, Rio de Janeiro - RJ, Brasil",Sudeste,Rio de Janeiro,Rio de Janeiro,VARGEM PEQUENA,,,-22.9855277000,-43.4597967000,"23/10/2018, 18:00:00",false,true,,Tentativa/Roubo,,,false,0,1,0,1,0,0,0,0,0,0,0,0,0,0
20868,"Quinze (15), Cidade de Deus, Rio de Janeiro - RJ, Brasil",Sudeste,Rio de Janeiro,Rio de Janeiro,CIDADE DE DEUS,,CIDADE DE DEUS,-22.9481688000,-43.3626721000,"23/10/2018, 18:36:00",false,false,,Não identificado,,,false,0,0,0,0,0,0,0,0,0,0,0,0,0,0
20871,"Cidade de Deus, Rio de Janeiro - RJ, Brasil",Sudeste,Rio de Janeiro,Rio de Janeiro,CIDADE DE DEUS,,CIDADE DE DEUS,-22.9481688000,-43.3626721000,"23/10/2018, 19:59:00",false,false,,Não identificado,,,false,0,0,0,0,0,0,0,0,0,0,0,0,0,0
20873,"São José Operário - Praça Seca, Rio de Janeiro - RJ, 21320-020, Brasil",Sudeste,Rio de Janeiro,Rio de Janeiro,PRACA SECA,,MORRO SAO JOSE OPERARIO (OU MORRO DA BARAO),-22.8988880000,-43.3449170000,"23/10/2018, 21:35:00",false,false,,Não identificado,,,false,0,0,0,0,0,0,0,0,0,0,0,0,0,0
20874,"R. Oscár Ferreira, Vila Kennedy, Bangu, Rio de Janeiro - RJ, 21853-370, Brasil",Sudeste,Rio de Janeiro,Rio de Janeiro,VILA KENNEDY,,VILA KENNEDY,-22.8519857000,-43.4928830000,"23/10/2018, 22:24:00",false,false,,Não identificado,,,false,0,0,0,0,0,0,0,0,0,0,0,0,0,0
20876,"Morro da Mineira - Catumbi, Rio de Janeiro - RJ, 20211-320, Brasil",Sudeste,Rio de Janeiro,Rio de Janeiro,CATUMBI,,MORRO DA MINEIRA (COMPLEXO DO SAO CARLOS),-22.9161456000,-43.1952075000,"24/10/2018, 02:08:00",true,true,PM,Operação policial,,,false,0,0,0,0,0,0,0,0,0,0,0,0,0,0
20875,"São Carlos, Estácio, Rio de Janeiro - RJ, 20250-053, Brasil",Sudeste,Rio de Janeiro,Rio de Janeiro,ESTACIO,,MORRO DO SAO CARLOS (COMPLEXO DO SAO CARLOS),-22.9174128000,-43.2047911000,"24/10/2018, 02:34:00",false,false,,Não identificado,,,false,0,0,0,0,0,0,0,0,0,0,0,0,0,0
20877,"Santa Marta, Botafogo, Rio de Janeiro - RJ, 22260-127, Brasil",Sudeste,Rio de Janeiro,Rio de Janeiro,BOTAFOGO,,SANTA MARTA,-22.9467714000,-43.1941974000,"24/10/2018, 03:17:00",true,true,PM,Ação policial,,,false,0,0,0,0,0,0,0,0,0,0,0,0,0,0
20883,"Praça do Cruzeiro, Alvorada, Complexo do Alemão, Rio de Janeiro - RJ, Brasil",Sudeste,Rio de Janeiro,Rio de Janeiro,COMPLEXO DO ALEMAO,,ALVORADA (COMPLEXO DO ALEMAO),-22.8613949000,-43.2758881000,"24/10/2018, 04:09:00",false,false,,Não identificado,,,false,0,0,0,0,0,0,0,0,0,0,0,0,0,0
20885,"Sem Saída, Nova Brasília, Complexo do Alemão, Rio de Janeiro - RJ, 21061-060, Brasil",Sudeste,Rio de Janeiro,Rio de Janeiro,COMPLEXO DO ALEMAO,,NOVA BRASILIA (COMPLEXO DO ALEMAO),-22.8653383000,-43.2720887000,"24/10/2018, 05:10:00",false,false,,Não identificado,,,false,0,0,0,0,0,0,0,0,0,0,0,0,0,0
20886,"Leão, Vila Kennedy, Rio de Janeiro - RJ, 21852-010, Brasil",Sudeste,Rio de Janeiro,Rio de Janeiro,VILA KENNEDY,,VILA KENNEDY,-22.8563684000,-43.4898289000,"24/10/2018, 05:54:00",false,false,,Não identificado,,Tiroteio contínuo,false,0,0,0,0,0,0,0,0,0,0,0,0,0,0
20889,"Estr. Srg. Miguel Filho, Vila Kennedy, Bangu, Rio de Janeiro - RJ, Brasil",Sudeste,Rio de Janeiro,Rio de Janeiro,VILA KENNEDY,,VILA KENNEDY,-22.8588961000,-43.4870104000,"24/10/2018, 07:14:00",false,false,,Não identificado,,,false,0,0,0,0,0,0,0,0,0,0,0,0,0,0
20892,"Centro, Rio de Janeiro - RJ, Brasil",Sudeste,Rio de Janeiro,Rio de Janeiro,CENTRO,,,-22.9070828000,-43.1819148000,"24/10/2018, 08:09:00",false,false,,Não identificado,,,false,0,0,0,0,0,0,0,0,0,0,0,0,0,0
20891,"Progresso, Vila Kennedy,  Bangu, Rio de Janeiro - RJ, 21850-753, Brasil",Sudeste,Rio de Janeiro,Rio de Janeiro,VILA KENNEDY,,VILA KENNEDY,-22.8603457000,-43.4968109000,"24/10/2018, 08:16:00",false,false,,Não identificado,,,false,0,0,0,0,0,0,0,0,0,0,0,0,0,0
20893,"Bonsucesso, Rio de Janeiro - RJ, Brasil",Sudeste,Rio de Janeiro,Rio de Janeiro,BONSUCESSO,,,-22.8626395000,-43.2539991000,"24/10/2018, 09:56:00",false,false,,Não identificado,,,false,0,0,0,0,0,0,0,0,0,0,0,0,0,0
20894,"Engenho da Rainha, Rio de Janeiro - RJ, Brasil",Sudeste,Rio de Janeiro,Rio de Janeiro,ENGENHO DA RAINHA,,,-22.8650532000,-43.2940226000,"24/10/2018, 10:13:00",false,false,,Não identificado,,,false,0,0,0,0,0,0,0,0,0,0,0,0,0,0
20895,"Irajá, Rio de Janeiro - RJ, Brasil",Sudeste,Rio de Janeiro,Rio de Janeiro,IRAJA,,,-22.8387571000,-43.3241817000,"24/10/2018, 10:25:00",false,false,,Não identificado,,,false,0,0,0,0,0,0,0,0,0,0,0,0,0,0
20897,"Chapéu Mangueira, Leme, Rio de Janeiro - RJ, 22010-060, Brasil",Sudeste,Rio de Janeiro,Rio de Janeiro,LEME,,CHAPEU-MANGUEIRA,-22.9607135000,-43.1695418000,"24/10/2018, 12:34:00",true,true,N�o identificado,Ação policial,,,false,0,0,0,0,0,0,0,0,0,0,0,0,0,0
20898,"Parque Independência, Bangu, Rio de Janeiro - RJ, Brasil",Sudeste,Rio de Janeiro,Rio de Janeiro,BANGU,,VILA ALIANCA,-22.8742263000,-43.4685442000,"24/10/2018, 12:38:00",false,false,,Não identificado,,,false,0,0,0,0,0,0,0,0,0,0,0,0,0,0
20901,"Estr. João Paulo - Barros Filho, Rio de Janeiro - RJ, Brasil",Sudeste,Rio de Janeiro,Rio de Janeiro,BARROS FILHO,,PROENCA ROSA,-22.8386085000,-43.3624170000,"24/10/2018, 13:00:00",true,true,N�o identificado,Ação policial,,,false,0,0,0,0,0,0,0,0,0,0,0,0,0,0
20899,"Chapéu Mangueira, Leme, Rio de Janeiro - RJ, 22010-060, Brasil",Sudeste,Rio de Janeiro,Rio de Janeiro,LEME,,CHAPEU-MANGUEIRA,-22.9607135000,-43.1695418000,"24/10/2018, 13:24:00",true,true,N�o identificado,Ação policial,,,false,0,0,0,0,0,0,0,0,0,0,0,0,0,0
20900,"Karatê, Cidade de Deus, Rio de Janeiro - RJ, Brasil",Sudeste,Rio de Janeiro,Rio de Janeiro,CIDADE DE DEUS,,CIDADE DE DEUS,-22.9481688000,-43.3626721000,"24/10/2018, 13:43:00",false,false,,Não identificado,,,false,0,0,0,0,0,0,0,0,0,0,0,0,0,0
20905,"Estr. do Taquaral, Vila Aliança - Bangu, Rio de Janeiro - RJ, 21842-550, Brasil",Sudeste,Rio de Janeiro,Rio de Janeiro,BANGU,,VILA ALIANCA,-22.8673416000,-43.4792950000,"24/10/2018, 23:19:00",false,false,,Não identificado,,,false,0,0,0,0,0,0,0,0,0,0,0,0,0,0
20907,"Rua Clarimundo de Melo - Quintino, Rio de Janeiro - RJ, Brasil",Sudeste,Rio de Janeiro,Rio de Janeiro,QUINTINO BOCAIUVA,,COMPLEXO DO 18,-22.8928017000,-43.3228839000,"25/10/2018, 04:49:00",true,true,N�o identificado,Ação policial,,Perseguição,false,0,1,0,0,0,0,0,0,0,0,0,1,0,0
20920,"Vila Aliança - Bangu, Rio de Janeiro - RJ, 21842-740, Brasil",Sudeste,Rio de Janeiro,Rio de Janeiro,BANGU,,VILA ALIANCA,-22.8646450000,-43.4770759000,"25/10/2018, 07:00:00",true,true,PM,Ação policial,,,false,0,1,0,0,0,0,0,0,0,0,0,0,0,0
20913,"Praça Gen. Tibúrcio, 53 - Urca, Rio de Janeiro - RJ, 22290-270, Brasil",Sudeste,Rio de Janeiro,Rio de Janeiro,URCA,,,-22.9545476000,-43.1667154000,"25/10/2018, 11:29:00",false,false,,Não identificado,,,false,0,0,0,0,0,0,0,0,0,0,0,0,0,0
20914,"Morro da Fé - Penha Circular, Rio de Janeiro - RJ, 21210-360, Brasil",Sudeste,Rio de Janeiro,Rio de Janeiro,PENHA CIRCULAR,,MORRO DA FE (COMPLEXO DA PENHA),-22.8469239000,-43.2969005000,"25/10/2018, 11:30:00",false,false,,Não identificado,,,false,0,0,0,0,0,0,0,0,0,0,0,0,0,0
20919,"Fazendinha  - Complexo do Alemão, Rio de Janeiro - RJ, 20766-720, Brasil",Sudeste,Rio de Janeiro,Rio de Janeiro,COMPLEXO DO ALEMAO,,FAZENDINHA (COMPLEXO DO ALEMAO),-22.8629353000,-43.2815418000,"25/10/2018, 12:45:00",true,true,N�o identificado,Operação policial,,,false,0,0,0,0,0,0,0,0,0,0,0,0,0,0
20918,"Morro da Fé - Penha Circular, Rio de Janeiro - RJ, 21210-360, Brasil",Sudeste,Rio de Janeiro,Rio de Janeiro,PENHA CIRCULAR,,MORRO DA FE (COMPLEXO DA PENHA),-22.8469760000,-43.2971020000,"25/10/2018, 12:53:00",false,false,,Não identificado,,,false,0,0,0,0,0,0,0,0,0,0,0,0,0,0
20921,"Fazendinha - Complexo do Alemão, Rio de Janeiro - RJ, 20766-720, Brasil",Sudeste,Rio de Janeiro,Rio de Janeiro,COMPLEXO DO ALEMAO,,FAZENDINHA (COMPLEXO DO ALEMAO),-22.8629353000,-43.2815418000,"25/10/2018, 13:45:00",false,false,,Não identificado,,,false,0,0,0,0,0,0,0,0,0,0,0,0,0,0
20923,"Fazendinha - Complexo do Alemão, Rio de Janeiro - RJ, 20766-720, Brasil",Sudeste,Rio de Janeiro,Rio de Janeiro,COMPLEXO DO ALEMAO,,FAZENDINHA (COMPLEXO DO ALEMAO),-22.8629353000,-43.2815418000,"25/10/2018, 15:00:00",false,false,,Não identificado,,,false,0,0,0,0,0,0,0,0,0,0,0,0,0,0
20924,"Malvinas, Vila Kennedy, Rio de Janeiro - RJ, 21850-007, Brasil",Sudeste,Rio de Janeiro,Rio de Janeiro,VILA KENNEDY,,VILA KENNEDY,-22.8604006000,-43.4884116000,"25/10/2018, 15:29:00",false,false,,Não identificado,,,false,0,0,0,0,0,0,0,0,0,0,0,0,0,0
20925,"Manilha, Vila Kennedy - Rio de Janeiro - RJ, 21850-007, Brasil",Sudeste,Rio de Janeiro,Rio de Janeiro,VILA KENNEDY,,VILA KENNEDY,-22.8604006000,-43.4884116000,"25/10/2018, 16:52:00",false,false,,Não identificado,,,false,0,0,0,0,0,0,0,0,0,0,0,0,0,0
20931,"Bonsucesso, Rio de Janeiro - RJ, Brasil",Sudeste,Rio de Janeiro,Rio de Janeiro,BONSUCESSO,,,-22.8626395000,-43.2539991000,"25/10/2018, 18:22:00",false,false,,Não identificado,,,false,0,0,0,0,0,0,0,0,0,0,0,0,0,0
20927,"Metral, Vila Kennedy, Bangu, Rio de Janeiro - RJ, 21853-614, Brasil",Sudeste,Rio de Janeiro,Rio de Janeiro,VILA KENNEDY,,VILA KENNEDY,-22.8548210000,-43.4968050000,"25/10/2018, 18:23:00",false,false,,Não identificado,,,false,0,0,0,0,0,0,0,0,0,0,0,0,0,0
20939,"R. Comendador Siqueira, Pechincha, Rio de Janeiro - RJ, 22743-032, Brasil",Sudeste,Rio de Janeiro,Rio de Janeiro,PECHINCHA,,,-22.9240714000,-43.3490452000,"25/10/2018, 19:31:00",false,true,,Tentativa/Roubo,,,false,1,1,0,0,0,0,0,0,0,0,0,0,0,0
20935,"Vila Isabel, Rio de Janeiro - RJ, Brasil",Sudeste,Rio de Janeiro,Rio de Janeiro,VILA ISABEL,,,-22.9167328000,-43.2508337000,"25/10/2018, 19:37:00",false,false,,Não identificado,,,false,0,0,0,0,0,0,0,0,0,0,0,0,0,0
20936,"Pedra, Vila Kennedy, Bangu, Rio de Janeiro - RJ, 21853-350, Brasil",Sudeste,Rio de Janeiro,Rio de Janeiro,VILA KENNEDY,,VILA KENNEDY,-22.8498449000,-43.4924620000,"25/10/2018, 19:40:00",false,false,,Não identificado,,,false,0,0,0,0,0,0,0,0,0,0,0,0,0,0
20934,"R. Prof. Clemente Ferreira - Bangu, Rio de Janeiro - RJ, Brasil",Sudeste,Rio de Janeiro,Rio de Janeiro,BANGU,,,-22.8777059000,-43.4571994000,"25/10/2018, 19:52:00",false,false,,Não identificado,,,false,0,0,0,0,0,0,0,0,0,0,0,0,0,0
20938,"Morro São João, Engenho Novo, Rio de Janeiro - RJ, 20715-040, Brasil",Sudeste,Rio de Janeiro,Rio de Janeiro,ENGENHO NOVO,,MORRO SAO JOAO,-22.9110900000,-43.2645600000,"25/10/2018, 20:01:00",false,false,,Não identificado,,,false,0,0,0,0,0,0,0,0,0,0,0,0,0,0
20941,"Manilha, Vila Kennedy - Rio de Janeiro - RJ, 21850-007, Brasil",Sudeste,Rio de Janeiro,Rio de Janeiro,VILA KENNEDY,,VILA KENNEDY,-22.8604006000,-43.4884116000,"25/10/2018, 21:05:00",false,false,,Não identificado,,,false,0,0,0,0,0,0,0,0,0,0,0,0,0,0
20945,"Estrada Intendente Magalhães, Vila Valqueire, Rio de Janeiro - RJ, 21331-720, Brasil",Sudeste,Rio de Janeiro,Rio de Janeiro,VILA VALQUEIRE,,,-22.8774580000,-43.3642511000,"26/10/2018, 01:00:00",true,true,N�o identificado,Tentativa/Roubo a banco,,Perseguição,false,0,0,0,0,0,0,0,0,0,0,0,0,0,0
20943,"Cordovil, Rio de Janeiro - RJ, Brasil",Sudeste,Rio de Janeiro,Rio de Janeiro,CORDOVIL,,,-22.8234412000,-43.2959357000,"26/10/2018, 01:52:00",false,false,,Não identificado,,,false,0,0,0,0,0,0,0,0,0,0,0,0,0,0
20953,"R. Maria Joaquina - Pavuna, Rio de Janeiro - RJ, Brasil",Sudeste,Rio de Janeiro,Rio de Janeiro,PAVUNA,,LOTEAMENTO VILA ALBERTINA GUERRA,-22.8075696000,-43.3701561000,"26/10/2018, 04:30:00",false,true,,Homicidio/Tentativa,,,false,0,0,1,0,0,0,0,0,0,0,0,0,0,0
20952,"Malvinas, Vila Kennedy, Rio de Janeiro - RJ, 21850-007, Brasil",Sudeste,Rio de Janeiro,Rio de Janeiro,VILA KENNEDY,,VILA KENNEDY,-22.8622904000,-43.4865673000,"26/10/2018, 06:12:00",false,false,,Não identificado,,,false,0,0,0,0,0,0,0,0,0,0,0,0,0,0
20958,"Bairro Carioca, Triagem, Rio de Janeiro - RJ, 20911-270, Brasil",Sudeste,Rio de Janeiro,Rio de Janeiro,ROCHA,TRIAGEM,BAIRRO CARIOCA (TRIAGEM),-22.8962526000,-43.2448690000,"26/10/2018, 10:14:00",false,false,,Não identificado,,,false,0,0,0,0,0,0,0,0,0,0,0,0,0,0
20966,"R. Moncorvo Filho - Centro, Rio de Janeiro - RJ, 20211-340, Brasil",Sudeste,Rio de Janeiro,Rio de Janeiro,CENTRO,,,-22.9071475000,-43.1905869000,"26/10/2018, 10:15:00",false,false,,Homicidio/Tentativa,,,false,1,0,0,0,0,0,0,0,0,0,0,0,0,0
20959,"Ladeira dos Tabajaras - Copacabana, Rio de Janeiro - RJ, 22031-112, Brasil",Sudeste,Rio de Janeiro,Rio de Janeiro,COPACABANA,,LADEIRA DOS TABAJARAS,-22.9642036000,-43.1897275000,"26/10/2018, 11:05:00",true,true,PM,Ação policial,,,false,0,0,0,0,0,0,0,0,0,0,0,0,0,0
20962,"Santa Marta - Botafogo, Rio de Janeiro - RJ, 22260-120, Brasil",Sudeste,Rio de Janeiro,Rio de Janeiro,BOTAFOGO,,SANTA MARTA,-22.9484646000,-43.1932042000,"26/10/2018, 13:43:00",true,true,PM,Ação policial,,,false,0,0,0,0,0,0,0,0,0,0,0,0,0,0
20964,"Boulevard 28 de Setembro - Vila Isabel, Rio de Janeiro - RJ, 20551-030, Brasil",Sudeste,Rio de Janeiro,Rio de Janeiro,VILA ISABEL,,,-22.9152067000,-43.2425792000,"26/10/2018, 15:30:00",false,false,,Não identificado,,,false,0,0,0,0,0,0,0,0,0,0,0,0,0,0
20970,"Pontilhão - Caju, Rio de Janeiro - RJ, 21046-670, Brasil",Sudeste,Rio de Janeiro,Rio de Janeiro,CAJU,,PARQUE BOA ESPERANCA (COMPLEXO DO CAJU),-22.8797659000,-43.2303013000,"26/10/2018, 18:44:00",true,true,UPP (Caju),Ação policial,,,false,0,0,0,1,0,0,0,0,0,0,0,0,0,0
20969,"Cordovil, Cidade Alta -  Rio de Janeiro - State of Rio de Janeiro, Brazil",Sudeste,Rio de Janeiro,Rio de Janeiro,CORDOVIL,,,-22.8230715000,-43.2960565000,"26/10/2018, 20:05:00",false,false,,Não identificado,,,false,0,0,0,0,0,0,0,0,0,0,0,0,0,0
20968,"Morro da Providencia - Gambôa, Rio de Janeiro - RJ, Brasil",Sudeste,Rio de Janeiro,Rio de Janeiro,GAMBOA,,MORRO DA PROVIDENCIA,-22.8995820000,-43.1961280000,"26/10/2018, 20:25:00",false,false,,Não identificado,,,false,0,0,0,0,0,0,0,0,0,0,0,0,0,0
20973,"Proença Rosa, Honório Gurgel, Rio de Janeiro - RJ, 21512-002, Brasil",Sudeste,Rio de Janeiro,Rio de Janeiro,BARROS FILHO,,PROENCA ROSA,-22.8389771000,-43.3611850000,"26/10/2018, 22:06:00",false,false,,Não identificado,,,false,0,0,0,0,0,0,0,0,0,0,0,0,0,0
20971,"Rua Acaré - Engenho Novo, Rio de Janeiro - RJ, Brasil",Sudeste,Rio de Janeiro,Rio de Janeiro,ENGENHO NOVO,,MORRO SAO JOAO,-22.9121059000,-43.2639311000,"27/10/2018, 00:00:00",false,false,,Não identificado,,,false,0,0,0,0,0,0,0,0,0,0,0,0,0,0
20972,"Morro da Congo, Vila Kennedy - Bangu, Rio de Janeiro - RJ, 21852-410, Brasil",Sudeste,Rio de Janeiro,Rio de Janeiro,VILA KENNEDY,,VILA KENNEDY,-22.8625430000,-43.4928230000,"27/10/2018, 03:22:00",false,false,,Não identificado,,,false,0,0,0,0,0,0,0,0,0,0,0,0,0,0
20978,"Ladeira dos Tabajaras - Copacabana, Rio de Janeiro - RJ, 22031-112, Brasil",Sudeste,Rio de Janeiro,Rio de Janeiro,COPACABANA,,LADEIRA DOS TABAJARAS,-22.9641669000,-43.1898623000,"27/10/2018, 04:24:00",true,true,N�o identificado,Ação policial,,,false,0,0,0,0,0,0,0,0,0,0,0,0,0,0
20980,"R. Miguel Galvão, Morro do Encontro, Rio de Janeiro - RJ, 20715-230, Brasil",Sudeste,Rio de Janeiro,Rio de Janeiro,ENGENHO NOVO,,MORRO DO ENCONTRO (COMPLEXO DO LINS),-22.9143900000,-43.2686330000,"27/10/2018, 05:00:00",true,true,PM,Ação policial,,,false,1,0,0,0,0,0,0,0,0,0,0,0,0,0
20979,"São Carlos, Estácio, Rio de Janeiro - RJ, 20250-053, Brasil",Sudeste,Rio de Janeiro,Rio de Janeiro,ESTACIO,,MORRO DO SAO CARLOS (COMPLEXO DO SAO CARLOS),-22.9174128000,-43.2047911000,"27/10/2018, 05:31:00",false,false,,Não identificado,,,false,0,0,0,0,0,0,0,0,0,0,0,0,0,0
20986,"Vila Verde - Rocinha, Rio de Janeiro - RJ, 22451-264, Brasil",Sudeste,Rio de Janeiro,Rio de Janeiro,ROCINHA,,ROCINHA,-22.9891318000,-43.2539501000,"27/10/2018, 15:24:00",false,false,,Não identificado,,,false,0,0,0,0,0,0,0,0,0,0,0,0,0,0
20987,"Bateau Mouche (Batô) - Praça Seca, Rio de Janeiro - RJ, 22733-001, Brasil",Sudeste,Rio de Janeiro,Rio de Janeiro,PRACA SECA,,FAVELA BATEAU MOUCHE,-22.9075586000,-43.3543428000,"27/10/2018, 15:36:00",false,false,,Não identificado,,,false,0,0,0,0,0,0,0,0,0,0,0,0,0,0
20990,"R. Barão de São Félix - Morro da Providência Centro, Rio de Janeiro - RJ, 20221-424, Brasil",Sudeste,Rio de Janeiro,Rio de Janeiro,CENTRO,,,-22.9012116000,-43.1910107000,"27/10/2018, 16:30:00",true,true,UPP (Provid�ncia),Ação policial,,,false,0,0,0,1,0,0,0,0,0,0,0,0,0,0
20989,"Av. Brasil - Irajá, Rio de Janeiro - RJ, Brasil",Sudeste,Rio de Janeiro,Rio de Janeiro,IRAJA,,,-22.8230758000,-43.3280085000,"27/10/2018, 18:30:00",false,false,,Não identificado,,,false,0,0,0,0,0,0,0,0,0,0,0,0,0,0
20993,"Ladeira dos Tabajaras - Copacabana, Rio de Janeiro - RJ, 22031-112, Brasil",Sudeste,Rio de Janeiro,Rio de Janeiro,COPACABANA,,LADEIRA DOS TABAJARAS,-22.9640870000,-43.1898260000,"27/10/2018, 20:00:00",true,true,N�o identificado,Ação policial,,,false,0,0,0,0,0,0,0,0,0,0,0,0,0,0
20999,"Morro dos Cabritos, Lagoa, Rio de Janeiro - RJ, 22471-190, Brazil",Sudeste,Rio de Janeiro,Rio de Janeiro,LAGOA,,MORRO DOS CABRITOS,-22.9652340000,-43.1974130000,"27/10/2018, 20:16:00",true,true,N�o identificado,Ação policial,,,false,0,0,0,0,0,0,0,0,0,0,0,0,0,0
20994,"Ponto Chic - Padre Miguel, Rio de Janeiro - RJ, 21875-160, Brasil",Sudeste,Rio de Janeiro,Rio de Janeiro,PADRE MIGUEL,,IAPI DE PADRE MIGUEL,-22.8720232000,-43.4512702000,"27/10/2018, 20:38:00",false,false,,Não identificado,,,false,0,0,0,0,0,0,0,0,0,0,0,0,0,0
20998,"Estr. Mapuá - Taquara, Rio de Janeiro - RJ, 22713-001, Brasil",Sudeste,Rio de Janeiro,Rio de Janeiro,TAQUARA,,,-22.9285408000,-43.3854075000,"27/10/2018, 21:21:00",false,false,,Não identificado,,,false,0,0,0,0,0,0,0,0,0,0,0,0,0,0
21003,"Antares - Santa Cruz, Rio de Janeiro - RJ, Brasil",Sudeste,Rio de Janeiro,Rio de Janeiro,SANTA CRUZ,,FAVELA DE ANTARES,-22.9217436000,-43.6637652000,"28/10/2018, 02:25:00",false,false,,Não identificado,,,false,0,0,0,0,0,0,0,0,0,0,0,0,0,0
21002,"Beco da Síria - Jacarezinho, Rio de Janeiro - RJ, 20970-210, Brasil",Sudeste,Rio de Janeiro,Rio de Janeiro,JACAREZINHO,,JACAREZINHO,-22.8871345000,-43.2597742000,"28/10/2018, 02:56:00",false,false,,Não identificado,,,false,0,0,0,0,0,0,0,0,0,0,0,0,0,0
21007,"Morro do Juramento - Vicente de Carvalho, Rio de Janeiro - RJ, Brasil",Sudeste,Rio de Janeiro,Rio de Janeiro,VICENTE DE CARVALHO,,MORRO DO JURAMENTO (COMPLEXO DO JURAMENTO),-22.8627778000,-43.3152778000,"28/10/2018, 03:30:00",false,false,,Não identificado,,,false,0,0,0,0,0,0,0,0,0,0,0,0,0,0
21005,"Parte Alta, Vidigal, Rio de Janeiro - RJ, 22450-270, Brasil",Sudeste,Rio de Janeiro,Rio de Janeiro,VIDIGAL,,VIDIGAL,-22.9939428000,-43.2407361000,"28/10/2018, 03:33:00",false,false,,Não identificado,,,false,0,0,0,0,0,0,0,0,0,0,0,0,0,0
21004,"Matinha, Morro São João, Engenho Novo, Rio de Janeiro - RJ, 20715-040, Brasil",Sudeste,Rio de Janeiro,Rio de Janeiro,ENGENHO NOVO,,MORRO SAO JOAO,-22.9078627000,-43.2659281000,"28/10/2018, 03:39:00",false,false,,Não identificado,,,false,0,0,0,0,0,0,0,0,0,0,0,0,0,0
21008,"Fazenda Botafogo, Acari, Rio de Janeiro - RJ, 21530-160, Brasil",Sudeste,Rio de Janeiro,Rio de Janeiro,ACARI,,CONJUNTO FAZENDA BOTAFOGO (COMPLEXO DA PEDREIRA),-22.8245298000,-43.3497011000,"28/10/2018, 03:49:00",false,false,,Não identificado,,,false,0,0,0,0,0,0,0,0,0,0,0,0,0,0
21022,"Estr. do Campinho - Campo Grande, Rio de Janeiro - RJ, 23060-050, Brasil",Sudeste,Rio de Janeiro,Rio de Janeiro,CAMPO GRANDE,,,-22.8861981000,-43.6027018000,"28/10/2018, 15:33:00",false,false,,Não identificado,,,false,0,0,0,0,0,0,0,0,0,0,0,0,0,0
21011,"Estr. do Monteiro - Campo Grande, Rio de Janeiro - RJ, Brasil",Sudeste,Rio de Janeiro,Rio de Janeiro,CAMPO GRANDE,,,-22.9236750000,-43.5677575000,"28/10/2018, 16:08:00",false,false,,Não identificado,,,false,0,0,0,0,0,0,0,0,0,0,0,0,0,0
21024,"Praça São Salvador - Laranjeiras, Rio de Janeiro - RJ, 22231-130, Brasil",Sudeste,Rio de Janeiro,Rio de Janeiro,LARANJEIRAS,,,-22.9339083000,-43.1798380000,"28/10/2018, 16:10:00",false,false,,Não identificado,,,false,0,0,0,0,0,0,0,0,0,0,0,0,0,0
21013,"R. dos Biólogos - Taquara, Rio de Janeiro - RJ, 22723-510, Brasil",Sudeste,Rio de Janeiro,Rio de Janeiro,TAQUARA,,,-22.9110645000,-43.3935142000,"28/10/2018, 16:30:00",false,false,,Não identificado,,,false,0,0,0,0,0,0,0,0,0,0,0,0,0,0
21026,"R. André Cavalcanti - Santa Teresa, Rio de Janeiro - RJ, 20231-050, Brasil",Sudeste,Rio de Janeiro,Rio de Janeiro,CENTRO,,,-22.9149302000,-43.1868086000,"28/10/2018, 16:42:00",false,false,,Não identificado,,,false,0,0,0,0,0,0,0,0,0,0,0,0,0,0
21028,"Catete, Rio de Janeiro - RJ, Brasil",Sudeste,Rio de Janeiro,Rio de Janeiro,CATETE,,,-22.9279602000,-43.1807701000,"28/10/2018, 16:50:00",false,false,,Não identificado,,,false,0,0,0,0,0,0,0,0,0,0,0,0,0,0
21029,"Meier, Rio de Janeiro - RJ, Brasil",Sudeste,Rio de Janeiro,Rio de Janeiro,MEIER,,,-22.9021344000,-43.2803832000,"28/10/2018, 17:04:00",false,false,,Não identificado,,,false,0,0,0,0,0,0,0,0,0,0,0,0,0,0
21014,"Estr. do Magarça - Campo Grande, Rio de Janeiro - RJ, 23035-380, Brasil",Sudeste,Rio de Janeiro,Rio de Janeiro,GUARATIBA,,,-22.9349350000,-43.5787320000,"28/10/2018, 17:21:00",false,false,,Não identificado,,,false,0,0,0,0,0,0,0,0,0,0,0,0,0,0
21015,"Morro do Adeus, Complexo do Alemão, Rio de Janeiro - RJ, Brasil",Sudeste,Rio de Janeiro,Rio de Janeiro,COMPLEXO DO ALEMAO,,MORRO DO ADEUS (COMPLEXO DO ALEMAO),-22.8654866000,-43.2619815000,"28/10/2018, 17:52:00",false,false,,Não identificado,,,false,0,0,0,0,0,0,0,0,0,0,0,0,0,0
21036,"Padre Miguel, Rio de Janeiro - RJ, Brasil",Sudeste,Rio de Janeiro,Rio de Janeiro,PADRE MIGUEL,,,-22.8780979000,-43.4483194000,"28/10/2018, 17:55:00",false,false,,Não identificado,,,false,0,0,0,0,0,0,0,0,0,0,0,0,0,0
21020,"R. Uberaba - Grajau, Rio de Janeiro - RJ, 20561-240, Brasil",Sudeste,Rio de Janeiro,Rio de Janeiro,GRAJAU,,,-22.9249345000,-43.2564332000,"28/10/2018, 19:25:00",false,false,,Não identificado,,,false,0,0,0,0,0,0,0,0,0,0,0,0,0,0
21041,"Morro da Congo, Vila Kennedy, Bangu, Rio de Janeiro - RJ, 21852-410, Brasil",Sudeste,Rio de Janeiro,Rio de Janeiro,VILA KENNEDY,,VILA KENNEDY,-22.8625430000,-43.4928230000,"29/10/2018, 02:24:00",false,false,,Não identificado,,,false,0,0,0,0,0,0,0,0,0,0,0,0,0,0
21046,"Morro do Pinto - Santo Cristo, Rio de Janeiro - RJ, 20220-020, Brasil",Sudeste,Rio de Janeiro,Rio de Janeiro,SANTO CRISTO,,MORRO DO PINTO,-22.9025000000,-43.2013889000,"29/10/2018, 03:00:00",true,true,N�o identificado,Operação policial,,,false,1,0,0,0,0,0,0,0,0,0,0,0,0,0
21042,"Morro da Providencia - Gambôa, Rio de Janeiro - RJ, 20221-310, Brasil",Sudeste,Rio de Janeiro,Rio de Janeiro,GAMBOA,,MORRO DA PROVIDENCIA,-22.9002778000,-43.1952778000,"29/10/2018, 03:54:00",false,false,,Não identificado,,,false,0,0,0,0,0,0,0,0,0,0,0,0,0,0
21044,"Estr. do Camboatá - Guadalupe, Rio de Janeiro - RJ, Brasil",Sudeste,Rio de Janeiro,Rio de Janeiro,GUADALUPE,,,-22.8360131000,-43.3805041000,"29/10/2018, 04:09:00",false,false,,Não identificado,,,false,0,0,0,0,0,0,0,0,0,0,0,0,0,0
21047,"Alvorada, Complexo do Alemão, Rio de Janeiro - RJ, 20011-001, Brasil",Sudeste,Rio de Janeiro,Rio de Janeiro,COMPLEXO DO ALEMAO,,ALVORADA (COMPLEXO DO ALEMAO),-22.8622181000,-43.2749462000,"29/10/2018, 04:30:00",false,false,,Não identificado,,,false,0,0,0,0,0,0,0,0,0,0,0,0,0,0
21048,"R. Guaporé - Bráz De Pina, Rio de Janeiro - RJ, 21215-100, Brasil",Sudeste,Rio de Janeiro,Rio de Janeiro,BRAS DE PINA,,QUITUNGO-GUAPORE,-22.8343372000,-43.2914437000,"29/10/2018, 04:51:00",false,false,,Não identificado,,,false,0,0,0,0,0,0,0,0,0,0,0,0,0,0
21051,"Merendiba, Vila Cruzeiro, Complexo da Penha, Rio de Janeiro - RJ, 21070-730, Brasil",Sudeste,Rio de Janeiro,Rio de Janeiro,OLARIA,,MORRO DA MERENDIBA (COMPLEXO DA PENHA),-22.8472161000,-43.2754407000,"29/10/2018, 05:32:00",true,true,N�o identificado,Ação policial,,,false,0,0,0,1,0,0,0,0,0,0,0,0,0,0
21053,"Metral, Vila Kennedy, Bangu, Rio de Janeiro - RJ, 21853-614, Brasil",Sudeste,Rio de Janeiro,Rio de Janeiro,VILA KENNEDY,,VILA KENNEDY,-22.8571956000,-43.4979109000,"29/10/2018, 08:08:00",false,false,,Não identificado,,,false,0,0,0,0,0,0,0,0,0,0,0,0,0,0
21056,"Grota - Complexo do Alemão, Rio de Janeiro - RJ, Brasil",Sudeste,Rio de Janeiro,Rio de Janeiro,COMPLEXO DO ALEMAO,,GROTA (COMPLEXO DO ALEMAO),-22.8604470000,-43.2742450000,"29/10/2018, 10:55:00",false,false,,Não identificado,,,false,0,0,0,0,0,0,0,0,0,0,0,0,0,0
21060,"Morro do Trem - Vila Cosmos, Rio de Janeiro - RJ, 21210-024, Brasil",Sudeste,Rio de Janeiro,Rio de Janeiro,VILA KOSMOS,,MORRO DO CARMO  (MORRO DO TREM),-22.8515537000,-43.3043501000,"29/10/2018, 13:00:00",false,false,,Não identificado,,,false,0,0,0,0,0,0,0,0,0,0,0,0,0,0
21058,"R. Andorinha, Cantagalo - Copacabana, Rio de Janeiro - RJ, 22071-060, Brasil",Sudeste,Rio de Janeiro,Rio de Janeiro,COPACABANA,,MORRO DO CANTAGALO,-22.9803107000,-43.1963073000,"29/10/2018, 13:03:00",true,true,N�o identificado,Ação policial,,,false,0,0,0,0,0,0,0,0,0,0,0,0,0,0
21059,"Morro do Dende - Ilha do Governador, Rio de Janeiro - RJ, 21921-325, Brasil",Sudeste,Rio de Janeiro,Rio de Janeiro,JARDIM CARIOCA,,MORRO DO DENDE,-22.8016667000,-43.1902778000,"29/10/2018, 13:15:00",true,true,PM,Ação policial,,,false,0,0,0,0,0,0,0,0,0,0,0,0,0,0
21061,"Morro do Dende - Ilha do Governador, Rio de Janeiro - RJ, 21921-325, Brasil",Sudeste,Rio de Janeiro,Rio de Janeiro,JARDIM CARIOCA,,MORRO DO DENDE,-22.8016667000,-43.1902778000,"29/10/2018, 15:30:00",true,true,N�o identificado,Ação policial,,,false,0,0,0,0,0,0,0,0,0,0,0,0,0,0
21066,"Centro, Rio de Janeiro - RJ, Brasil",Sudeste,Rio de Janeiro,Rio de Janeiro,CENTRO,,,-22.9070828000,-43.1819148000,"29/10/2018, 16:00:00",false,false,,Não identificado,,,false,0,0,0,0,0,0,0,0,0,0,0,0,0,0
21067,"Quintino Bocaiuva, Rio de Janeiro - RJ, Brasil",Sudeste,Rio de Janeiro,Rio de Janeiro,QUINTINO BOCAIUVA,,,-22.8936588000,-43.3217453000,"29/10/2018, 16:23:00",false,false,,Não identificado,,,false,0,0,0,0,0,0,0,0,0,0,0,0,0,0
21069,"Av. Mal. Rondon - Rocha, Rio de Janeiro - RJ, Brasil",Sudeste,Rio de Janeiro,Rio de Janeiro,ROCHA,,,-22.9028748000,-43.2491718000,"29/10/2018, 18:00:00",false,false,,Não identificado,,,false,0,0,0,0,0,0,0,0,0,0,0,0,0,0
21068,"R. Bias Fortes - Bonsucesso, Rio de Janeiro - RJ, 21060-505, Brasil",Sudeste,Rio de Janeiro,Rio de Janeiro,BONSUCESSO,,,-22.8636746000,-43.2553804000,"29/10/2018, 18:17:00",false,false,,Não identificado,,,false,0,0,0,0,0,0,0,0,0,0,0,0,0,0
21074,"Campo Grande, Rio de Janeiro - RJ, Brasil",Sudeste,Rio de Janeiro,Rio de Janeiro,CAMPO GRANDE,,,-22.9035842000,-43.5662438000,"29/10/2018, 18:39:00",false,false,,Não identificado,,,false,0,0,0,0,0,0,0,0,0,0,0,0,0,0
21079,"Vila Kennedy - Bangu, Rio de Janeiro - RJ, 21850-020, Brasil",Sudeste,Rio de Janeiro,Rio de Janeiro,VILA KENNEDY,,VILA KENNEDY,-22.8604006000,-43.4884116000,"29/10/2018, 20:53:00",false,false,,Não identificado,,,false,0,0,0,0,0,0,0,0,0,0,0,0,0,0
21080,"Av. Brasil - Irajá, Rio de Janeiro - RJ, Brasil",Sudeste,Rio de Janeiro,Rio de Janeiro,IRAJA,,,-22.8230758000,-43.3280085000,"29/10/2018, 22:33:00",false,false,,Não identificado,,,false,0,0,0,0,0,0,0,0,0,0,0,0,0,0
21086,"Morro do Juramento - Vicente de Carvalho, Rio de Janeiro - RJ, Brasil",Sudeste,Rio de Janeiro,Rio de Janeiro,VICENTE DE CARVALHO,,MORRO DO JURAMENTO (COMPLEXO DO JURAMENTO),-22.8627778000,-43.3152778000,"30/10/2018, 02:20:00",true,true,N�o identificado,Operação policial,,,false,0,0,0,0,0,0,0,0,0,0,0,0,0,0
21081,"Quinze (15), Cidade de Deus, Rio de Janeiro - RJ, Brasil",Sudeste,Rio de Janeiro,Rio de Janeiro,CIDADE DE DEUS,,CIDADE DE DEUS,-22.9480300000,-43.3625280000,"30/10/2018, 02:45:00",false,false,,Não identificado,,,false,0,0,0,0,0,0,0,0,0,0,0,0,0,0
21083,"Morro do Uburu - Pilares, Rio de Janeiro - RJ, Brasil",Sudeste,Rio de Janeiro,Rio de Janeiro,PILARES,,MORRO DO URUBU (COMPLEXO DO URUBU),-22.8763889000,-43.3033333000,"30/10/2018, 03:23:00",true,true,N�o identificado,Operação policial,,,false,0,0,0,0,0,0,0,0,0,0,0,0,0,0
21084,"Karatê, Cidade de Deus, Rio de Janeiro - RJ, Brasil",Sudeste,Rio de Janeiro,Rio de Janeiro,CIDADE DE DEUS,,CIDADE DE DEUS,-22.9481688000,-43.3626721000,"30/10/2018, 03:26:00",true,true,PM,Operação policial,,,false,0,0,0,0,0,0,0,0,0,0,0,0,0,0
21087,"Av. Brasil,  Vila Kennedy, Rio de Janeiro - RJ, 21852-360, Brasil",Sudeste,Rio de Janeiro,Rio de Janeiro,VILA KENNEDY,,VILA KENNEDY,-22.8548293000,-43.4908951000,"30/10/2018, 04:13:00",true,true,UPP (Vila Kennedy),Tentativa/Roubo,,,false,0,0,0,1,0,0,0,0,0,0,0,0,0,0
21089,"Beco do Sapo, Metral, Vila Kennedy, Bangu, Rio de Janeiro - RJ, 21853-600, Brasil",Sudeste,Rio de Janeiro,Rio de Janeiro,VILA KENNEDY,,VILA KENNEDY,-22.8550195000,-43.4971339000,"30/10/2018, 04:28:00",true,true,PM,Ação policial,,,false,1,0,0,0,0,0,0,0,0,0,0,0,0,0
21091,"Rua Humaitá - Humaitá, Rio de Janeiro - RJ, Brasil",Sudeste,Rio de Janeiro,Rio de Janeiro,HUMAITA,,,-22.9579332000,-43.1994984000,"30/10/2018, 05:00:00",false,false,,Tentativa/Roubo,,,false,0,0,0,0,0,0,0,0,0,0,0,0,0,0
21090,"Merendiba, Vila Cruzeiro, Complexo da Penha, Rio de Janeiro - RJ, 21070-730, Brasil",Sudeste,Rio de Janeiro,Rio de Janeiro,OLARIA,,MORRO DA MERENDIBA (COMPLEXO DA PENHA),-22.8472420000,-43.2754330000,"30/10/2018, 05:20:00",true,true,PM,Ação policial,,,false,0,0,0,0,0,0,0,0,0,0,0,0,0,0
21095,"Merendiba - Vila Cruzeiro, Complexo da  Penha, Rio de Janeiro - RJ, 21070-730, Brasil",Sudeste,Rio de Janeiro,Rio de Janeiro,OLARIA,,MORRO DA MERENDIBA (COMPLEXO DA PENHA),-22.8472161000,-43.2754407000,"30/10/2018, 07:12:00",true,true,N�o identificado,Ação policial,,,false,0,0,0,0,0,0,0,0,0,0,0,0,0,0
21093,"Karatê - Cidade de Deus, Rio de Janeiro - RJ, 22773-080, Brasil",Sudeste,Rio de Janeiro,Rio de Janeiro,CIDADE DE DEUS,,CIDADE DE DEUS,-22.9487017000,-43.3688870000,"30/10/2018, 07:25:00",true,true,N�o identificado,Ação policial,,,false,0,0,0,0,0,0,0,0,0,0,0,0,0,0
21103,"R. Baviera, Ilha do Governador, Tauá, Rio de Janeiro - RJ, Brasil",Sudeste,Rio de Janeiro,Rio de Janeiro,JARDIM CARIOCA,,MORRO DO DENDE,-22.8049660000,-43.1857359000,"30/10/2018, 13:00:00",false,false,,Não identificado,,,false,0,0,0,0,0,0,0,0,0,0,0,0,0,0
21098,"Adeus - Complexo do Alemão, Rio de Janeiro - RJ, 21060-505, Brasil",Sudeste,Rio de Janeiro,Rio de Janeiro,COMPLEXO DO ALEMAO,,MORRO DO ADEUS (COMPLEXO DO ALEMAO),-22.8649615000,-43.2611910000,"30/10/2018, 13:45:00",false,false,,Não identificado,,,false,0,0,0,0,0,0,0,0,0,0,0,0,0,0
21099,"Quafa, Vila Kennedy, Rio de Janeiro - RJ, 23098-030, Brasil",Sudeste,Rio de Janeiro,Rio de Janeiro,VILA KENNEDY,,VILA KENNEDY,-22.8505200000,-43.4874160000,"30/10/2018, 14:12:00",false,false,,Não identificado,,,false,0,0,0,0,0,0,0,0,0,0,0,0,0,0
21101,"R. Irapuá - Bráz De Pina, Rio de Janeiro - RJ, 21215-060, Brasil",Sudeste,Rio de Janeiro,Rio de Janeiro,BRAS DE PINA,,,-22.8371160000,-43.2932400000,"30/10/2018, 15:00:00",false,false,,Não identificado,,,false,0,0,0,0,0,0,0,0,0,0,0,0,0,0
21106,"Campo Grande, Rio de Janeiro - RJ, Brasil",Sudeste,Rio de Janeiro,Rio de Janeiro,CAMPO GRANDE,,,-22.9035842000,-43.5662438000,"30/10/2018, 17:06:00",false,false,,Não identificado,,,false,0,0,0,0,0,0,0,0,0,0,0,0,0,0
21105,"Favela Barreira do Vasco, São Cristóvão, Rio de Janeiro - RJ, 20921-320, Brasil",Sudeste,Rio de Janeiro,Rio de Janeiro,SAO CRISTOVAO,,BARREIRA DO VASCO,-22.8895520000,-43.2296120000,"30/10/2018, 17:28:00",false,false,,Não identificado,,,false,0,0,0,0,0,0,0,0,0,0,0,0,0,0
21107,"Complexo do Caju, Caju, Rio de Janeiro - RJ, Brasil",Sudeste,Rio de Janeiro,Rio de Janeiro,CAJU,,COMPLEXO DO CAJU,-22.8792069000,-43.2155524000,"30/10/2018, 17:34:00",false,false,,Não identificado,,,false,0,0,0,0,0,0,0,0,0,0,0,0,0,0
21110,"R. Vítor Frond - Coelho Neto, Rio de Janeiro - RJ, 21530-090, Brasil",Sudeste,Rio de Janeiro,Rio de Janeiro,COELHO NETO,,CONJUNTO FAZENDA BOTAFOGO (COMPLEXO DA PEDREIRA),-22.8274499000,-43.3519841000,"30/10/2018, 18:35:00",false,false,,Não identificado,,,false,0,0,0,0,0,0,0,0,0,0,0,0,0,0
21121,"Rua do Rio, Fazendinha, Complexo do Alemão, Rio de Janeiro - RJ, 20765-110, Brasil",Sudeste,Rio de Janeiro,Rio de Janeiro,COMPLEXO DO ALEMAO,,FAZENDINHA (COMPLEXO DO ALEMAO),-22.8703230000,-43.2802600000,"30/10/2018, 19:00:00",true,true,N�o identificado,Ação policial,,,false,0,1,0,0,0,0,0,0,0,0,0,1,0,0
21112,"São Carlos, Estácio, Rio de Janeiro - RJ, 20250-053, Brasil",Sudeste,Rio de Janeiro,Rio de Janeiro,ESTACIO,,MORRO DO SAO CARLOS (COMPLEXO DO SAO CARLOS),-22.9174128000,-43.2047911000,"30/10/2018, 19:07:00",false,false,,Não identificado,,,false,0,0,0,0,0,0,0,0,0,0,0,0,0,0
21114,"Morro da Providência - Gambôa, Rio de Janeiro - RJ, 20221-310, Brasil",Sudeste,Rio de Janeiro,Rio de Janeiro,GAMBOA,,MORRO DA PROVIDENCIA,-22.9002778000,-43.1952778000,"30/10/2018, 19:38:00",true,true,PM,Ação policial,,,false,0,0,0,0,0,0,0,0,0,0,0,0,0,0
21116,"Av. Geremário Dantas, Jacarepaguá, Rio de Janeiro - RJ, 22740-010, Brasil",Sudeste,Rio de Janeiro,Rio de Janeiro,JACAREPAGUA,,,-22.9250969000,-43.3610417000,"30/10/2018, 20:12:00",false,false,,Não identificado,,,false,0,0,0,0,0,0,0,0,0,0,0,0,0,0
21120,"Av. Vicente de Carvalho - Vila da Penha, Rio de Janeiro - RJ, Brasil",Sudeste,Rio de Janeiro,Rio de Janeiro,VILA DA PENHA,,,-22.8473666000,-43.3052409000,"31/10/2018, 00:51:00",true,true,PM,Ação policial,,,false,0,0,0,2,0,0,0,0,0,0,0,0,0,0
21118,"99,  Rocinha, Rio de Janeiro - RJ, 22451-265, Brasil",Sudeste,Rio de Janeiro,Rio de Janeiro,ROCINHA,,ROCINHA,-22.9863411000,-43.2427702000,"31/10/2018, 01:40:00",false,false,,Não identificado,,,false,0,0,0,0,0,0,0,0,0,0,0,0,0,0
21122,"Tomás Coelho - Tomás Coelho, Rio de Janeiro - RJ, 21220-300, Brasil",Sudeste,Rio de Janeiro,Rio de Janeiro,TOMAS COELHO,,,-22.8690172000,-43.3040062000,"31/10/2018, 03:15:00",false,false,,Não identificado,,,false,0,0,0,0,0,0,0,0,0,0,0,0,0,0
21123,"Vila Kennedy - Bangu, Rio de Janeiro - RJ, 21850-020, Brasil",Sudeste,Rio de Janeiro,Rio de Janeiro,VILA KENNEDY,,VILA KENNEDY,-22.8604006000,-43.4884116000,"31/10/2018, 03:53:00",true,true,N�o identificado,Ação policial,,,false,0,0,0,0,0,0,0,0,0,0,0,0,0,0
21130,"R. Eng. Almeida Gomes, 265 - Guadalupe, Rio de Janeiro - RJ, 21665-320, Brasil",Sudeste,Rio de Janeiro,Rio de Janeiro,GUADALUPE,,COMPLEXO DO CHAPADAO,-22.8349474000,-43.3829843000,"31/10/2018, 04:05:00",false,false,,Não identificado,,,false,0,0,0,0,0,0,0,0,0,0,0,0,0,0
21135,"Engenho da Rainha, Rio de Janeiro - RJ, 20765-630, Brasil",Sudeste,Rio de Janeiro,Rio de Janeiro,ENGENHO DA RAINHA,,,-22.8672891000,-43.2968812000,"31/10/2018, 06:20:00",false,false,,Não identificado,,,false,0,0,0,0,0,0,0,0,0,0,0,0,0,0
21133,"Morro São Carlos, Estácio, Rio de Janeiro - RJ, 20250-440, Brasil",Sudeste,Rio de Janeiro,Rio de Janeiro,ESTACIO,,MORRO DO SAO CARLOS (COMPLEXO DO SAO CARLOS),-22.9186789000,-43.2040572000,"31/10/2018, 06:27:00",false,false,,Não identificado,,,false,0,0,0,0,0,0,0,0,0,0,0,0,0,0
21134,"Morro da Providência - Gambôa, Rio de Janeiro - RJ, 20221-310, Brasil",Sudeste,Rio de Janeiro,Rio de Janeiro,GAMBOA,,MORRO DA PROVIDENCIA,-22.9002778000,-43.1952778000,"31/10/2018, 06:31:00",false,false,,Não identificado,,,false,0,0,0,0,0,0,0,0,0,0,0,0,0,0
21136,"Av. Graça Aranha, Cinelândia, Centro, Rio de Janeiro - RJ, Brasil",Sudeste,Rio de Janeiro,Rio de Janeiro,CENTRO,,,-22.9079937000,-43.1747128000,"31/10/2018, 07:00:00",true,true,N�o identificado,Tentativa/Roubo,,,false,0,1,0,0,0,0,0,0,0,0,0,0,0,0
21138,"Beira do Rio, Complexo do Alemão - Ramos, Rio de Janeiro - RJ, 21060-120, Brasil",Sudeste,Rio de Janeiro,Rio de Janeiro,COMPLEXO DO ALEMAO,,MORRO DA BAIANA (COMPLEXO DO ALEMAO),-22.8570653000,-43.2647217000,"31/10/2018, 07:00:00",false,false,,Não identificado,,,false,0,0,0,0,0,0,0,0,0,0,0,0,0,0
21137,"Metral, Vila Kennedy, Bangu, Rio de Janeiro - RJ, 21853-600, Brasil",Sudeste,Rio de Janeiro,Rio de Janeiro,VILA KENNEDY,,VILA KENNEDY,-22.8550195000,-43.4971339000,"31/10/2018, 07:35:00",true,true,PM,Ação policial,,,false,1,0,0,0,0,0,0,0,0,0,0,0,0,0
21139,"Morro do Engenho da Rainha - Pilares, Rio de Janeiro - RJ, 20760-691, Brasil",Sudeste,Rio de Janeiro,Rio de Janeiro,PILARES,,MORRO DO ENGENHO DA RAINHA,-22.8766340000,-43.2913700000,"31/10/2018, 09:40:00",false,false,,Não identificado,,,false,0,0,0,0,0,0,0,0,0,0,0,0,0,0
21140,"Adeus - Complexo do Alemão, Rio de Janeiro - RJ, 21060-505, Brasil",Sudeste,Rio de Janeiro,Rio de Janeiro,COMPLEXO DO ALEMAO,,MORRO DO ADEUS (COMPLEXO DO ALEMAO),-22.8649615000,-43.2611910000,"31/10/2018, 09:57:00",false,false,,Não identificado,,,false,0,0,0,0,0,0,0,0,0,0,0,0,0,0
21145,"Rua Conde de Azambuja - Maria da Graça, Rio de Janeiro - RJ, Brasil",Sudeste,Rio de Janeiro,Rio de Janeiro,MARIA DA GRACA,,,-22.8841804000,-43.2634389000,"31/10/2018, 11:00:00",false,false,,Homicidio/Tentativa,,,false,1,0,0,0,0,0,0,0,0,0,0,0,0,0
21147,"Morro do Chapadão - Anchieta, Rio de Janeiro - RJ, 21655-171, Brasil",Sudeste,Rio de Janeiro,Rio de Janeiro,ANCHIETA,,MORRO DO CHAPADAO (COMPLEXO DO CHAPADAO),-22.8251540000,-43.3867840000,"31/10/2018, 11:00:00",true,true,PM,Ação policial,,,false,1,0,0,0,0,0,0,0,0,0,0,0,0,0
21144,"R. Leopoldo Bulhões, 1480 - Manguinhos, Rio de Janeiro - RJ, 21041-210, Brazil",Sudeste,Rio de Janeiro,Rio de Janeiro,MANGUINHOS,,VILA TURISMO (COMPLEXO DE MANGUINHOS),-22.8779869000,-43.2505522000,"31/10/2018, 11:52:00",false,false,,Não identificado,,,false,0,0,0,0,0,0,0,0,0,0,0,0,0,0
21150,"Malvinas, Vila Kennedy, Rio de Janeiro - RJ, 21850-007, Brasil",Sudeste,Rio de Janeiro,Rio de Janeiro,VILA KENNEDY,,VILA KENNEDY,-22.8620720000,-43.4865870000,"31/10/2018, 15:58:00",false,false,,Não identificado,,,false,0,0,0,0,0,0,0,0,0,0,0,0,0,0
21152,"Morro do Juramento - Vicente de Carvalho, Rio de Janeiro - RJ, Brasil",Sudeste,Rio de Janeiro,Rio de Janeiro,VICENTE DE CARVALHO,,MORRO DO JURAMENTO (COMPLEXO DO JURAMENTO),-22.8600128000,-43.3159810000,"31/10/2018, 16:50:00",false,false,,Não identificado,,,false,0,0,0,0,0,0,0,0,0,0,0,0,0,0
21156,"Morro da Providência - Gambôa, Rio de Janeiro - RJ, 20221-310, Brasil",Sudeste,Rio de Janeiro,Rio de Janeiro,GAMBOA,,MORRO DA PROVIDENCIA,-22.8995820000,-43.1961280000,"31/10/2018, 20:24:00",true,true,PM,Ação policial,,,false,0,1,0,0,0,0,0,0,0,0,0,0,0,0
21162,"Vila Aliança, Bangu, Rio de Janeiro - RJ, 21842-360, Brasil",Sudeste,Rio de Janeiro,Rio de Janeiro,BANGU,,VILA ALIANCA,-22.8682965000,-43.4797833000,"01/11/2018, 02:11:00",false,false,,Não identificado,,,false,0,0,0,0,0,0,0,0,0,0,0,0,0,0
21161,"Morro São Carlos - Estácio, Rio de Janeiro - RJ, Brasil",Sudeste,Rio de Janeiro,Rio de Janeiro,ESTACIO,,MORRO DO SAO CARLOS (COMPLEXO DO SAO CARLOS),-22.9174128000,-43.2047911000,"01/11/2018, 02:43:00",false,false,,Não identificado,,,false,0,0,0,0,0,0,0,0,0,0,0,0,0,0
21165,"Morro São João, Engenho Novo, Rio de Janeiro - RJ, 20715-040, Brasil",Sudeste,Rio de Janeiro,Rio de Janeiro,ENGENHO NOVO,,MORRO SAO JOAO,-22.9078627000,-43.2659281000,"01/11/2018, 02:50:00",true,true,N�o identificado,Ação policial,,,false,0,0,0,0,0,0,0,0,0,0,0,0,0,0
21163,"Morro do Urubu - Pilares, Rio de Janeiro - RJ, 20750-150, Brasil",Sudeste,Rio de Janeiro,Rio de Janeiro,PILARES,,MORRO DO URUBU (COMPLEXO DO URUBU),-22.8763889000,-43.3033333000,"01/11/2018, 03:12:00",true,true,N�o identificado,Operação policial,,,false,0,0,0,0,0,0,0,0,0,0,0,0,0,0
21166,"Morro do Adeus, Complexo do Alemão, Rio de Janeiro - RJ, Brasil",Sudeste,Rio de Janeiro,Rio de Janeiro,COMPLEXO DO ALEMAO,,MORRO DO ADEUS (COMPLEXO DO ALEMAO),-22.8654866000,-43.2619815000,"01/11/2018, 04:49:00",false,false,,Não identificado,,Tiroteio contínuo,false,0,0,0,0,0,0,0,0,0,0,0,0,0,0
21167,"Alvorada, Complexo do Alemão, Rio de Janeiro - RJ, 20011-001, Brasil",Sudeste,Rio de Janeiro,Rio de Janeiro,COMPLEXO DO ALEMAO,,ALVORADA (COMPLEXO DO ALEMAO),-22.8624406000,-43.2747796000,"01/11/2018, 05:03:00",false,false,,Não identificado,,,false,0,0,0,0,0,0,0,0,0,0,0,0,0,0
21168,"Bairro Carioca, Triagem, Rocha, Rio de Janeiro - RJ, 20960-045, Brasil",Sudeste,Rio de Janeiro,Rio de Janeiro,ROCHA,,BAIRRO CARIOCA (TRIAGEM),-22.8936373000,-43.2474624000,"01/11/2018, 05:20:00",false,false,,Não identificado,,,false,0,0,0,0,0,0,0,0,0,0,0,0,0,0
21169,"Caixa D'Água e Covanca - Tanque, Rio de Janeiro - RJ, Brasil",Sudeste,Rio de Janeiro,Rio de Janeiro,TANQUE,,MORRO DA COVANCA,-22.9148657000,-43.3481755000,"01/11/2018, 05:47:00",false,false,,Não identificado,,,false,0,0,0,0,0,0,0,0,0,0,0,0,0,0
21170,"R. Camarista Méier - Engenho de Dentro, Rio de Janeiro - RJ, Brasil",Sudeste,Rio de Janeiro,Rio de Janeiro,ENGENHO DE DENTRO,,MORRO DA CAMARISTA (COMPLEXO DO LINS),-22.9093332000,-43.2967433000,"01/11/2018, 06:05:00",true,true,PM,Ação policial,,,false,0,1,0,1,0,0,0,0,0,0,0,0,0,0
21174,"Rua Dois, Alvorada, Complexo do Alemão, Rio de Janeiro - RJ, Brasil",Sudeste,Rio de Janeiro,Rio de Janeiro,COMPLEXO DO ALEMAO,,ALVORADA (COMPLEXO DO ALEMAO),-22.8613949000,-43.2758881000,"01/11/2018, 06:24:00",false,false,,Não identificado,,,false,0,0,0,0,0,0,0,0,0,0,0,0,0,0
21181,"R. Comendador Siqueira - Pechincha, Rio de Janeiro - RJ, Brasil",Sudeste,Rio de Janeiro,Rio de Janeiro,PECHINCHA,,,-22.9226852000,-43.3505519000,"01/11/2018, 07:00:00",true,true,PM,Ação policial,,,false,0,0,0,1,0,0,0,0,0,0,0,0,0,0
21175,"Complexo do Alemão, Rio de Janeiro - RJ, 21061-610, Brasi",Sudeste,Rio de Janeiro,Rio de Janeiro,COMPLEXO DO ALEMAO,,FAZENDINHA (COMPLEXO DO ALEMAO),-22.8664549000,-43.2790161000,"01/11/2018, 07:30:00",true,true,N�o identificado,Ação policial,,,false,0,1,0,0,0,0,0,0,0,0,0,0,0,0
21180,"R. Viseu - Jacaré, Rio de Janeiro - RJ, 20975-040, Brasil",Sudeste,Rio de Janeiro,Rio de Janeiro,JACARE,,,-22.8936425000,-43.2536074000,"01/11/2018, 08:00:00",true,true,UPP (Jacarezinho),Ação policial,,,false,0,0,0,0,0,0,0,0,0,0,0,0,0,0
21178,"Fazendinha - Complexo do Alemão, Rio de Janeiro - RJ, 20766-720, Brasil",Sudeste,Rio de Janeiro,Rio de Janeiro,COMPLEXO DO ALEMAO,,FAZENDINHA (COMPLEXO DO ALEMAO),-22.8629353000,-43.2815418000,"01/11/2018, 08:39:00",false,false,,Não identificado,,,false,0,0,0,0,0,0,0,0,0,0,0,0,0,0
21177,"Alvorada - Complexo do Alemão, Rio de Janeiro - RJ, Brasil",Sudeste,Rio de Janeiro,Rio de Janeiro,COMPLEXO DO ALEMAO,,ALVORADA (COMPLEXO DO ALEMAO),-22.8603113000,-43.2754606000,"01/11/2018, 08:39:00",false,false,,Não identificado,,,false,0,0,0,0,0,0,0,0,0,0,0,0,0,0
21183,"Alvorada - Complexo do Alemão, Rio de Janeiro - RJ, Brasil",Sudeste,Rio de Janeiro,Rio de Janeiro,COMPLEXO DO ALEMAO,,ALVORADA (COMPLEXO DO ALEMAO),-22.8600762000,-43.2756541000,"01/11/2018, 12:32:00",false,false,,Não identificado,,,false,0,0,0,0,0,0,0,0,0,0,0,0,0,0
21187,"Alvorada - Complexo do Alemão, Rio de Janeiro - RJ, Brasil",Sudeste,Rio de Janeiro,Rio de Janeiro,COMPLEXO DO ALEMAO,,ALVORADA (COMPLEXO DO ALEMAO),-22.8624746000,-43.2754259000,"01/11/2018, 14:48:00",false,false,,Não identificado,,,false,0,0,0,0,0,0,0,0,0,0,0,0,0,0
21191,"Fevela do Faz Quem Quer, Rocha Miranda, Rio de Janeiro - RJ, Brasil",Sudeste,Rio de Janeiro,Rio de Janeiro,ROCHA MIRANDA,,MORRO DO FAZ QUEM QUER (COMPLEXO DO CAJUEIRO),-22.8541467000,-43.3389050000,"01/11/2018, 16:20:00",false,false,,Não identificado,,,false,0,0,0,0,0,0,0,0,0,0,0,0,0,0
21213,"Av. Brasil - Manguinhos, Rio de Janeiro - RJ, Brasil",Sudeste,Rio de Janeiro,Rio de Janeiro,MARE,,VILA DO JOAO (COMPLEXO DA MARE),-22.8783725000,-43.2405111000,"01/11/2018, 17:30:00",false,true,,Tentativa/Roubo,,,false,0,1,0,0,0,0,0,0,0,0,0,1,0,0
21199,"Vila Kennedy - Bangu, Rio de Janeiro - RJ, 21850-020, Brasil",Sudeste,Rio de Janeiro,Rio de Janeiro,VILA KENNEDY,,VILA KENNEDY,-22.8604006000,-43.4884116000,"01/11/2018, 18:22:00",false,false,,Não identificado,,,false,0,0,0,0,0,0,0,0,0,0,0,0,0,0
21247,"Karatê - Cidade de Deus, Rio de Janeiro - RJ, 22773-570, Brasil",Sudeste,Rio de Janeiro,Rio de Janeiro,CIDADE DE DEUS,,CIDADE DE DEUS,-22.9492882000,-43.3632474000,"01/11/2018, 20:00:00",true,true,N�o identificado,Operação policial,,,false,1,0,0,0,0,0,0,0,0,0,1,0,0,0
21208,"Estácio, Rio de Janeiro - RJ, Brasil",Sudeste,Rio de Janeiro,Rio de Janeiro,ESTACIO,,,-22.9174205000,-43.2049783000,"01/11/2018, 20:40:00",false,false,,Não identificado,,,false,0,0,0,0,0,0,0,0,0,0,0,0,0,0
21210,"Vila da Penha, Rio de Janeiro - RJ, Brasil",Sudeste,Rio de Janeiro,Rio de Janeiro,VILA DA PENHA,,,-22.8440802000,-43.3094623000,"01/11/2018, 20:43:00",false,false,,Não identificado,,,false,0,0,0,0,0,0,0,0,0,0,0,0,0,0
21209,"Engenho da Rainha, Rio de Janeiro - RJ, Brasil",Sudeste,Rio de Janeiro,Rio de Janeiro,ENGENHO DA RAINHA,,,-22.8650532000,-43.2940226000,"01/11/2018, 20:43:00",false,false,,Não identificado,,,false,0,0,0,0,0,0,0,0,0,0,0,0,0,0
21206,"Canitar e Casinhas, Complexo do Alemão, Rio de Janeiro - RJ, Brasil",Sudeste,Rio de Janeiro,Rio de Janeiro,COMPLEXO DO ALEMAO,,CASINHAS (COMPLEXO DO ALEMAO),-22.8593331000,-43.2754759000,"01/11/2018, 20:46:00",false,false,,Não identificado,,,false,0,0,0,0,0,0,0,0,0,0,0,0,0,0
21216,"Autoestrada Lagoa-Barrra, São Conrado, Rio de Janeiro - RJ, 22610-142, Brasil",Sudeste,Rio de Janeiro,Rio de Janeiro,SAO CONRADO,,,-22.9989827000,-43.2705811000,"01/11/2018, 22:00:00",true,true,N�o identificado,Ação policial,,,false,0,0,0,0,0,0,0,0,0,0,0,0,0,0
21212,"R. Comendador Pinto - Campinho, Rio de Janeiro - RJ, Brasil",Sudeste,Rio de Janeiro,Rio de Janeiro,CAMPINHO,,MORRO DO CAMPINHO (COMPLEXO DO FUBA),-22.8858122000,-43.3436234000,"01/11/2018, 22:15:00",true,true,N�o identificado,Tentativa/Roubo,,Perseguição,false,0,0,0,0,0,0,0,0,0,0,0,0,0,0
21222,"Jacarezinho, Rio de Janeiro - RJ, Brasil",Sudeste,Rio de Janeiro,Rio de Janeiro,JACAREZINHO,,JACAREZINHO,-22.8880700000,-43.2573310000,"02/11/2018, 00:00:00",false,false,,Homicidio/Tentativa,,Feminicídio/tentativa,false,1,0,0,0,0,0,0,0,0,0,0,0,0,0
21214,"Morro da Serrinha, Madureira, Rio de Janeiro - RJ, Brasil",Sudeste,Rio de Janeiro,Rio de Janeiro,MADUREIRA,,MORRO DA SERRINHA (COMPLEXO DA SERRINHA),-22.8675722000,-43.3252865000,"02/11/2018, 02:44:00",true,true,N�o identificado,Operação policial,,,false,0,0,0,0,0,0,0,0,0,0,0,0,0,0
21217,"Morro da Serrinha, Madureira, Rio de Janeiro - RJ, Brasil",Sudeste,Rio de Janeiro,Rio de Janeiro,MADUREIRA,,MORRO DA SERRINHA (COMPLEXO DA SERRINHA),-22.8662498000,-43.3275184000,"02/11/2018, 05:50:00",false,false,,Não identificado,,,false,0,0,0,0,0,0,0,0,0,0,0,0,0,0
21219,"Vidigal, Rio de Janeiro - RJ, Brasil",Sudeste,Rio de Janeiro,Rio de Janeiro,VIDIGAL,,VIDIGAL,-22.9939022000,-43.2358343000,"02/11/2018, 06:58:00",false,false,,Não identificado,,,false,0,0,0,0,0,0,0,0,0,0,0,0,0,0
21223,"Morro da Serrinha, Madureira, Rio de Janeiro - RJ, Brasil",Sudeste,Rio de Janeiro,Rio de Janeiro,MADUREIRA,,MORRO DA SERRINHA (COMPLEXO DA SERRINHA),-22.8618700000,-43.3233402000,"02/11/2018, 10:15:00",true,true,N�o identificado,Ação policial,,,false,0,0,0,0,0,0,0,0,0,0,0,0,0,0
21224,"Ladeira dos Tabajaras - Copacabana, Rio de Janeiro - RJ, 22031-112, Bras",Sudeste,Rio de Janeiro,Rio de Janeiro,COPACABANA,,LADEIRA DOS TABAJARAS,-22.9664960000,-43.1864920000,"02/11/2018, 13:52:00",true,true,N�o identificado,Ação policial,,,false,0,1,0,0,0,0,0,0,0,0,0,0,0,0
21226,"R. Paula Ramos - Rio Comprido, Rio de Janeiro - RJ, Brasil",Sudeste,Rio de Janeiro,Rio de Janeiro,RIO COMPRIDO,,SANTA ALEXANDRINA,-22.9354587000,-43.2118946000,"02/11/2018, 14:40:00",false,false,,Não identificado,,,false,0,0,0,0,0,0,0,0,0,0,0,0,0,0
21227,"99, Rocinha, Rio de Janeiro - RJ, 22610-020, Brasil",Sudeste,Rio de Janeiro,Rio de Janeiro,ROCINHA,,ROCINHA,-22.9921533000,-43.2516084000,"02/11/2018, 16:07:00",false,false,,Não identificado,,,false,0,0,0,0,0,0,0,0,0,0,0,0,0,0
21231,"Costa Barros, Rio de Janeiro - RJ, Brasil",Sudeste,Rio de Janeiro,Rio de Janeiro,COSTA BARROS,,,-22.8246493000,-43.3727275000,"02/11/2018, 19:19:00",false,false,,Não identificado,,,false,0,0,0,0,0,0,0,0,0,0,0,0,0,0
21232,"Estrada da Posse - Santíssimo, Rio de Janeiro - RJ, Brasil",Sudeste,Rio de Janeiro,Rio de Janeiro,SANTISSIMO,,,-22.8766004000,-43.5278572000,"02/11/2018, 19:52:00",false,false,,Não identificado,,,false,0,0,0,0,0,0,0,0,0,0,0,0,0,0
21234,"Pica Pau, Cordovil",Sudeste,Rio de Janeiro,Rio de Janeiro,CORDOVIL,,FAVELA DO PICA PAU (COMPLEXO DE ISRAEL),-22.8190379000,-43.2894141000,"03/11/2018, 03:26:00",false,false,,Não identificado,,,false,0,0,0,0,0,0,0,0,0,0,0,0,0,0
21235,"Malvinas, Vila Kennedy, Rio de Janeiro - RJ, 21850-007, Brasil",Sudeste,Rio de Janeiro,Rio de Janeiro,VILA KENNEDY,,VILA KENNEDY,-22.8620720000,-43.4865870000,"03/11/2018, 03:59:00",false,false,,Não identificado,,,false,0,0,0,0,0,0,0,0,0,0,0,0,0,0
21241,"R. Sudão - Vila Kennedy, Rio de Janeiro - RJ, 21852-535, Brasil",Sudeste,Rio de Janeiro,Rio de Janeiro,VILA KENNEDY,,VILA KENNEDY,-22.8600080000,-43.4893340000,"03/11/2018, 05:31:00",false,false,,Não identificado,,,false,0,0,0,0,0,0,0,0,0,0,0,0,0,0
21245,"Morro Da Fé- Vila da Penha, Rio de Janeiro - RJ, 21210-360, Brasil",Sudeste,Rio de Janeiro,Rio de Janeiro,VILA DA PENHA,,MORRO DA FE (COMPLEXO DA PENHA),-22.8468871000,-43.2968891000,"03/11/2018, 07:00:00",true,true,N�o identificado,Operação policial,,,false,1,0,0,0,0,0,0,0,0,0,1,0,0,0
21251,"Maré, Rio de Janeiro - RJ, Brasil",Sudeste,Rio de Janeiro,Rio de Janeiro,MARE,,COMPLEXO DA MARE,-22.8574971000,-43.2430137000,"03/11/2018, 16:29:00",false,false,,Não identificado,,,false,0,0,0,0,0,0,0,0,0,0,0,0,0,0
21250,"Estr. do Quitungo - Bráz De Pina, Rio de Janeiro - RJ, 21215-562, Brasil",Sudeste,Rio de Janeiro,Rio de Janeiro,BRAS DE PINA,,QUITUNGO-GUAPORE,-22.8319059000,-43.3022090000,"03/11/2018, 16:38:00",false,false,,Não identificado,,,false,0,0,0,0,0,0,0,0,0,0,0,0,0,0
21277,"Tv. Odilon - Bento Ribeiro, Rio de Janeiro - RJ, 21331-460, Brasil",Sudeste,Rio de Janeiro,Rio de Janeiro,BENTO RIBEIRO,,,-22.8720201000,-43.3603016000,"03/11/2018, 17:20:00",false,false,,Não identificado,,,false,0,0,0,0,0,0,0,0,0,0,0,0,0,0
21253,"Quintanilha e Pantanal, Cidade de Deus, Rio de Janeiro - RJ, Brasil",Sudeste,Rio de Janeiro,Rio de Janeiro,CIDADE DE DEUS,,CIDADE DE DEUS,-22.9481688000,-43.3626721000,"03/11/2018, 17:32:00",false,false,,Não identificado,,,false,0,0,0,0,0,0,0,0,0,0,0,0,0,0
21254,"Proença Rosa,  Honório Gurgel, Rio de Janeiro - RJ, 21511-000, Brasil",Sudeste,Rio de Janeiro,Rio de Janeiro,HONORIO GURGEL,,PROENCA ROSA,-22.8456470000,-43.3571079000,"03/11/2018, 18:01:00",false,false,,Não identificado,,,false,0,0,0,0,0,0,0,0,0,0,0,0,0,0
21260,"Pavuna, Rio de Janeiro - RJ, Brasil",Sudeste,Rio de Janeiro,Rio de Janeiro,PAVUNA,,,-22.8112324000,-43.3625273000,"03/11/2018, 19:06:00",false,false,,Não identificado,,,false,0,0,0,0,0,0,0,0,0,0,0,0,0,0
21266,"R. João Pereira, 148 - Madureira, Rio de Janeiro - RJ, 21350-250, Brasil",Sudeste,Rio de Janeiro,Rio de Janeiro,MADUREIRA,,MORRO DO SAO JOSE (COMPLEXO DA SERRINHA),-22.8752100000,-43.3322291000,"03/11/2018, 22:10:00",false,false,,Não identificado,,,false,0,0,0,0,0,0,0,0,0,0,0,0,0,0
21278,"Pavão-Pavãozinho - Copacabana, Rio de Janeiro - RJ, 22071-060, Brasil",Sudeste,Rio de Janeiro,Rio de Janeiro,COPACABANA,,MORRO DO PAVAO-PAVAOZINHO,-22.9806908000,-43.1946668000,"04/11/2018, 08:00:00",true,true,PM,Operação policial,,,false,0,0,0,0,0,0,0,0,0,0,0,0,0,0
21271,"R. Moacir de Oliveira - Praça Seca, Rio de Janeiro - RJ, 22733-001, Brasil",Sudeste,Rio de Janeiro,Rio de Janeiro,PRACA SECA,,FAVELA BATEAU MOUCHE,-22.9079256000,-43.3546754000,"04/11/2018, 09:45:00",false,false,,Não identificado,,,false,0,0,0,0,0,0,0,0,0,0,0,0,0,0
21279,"Praça Treze de Junho - Cordovil, Rio de Janeiro - RJ, Brasil",Sudeste,Rio de Janeiro,Rio de Janeiro,CORDOVIL,,,-22.8238852000,-43.3018796000,"04/11/2018, 13:21:00",false,false,,Não identificado,,,false,0,0,0,0,0,0,0,0,0,0,0,0,0,0
21288,"Manguinhos, Rio de Janeiro - RJ, Brasil",Sudeste,Rio de Janeiro,Rio de Janeiro,MANGUINHOS,,COMPLEXO DE MANGUINHOS,-22.8830377000,-43.2457507000,"04/11/2018, 17:02:00",false,false,,Não identificado,,,false,0,0,0,0,0,0,0,0,0,0,0,0,0,0
21289,"Manguinhos, Rio de Janeiro - RJ, Brasil",Sudeste,Rio de Janeiro,Rio de Janeiro,MANGUINHOS,,COMPLEXO DE MANGUINHOS,-22.8830377000,-43.2457507000,"04/11/2018, 18:13:00",true,true,UPP (Manguinhos),Ação policial,,,false,1,1,0,3,0,0,0,0,0,0,1,0,0,0
21293,"Santa Cruz, Rio de Janeiro - RJ, Brasil",Sudeste,Rio de Janeiro,Rio de Janeiro,SANTA CRUZ,,,-22.9196515000,-43.6843877000,"04/11/2018, 19:48:00",false,false,,Não identificado,,,false,0,0,0,0,0,0,0,0,0,0,0,0,0,0
21295,"Campo Grande, Rio de Janeiro - RJ, Brasil",Sudeste,Rio de Janeiro,Rio de Janeiro,CAMPO GRANDE,,,-22.9035842000,-43.5662438000,"04/11/2018, 20:58:00",false,false,,Não identificado,,,false,0,0,0,0,0,0,0,0,0,0,0,0,0,0
21301,"Rua Capitão Mário Barbedo - Parque Anchieta, Rio de Janeiro - RJ, 21640-010, Brasil",Sudeste,Rio de Janeiro,Rio de Janeiro,PARQUE ANCHIETA,,,-22.8355524000,-43.3990970000,"05/11/2018, 00:00:00",true,true,PM,Tentativa/Roubo,,,false,0,0,0,0,0,0,0,0,0,0,0,0,0,0
21307,"R. Rosa de Almeida - Padre Miguel, Rio de Janeiro - RJ, 21775-480, Brasil",Sudeste,Rio de Janeiro,Rio de Janeiro,PADRE MIGUEL,,,-22.8822691000,-43.4481403000,"05/11/2018, 03:30:00",false,false,,Não identificado,,,false,0,0,0,0,0,0,0,0,0,0,0,0,0,0
21297,"Morro da Fé, Complexo da Penha, Penha Circular, Rio de Janeiro - RJ, 21210-360, Brasil",Sudeste,Rio de Janeiro,Rio de Janeiro,PENHA CIRCULAR,,MORRO DA FE (COMPLEXO DA PENHA),-22.8469239000,-43.2969005000,"05/11/2018, 03:45:00",true,true,N�o identificado,Operação policial,,,false,0,0,0,0,0,0,0,0,0,0,0,0,0,0
21299,"Favela do Muquiço, Guadalupe",Sudeste,Rio de Janeiro,Rio de Janeiro,GUADALUPE,,FAVELA DO MUQUICO,-22.8501368000,-43.3798039000,"05/11/2018, 03:59:00",false,false,,Não identificado,,,false,0,0,0,0,0,0,0,0,0,0,0,0,0,0
21298,"Vila Vintém, Realengo, Rio de Janeiro - RJ, 21721-022, Brasil",Sudeste,Rio de Janeiro,Rio de Janeiro,PADRE MIGUEL,,VILA VINTEM,-22.8709633000,-43.4426703000,"05/11/2018, 04:08:00",true,true,N�o identificado,Operação policial,,,false,1,1,0,0,0,0,0,0,0,0,0,0,0,0
21305,"Morro do Juramento - Vicente de Carvalho, Rio de Janeiro - RJ, Brasil",Sudeste,Rio de Janeiro,Rio de Janeiro,VICENTE DE CARVALHO,,MORRO DO JURAMENTO (COMPLEXO DO JURAMENTO),-22.8627778000,-43.3152778000,"05/11/2018, 04:29:00",true,true,N�o identificado,Operação policial,,,false,0,0,0,0,0,0,0,0,0,0,0,0,0,0
21306,"Morro do Sereno, Complexo da Penha, Penha Circular, Rio de Janeiro - RJ, 21210-154, Brasil",Sudeste,Rio de Janeiro,Rio de Janeiro,PENHA CIRCULAR,,MORRO DO SERENO (COMPLEXO DA PENHA),-22.8436111000,-43.2936111000,"05/11/2018, 04:29:00",true,true,N�o identificado,Ação policial,,,false,0,0,0,0,0,0,0,0,0,0,0,0,0,0
21317,"Vila Kennedy - Bangu, Rio de Janeiro - RJ, 21850-020, Brasil",Sudeste,Rio de Janeiro,Rio de Janeiro,VILA KENNEDY,,VILA KENNEDY,-22.8604006000,-43.4884116000,"05/11/2018, 05:00:00",true,true,PM,Operação policial,,,false,0,2,0,0,0,0,0,0,0,0,0,0,0,0
21308,"Bairro Carioca, Triagem, Rio de Janeiro - RJ, 20960-045, Brasil",Sudeste,Rio de Janeiro,Rio de Janeiro,ROCHA,,BAIRRO CARIOCA (TRIAGEM),-22.8936373000,-43.2474624000,"05/11/2018, 05:11:00",false,false,,Não identificado,,,false,0,0,0,0,0,0,0,0,0,0,0,0,0,0
21318,"Caixa D'Água, Complexo da Penha, Penha Circular, Rio de Janeiro - RJ, 21070-000, Brasil",Sudeste,Rio de Janeiro,Rio de Janeiro,PENHA CIRCULAR,,MORRO DA CAIXA D'AGUA (COMPLEXO DA PENHA),-22.8415604000,-43.2893578000,"05/11/2018, 05:18:00",true,true,N�o identificado,Ação policial,,,false,0,0,0,0,0,0,0,0,0,0,0,0,0,0
21314,"Morro do Juramento - Vicente de Carvalho, Rio de Janeiro - RJ, Brasil",Sudeste,Rio de Janeiro,Rio de Janeiro,VICENTE DE CARVALHO,,MORRO DO JURAMENTO (COMPLEXO DO JURAMENTO),-22.8627778000,-43.3152778000,"05/11/2018, 07:23:00",true,true,N�o identificado,Ação policial,,,false,0,0,0,0,0,0,0,0,0,0,0,0,0,0
21315,"R. Tatuí, 179 - Madureira, Rio de Janeiro - RJ, 21360-100, Brasil",Sudeste,Rio de Janeiro,Rio de Janeiro,MADUREIRA,,MORRO DO CAJUEIRO (COMPLEXO DO CAJUEIRO),-22.8642640000,-43.3370160000,"05/11/2018, 07:45:00",false,false,,Não identificado,,,false,0,0,0,0,0,0,0,0,0,0,0,0,0,0
21323,"Morro do Barbante,  Galeão, Rio de Janeiro - RJ, 21941-467, Brasil",Sudeste,Rio de Janeiro,Rio de Janeiro,GALEAO,,MORRO DO BARBANTE (OU VILA JOANIZA),-22.8145366000,-43.2309464000,"05/11/2018, 13:08:00",false,false,,Não identificado,,,false,0,0,0,0,0,0,0,0,0,0,0,0,0,0
21324,"Lins de Vasconcelos, Rio de Janeiro - RJ, Brasil",Sudeste,Rio de Janeiro,Rio de Janeiro,LINS DE VASCONCELOS,,,-22.9128703000,-43.2845545000,"05/11/2018, 14:28:00",false,false,,Não identificado,,,false,0,0,0,0,0,0,0,0,0,0,0,0,0,0
21325,"Padre Miguel, Rio de Janeiro - RJ, Brasil",Sudeste,Rio de Janeiro,Rio de Janeiro,PADRE MIGUEL,,,-22.8780979000,-43.4483194000,"05/11/2018, 14:43:00",false,false,,Não identificado,,,false,0,0,0,0,0,0,0,0,0,0,0,0,0,0
21329,"Cidade Alta, Cordovil, Rio de Janeiro - RJ, 21010-200, Brasil",Sudeste,Rio de Janeiro,Rio de Janeiro,CORDOVIL,,CIDADE ALTA (COMPLEXO DE ISRAEL),-22.8193769000,-43.2943756000,"05/11/2018, 18:20:00",false,false,,Não identificado,,,false,0,0,0,0,0,0,0,0,0,0,0,0,0,0
21330,"Morro do Trem, Vila Cosmos, Rio de Janeiro - RJ, Brasil",Sudeste,Rio de Janeiro,Rio de Janeiro,VILA KOSMOS,,MORRO DO CARMO  (MORRO DO TREM),-22.8515010000,-43.3045210000,"05/11/2018, 18:33:00",false,false,,Não identificado,,,false,0,0,0,0,0,0,0,0,0,0,0,0,0,0
21340,"Nova Holanda, Maré, Rio de Janeiro - RJ, 21044-242, Brasil",Sudeste,Rio de Janeiro,Rio de Janeiro,MARE,,NOVA HOLANDA (COMPLEXO DA MARE),-22.8543104000,-43.2414420000,"05/11/2018, 22:39:00",true,true,21 DP,Operação policial,,,true,5,8,0,0,0,0,0,0,0,0,0,0,0,0
21336,"Nova Holanda, Maré, Rio de Janeiro - RJ, 21044-242, Brasil",Sudeste,Rio de Janeiro,Rio de Janeiro,MARE,,NOVA HOLANDA (COMPLEXO DA MARE),-22.8543104000,-43.2414420000,"05/11/2018, 23:41:00",false,false,,Não identificado,,,false,0,0,0,0,0,0,0,0,0,0,0,0,0,0
21344,"Rubens Vaz - Maré, Rio de Janeiro - RJ, 21040-000, Brasil",Sudeste,Rio de Janeiro,Rio de Janeiro,MARE,,RUBENS VAZ (COMPLEXO DA MARE),-22.8529160000,-43.2430051000,"06/11/2018, 00:50:00",false,false,,Não identificado,,,false,0,0,0,0,0,0,0,0,0,0,0,0,0,0
21342,"Nova Holanda, Maré, Rio de Janeiro - RJ, 21044-242, Brasil",Sudeste,Rio de Janeiro,Rio de Janeiro,MARE,,NOVA HOLANDA (COMPLEXO DA MARE),-22.8543104000,-43.2414420000,"06/11/2018, 00:50:00",false,false,,Não identificado,,,false,0,0,0,0,0,0,0,0,0,0,0,0,0,0
21343,"Parque União, Maré, Bonsucesso, Rio de Janeiro - RJ, 21044-420, Brasil",Sudeste,Rio de Janeiro,Rio de Janeiro,MARE,,PARQUE UNIAO (COMPLEXO DA MARE),-22.8505384000,-43.2429343000,"06/11/2018, 00:50:00",false,false,,Não identificado,,,false,0,0,0,0,0,0,0,0,0,0,0,0,0,0
21341,"Nova Holanda, Maré, Rio de Janeiro - RJ, 21044-242, Brasil",Sudeste,Rio de Janeiro,Rio de Janeiro,MARE,,NOVA HOLANDA (COMPLEXO DA MARE),-22.8543104000,-43.2414420000,"06/11/2018, 03:05:00",false,false,,Não identificado,,,false,0,0,0,0,0,0,0,0,0,0,0,0,0,0
21345,"Fazendinha - Complexo do Alemão, Rio de Janeiro - RJ, 20766-120, Brasil",Sudeste,Rio de Janeiro,Rio de Janeiro,COMPLEXO DO ALEMAO,,FAZENDINHA (COMPLEXO DO ALEMAO),-22.8636170000,-43.2791188000,"06/11/2018, 04:05:00",true,true,PM,Operação policial,,Outros,false,0,2,0,0,0,0,0,0,0,0,0,0,0,0
21346,"Casinhas, Complexo do Alemão, Rio de Janeiro - RJ, 21061-610, Brasil",Sudeste,Rio de Janeiro,Rio de Janeiro,COMPLEXO DO ALEMAO,,CASINHAS (COMPLEXO DO ALEMAO),-22.8655691000,-43.2828924000,"06/11/2018, 05:09:00",true,true,N�o identificado,Ação policial,,,false,0,0,0,0,0,0,0,0,0,0,0,0,0,0
21350,"Casinhas, Complexo do Alemão, Rio de Janeiro - RJ, 21061-610, Brasil",Sudeste,Rio de Janeiro,Rio de Janeiro,COMPLEXO DO ALEMAO,,CASINHAS (COMPLEXO DO ALEMAO),-22.8655691000,-43.2828924000,"06/11/2018, 06:14:00",true,true,N�o identificado,Ação policial,,,false,0,0,0,0,0,0,0,0,0,0,0,0,0,0
21352,"R. São Miguel - Tijuca, Rio de Janeiro - RJ, Brasil",Sudeste,Rio de Janeiro,Rio de Janeiro,TIJUCA,,MORRO DO BOREL,-22.9394494000,-43.2515352000,"06/11/2018, 06:49:00",false,false,,Não identificado,,,false,0,0,0,0,0,0,0,0,0,0,0,0,0,0
21354,"Canitar - Complexo do Alemão, Rio de Janeiro - RJ, Brasil",Sudeste,Rio de Janeiro,Rio de Janeiro,COMPLEXO DO ALEMAO,,MORRO DAS PALMEIRAS (COMPLEXO DO ALEMAO),-22.8603985000,-43.2821082000,"06/11/2018, 07:00:00",true,true,N�o identificado,Ação policial,,,false,0,0,0,0,0,0,0,0,0,0,0,0,0,0
21353,"Fazendinha - Complexo do Alemão, Rio de Janeiro - RJ, 20766-120, Brasil",Sudeste,Rio de Janeiro,Rio de Janeiro,COMPLEXO DO ALEMAO,,FAZENDINHA (COMPLEXO DO ALEMAO),-22.8636170000,-43.2791188000,"06/11/2018, 07:25:00",true,true,N�o identificado,Ação policial,,,false,0,0,0,0,0,0,0,0,0,0,0,0,0,0
21355,"Av. Dom Hélder Câmara, 3732 - Del Castilho, Rio de Janeiro - RJ, 20771-003, Brasil",Sudeste,Rio de Janeiro,Rio de Janeiro,DEL CASTILHO,,FAVELA BANDEIRA 2,-22.8806896000,-43.2703547000,"06/11/2018, 09:35:00",false,false,,Não identificado,,,false,1,0,0,0,0,0,0,0,0,0,0,0,0,0
21356,"Morro do Amor e Cachoeirinha, Complexo do Lins - Lins de Vasconcelos, Rio de Janeiro - RJ, 20710-350, Brasil",Sudeste,Rio de Janeiro,Rio de Janeiro,LINS DE VASCONCELOS,,MORRO DO AMOR (COMPLEXO DO LINS),-22.9119444000,-43.2777778000,"06/11/2018, 09:50:00",false,false,,Não identificado,,,false,0,0,0,0,0,0,0,0,0,0,0,0,0,0
21358,"Rua Tatajuba, Nova Holanda, Maré, Rio de Janeiro - RJ, 21040-000, Brasil",Sudeste,Rio de Janeiro,Rio de Janeiro,MARE,,NOVA HOLANDA (COMPLEXO DA MARE),-22.8566791000,-43.2429835000,"06/11/2018, 11:29:00",true,true,N�o identificado,Ação policial,,,false,0,0,0,0,0,0,0,0,0,0,0,0,0,0
21366,"Estr. da Fontinha - Bento Ribeiro, Rio de Janeiro - RJ, 21331-620, Brasil",Sudeste,Rio de Janeiro,Rio de Janeiro,BENTO RIBEIRO,,,-22.8744231000,-43.3617109000,"06/11/2018, 13:00:00",false,true,,Tentativa/Roubo,,,false,1,0,0,1,0,0,0,0,0,0,0,0,0,0
21361,"R. Zâmbia - Vila Kennedy, Rio de Janeiro - RJ, 21850-510, Brasil",Sudeste,Rio de Janeiro,Rio de Janeiro,VILA KENNEDY,,VILA KENNEDY,-22.8583771000,-43.4893408000,"06/11/2018, 13:03:00",false,false,,Não identificado,,,false,0,0,0,0,0,0,0,0,0,0,0,0,0,0
21362,"Rua Tatajuba - Maré, Rio de Janeiro - RJ, 21040-000, Brasil",Sudeste,Rio de Janeiro,Rio de Janeiro,MARE,,NOVA HOLANDA (COMPLEXO DA MARE),-22.8566791000,-43.2429835000,"06/11/2018, 13:53:00",false,false,,Não identificado,,,false,0,0,0,0,0,0,0,0,0,0,0,0,0,0
21389,"Av. Srg. Isanor de Campos - Guadalupe, Rio de Janeiro - RJ, 21670-040, Brasil",Sudeste,Rio de Janeiro,Rio de Janeiro,GUADALUPE,,FAVELA DO MUQUICO,-22.8501368000,-43.3798039000,"06/11/2018, 16:30:00",true,true,PM,Tentativa/Roubo,,,false,0,0,0,1,0,0,0,0,0,0,0,0,0,0
21371,"Meier, Rio de Janeiro - RJ, Brasil",Sudeste,Rio de Janeiro,Rio de Janeiro,MEIER,,,-22.9021344000,-43.2803832000,"06/11/2018, 19:36:00",false,false,,Não identificado,,,false,0,0,0,0,0,0,0,0,0,0,0,0,0,0
21372,"Honório Gurgel, Rio de Janeiro - RJ, Brasil",Sudeste,Rio de Janeiro,Rio de Janeiro,HONORIO GURGEL,,,-22.8453344000,-43.3558285000,"06/11/2018, 20:20:00",false,false,,Não identificado,,,false,0,0,0,0,0,0,0,0,0,0,0,0,0,0
21374,"Bento Ribeiro, Rio de Janeiro - RJ, Brasil",Sudeste,Rio de Janeiro,Rio de Janeiro,BENTO RIBEIRO,,,-22.8668265000,-43.3632680000,"06/11/2018, 21:09:00",false,false,,Não identificado,,,false,0,0,0,0,0,0,0,0,0,0,0,0,0,0
21375,"R. Lins de Vasconcelos - Lins de Vasconcelos, Rio de Janeiro - RJ, 20710-130, Brasil",Sudeste,Rio de Janeiro,Rio de Janeiro,LINS DE VASCONCELOS,,,-22.9083194000,-43.2792119000,"06/11/2018, 21:39:00",true,true,N�o identificado,Tentativa/Roubo,,Perseguição,false,1,0,0,0,0,0,0,0,0,0,0,0,0,0
21398,"Estr. do Quitungo - Bráz De Pina, Rio de Janeiro - RJ, 21215-562, Brasil",Sudeste,Rio de Janeiro,Rio de Janeiro,BRAS DE PINA,,QUITUNGO-GUAPORE,-22.8319059000,-43.3022090000,"06/11/2018, 22:00:00",false,false,,Não identificado,,,false,0,0,0,0,0,0,0,0,0,0,0,0,0,0
21387,"Morro do Turano - Rio Comprido, Rio de Janeiro - RJ, 20261-004, Brasil",Sudeste,Rio de Janeiro,Rio de Janeiro,RIO COMPRIDO,,MORRO DO TURANO,-22.9253723000,-43.2153192000,"07/11/2018, 03:50:00",true,true,N�o identificado,Ação policial,,,false,0,0,0,0,0,0,0,0,0,0,0,0,0,0
21377,"Bateau Mouche (Batô) - Praça Seca, Rio de Janeiro - RJ, 22733-001, Brasil",Sudeste,Rio de Janeiro,Rio de Janeiro,PRACA SECA,,FAVELA BATEAU MOUCHE,-22.9047379000,-43.3552300000,"07/11/2018, 04:03:00",true,true,PM,Operação policial,,,false,0,0,0,0,0,0,0,0,0,0,0,0,0,0
21379,"Tanque, Rio de Janeiro - RJ, Brasil",Sudeste,Rio de Janeiro,Rio de Janeiro,TANQUE,,,-22.9180113000,-43.3610277000,"07/11/2018, 05:35:00",false,false,,Não identificado,,,false,0,0,0,0,0,0,0,0,0,0,0,0,0,0
21385,"Av. Geremário Dantas - Tanque, Rio de Janeiro - RJ, Brasil",Sudeste,Rio de Janeiro,Rio de Janeiro,TANQUE,,,-22.9215606000,-43.3605893000,"07/11/2018, 06:51:00",true,true,N�o identificado,Ação policial,,,false,0,0,0,0,0,0,0,0,0,0,0,0,0,0
21386,"Morro da Formiga - Tijuca, Rio de Janeiro - RJ, 20530-003, Brasil",Sudeste,Rio de Janeiro,Rio de Janeiro,TIJUCA,,MORRO DA FORMIGA,-22.9441667000,-43.2408333000,"07/11/2018, 07:36:00",false,false,,Não identificado,,,false,0,0,0,0,0,0,0,0,0,0,0,0,0,0
21388,"R. Camarista Méier - Engenho de Dentro, Rio de Janeiro - RJ, Brasil",Sudeste,Rio de Janeiro,Rio de Janeiro,ENGENHO DE DENTRO,,MORRO DA CAMARISTA (COMPLEXO DO LINS),-22.9093332000,-43.2967433000,"07/11/2018, 09:00:00",false,false,,Não identificado,,,false,0,0,0,0,0,0,0,0,0,0,0,0,0,0
21393,"R. Camarista Méier - Engenho de Dentro, Rio de Janeiro - RJ, Brasil",Sudeste,Rio de Janeiro,Rio de Janeiro,ENGENHO DE DENTRO,,MORRO DA CAMARISTA (COMPLEXO DO LINS),-22.9093332000,-43.2967433000,"07/11/2018, 10:30:00",true,true,PM,Operação policial,,,false,0,1,0,0,0,0,0,0,0,0,0,0,0,0
21392,"R. Viêira de Araújo  - Realengo, Rio de Janeiro - RJ, 21765-100, Brasil",Sudeste,Rio de Janeiro,Rio de Janeiro,REALENGO,,FAVELA DO ALMIRANTE,-22.8923440000,-43.4278490000,"07/11/2018, 11:24:00",false,false,,Não identificado,,,false,0,0,0,0,0,0,0,0,0,0,0,0,0,0
21395,"Comunidade Rato Molhado - Jacaré, Rio de Janeiro - RJ, 20970-140, Brasil",Sudeste,Rio de Janeiro,Rio de Janeiro,SAMPAIO,,FAVELA DO RATO MOLHADO (OU DOIS DE MAIO),-22.8962170000,-43.2607160000,"07/11/2018, 13:10:00",true,true,UPP (Jacarezinho),Operação policial,,,false,2,0,0,0,0,0,0,0,0,0,0,0,0,0
21396,"Divisa  - Maré, Rio de Janeiro - RJ, 21040-000, Brasil",Sudeste,Rio de Janeiro,Rio de Janeiro,MARE,,BAIXA DO SAPATEIRO (COMPLEXO DA MARE),-22.8575566000,-43.2432209000,"07/11/2018, 15:54:00",false,false,,Não identificado,,,false,0,0,0,0,0,0,0,0,0,0,0,0,0,0
21397,"Complexo da Coréia, Senador Camará",Sudeste,Rio de Janeiro,Rio de Janeiro,SENADOR CAMARA,,COMPLEXO DA COREIA DE SENADOR CAMARA,-22.8711950000,-43.4983130000,"07/11/2018, 16:09:00",true,true,BPChq,Ação policial,,,true,3,0,0,0,0,0,0,0,0,0,0,0,0,0
21399,"Fallet/Fogueteiro, Santa Teresa, Rio de Janeiro - RJ, 20241-360, Brasil",Sudeste,Rio de Janeiro,Rio de Janeiro,SANTA TERESA,,FALLET/FOGUETEIRO,-22.9275211000,-43.1950197000,"07/11/2018, 16:58:00",false,false,,Não identificado,,,false,0,0,0,0,0,0,0,0,0,0,0,0,0,0
21400,"Morro dos Prazeres - Santa Teresa, Rio de Janeiro - RJ, Brasil",Sudeste,Rio de Janeiro,Rio de Janeiro,SANTA TERESA,,MORRO DOS PRAZERES,-22.9347222000,-43.2047222000,"07/11/2018, 17:13:00",false,false,,Não identificado,,,false,0,0,0,0,0,0,0,0,0,0,0,0,0,0
21401,"Av. de Santa Cruz - Senador Camará, Rio de Janeiro - RJ, Brasil",Sudeste,Rio de Janeiro,Rio de Janeiro,SENADOR CAMARA,,FAVELA DO SAPO DE CAMARA (COMPLEXO DO SAPO DE CAMARA),-22.8829051000,-43.4888642000,"07/11/2018, 17:15:00",false,false,,Não identificado,,,false,0,0,0,0,0,0,0,0,0,0,0,0,0,0
21402,"Guadalupe, Rio de Janeiro - RJ, Brasil",Sudeste,Rio de Janeiro,Rio de Janeiro,GUADALUPE,,,-22.8401095000,-43.3780741000,"07/11/2018, 17:17:00",false,false,,Não identificado,,,false,0,0,0,0,0,0,0,0,0,0,0,0,0,0
21403,"Senador Camará, Rio de Janeiro - RJ, Brasil",Sudeste,Rio de Janeiro,Rio de Janeiro,SENADOR CAMARA,,,-22.8968333000,-43.4877927000,"07/11/2018, 18:41:00",false,false,,Não identificado,,,false,0,0,0,0,0,0,0,0,0,0,0,0,0,0
21404,"Campo Grande, Rio de Janeiro - RJ, Brasil",Sudeste,Rio de Janeiro,Rio de Janeiro,CAMPO GRANDE,,,-22.9035842000,-43.5662438000,"07/11/2018, 19:37:00",false,false,,Não identificado,,,false,0,0,0,0,0,0,0,0,0,0,0,0,0,0
21405,"Santíssimo, Rio de Janeiro - RJ, Brasil",Sudeste,Rio de Janeiro,Rio de Janeiro,SANTISSIMO,,,-22.8759688000,-43.5263140000,"07/11/2018, 19:54:00",false,false,,Não identificado,,,false,0,0,0,0,0,0,0,0,0,0,0,0,0,0
21416,"Morro da Mineira - Catumbi, Rio de Janeiro - RJ, 20211-320, Brasil",Sudeste,Rio de Janeiro,Rio de Janeiro,CATUMBI,,MORRO DA MINEIRA (COMPLEXO DO SAO CARLOS),-22.9161456000,-43.1952075000,"08/11/2018, 16:16:00",true,true,BPChq,Ação policial,,,false,0,1,0,0,0,0,0,0,0,0,0,0,0,0
21417,"Estr. do Quitungo - Bráz De Pina, Rio de Janeiro - RJ, 21215-562, Brasil",Sudeste,Rio de Janeiro,Rio de Janeiro,BRAS DE PINA,,QUITUNGO-GUAPORE,-22.8319059000,-43.3022090000,"08/11/2018, 17:20:00",false,false,,Não identificado,,,false,0,0,0,0,0,0,0,0,0,0,0,0,0,0
21424,"Taquara, Rio de Janeiro - RJ, Brasil",Sudeste,Rio de Janeiro,Rio de Janeiro,TAQUARA,,,-22.9230494000,-43.3739788000,"08/11/2018, 17:29:00",false,false,,Não identificado,,,false,0,0,0,0,0,0,0,0,0,0,0,0,0,0
21425,"Centro, Rio de Janeiro - RJ, Brasil",Sudeste,Rio de Janeiro,Rio de Janeiro,CENTRO,,,-22.9070828000,-43.1819148000,"08/11/2018, 17:35:00",false,false,,Não identificado,,,false,0,0,0,0,0,0,0,0,0,0,0,0,0,0
21418,"Morro da Fé, Compledo da Penha, Rio de Janeiro - RJ, 21211-480, Brasil",Sudeste,Rio de Janeiro,Rio de Janeiro,PENHA,,MORRO DA FE (COMPLEXO DA PENHA),-22.8472545000,-43.2964523000,"08/11/2018, 17:36:00",false,false,,Não identificado,,,false,0,0,0,0,0,0,0,0,0,0,0,0,0,0
21423,"Pechincha, Rio de Janeiro - RJ, Brasil",Sudeste,Rio de Janeiro,Rio de Janeiro,PECHINCHA,,,-22.9288836000,-43.3542305000,"08/11/2018, 19:54:00",false,false,,Não identificado,,,false,0,0,0,0,0,0,0,0,0,0,0,0,0,0
21427,"Olaria, Rio de Janeiro - RJ, Brasil",Sudeste,Rio de Janeiro,Rio de Janeiro,OLARIA,,,-22.8486837000,-43.2667767000,"08/11/2018, 21:54:00",false,false,,Não identificado,,,false,0,0,0,0,0,0,0,0,0,0,0,0,0,0
21443,"Morro do Borel, Tijuca, Rio de Janeiro - RJ, 20530-003, Brasil",Sudeste,Rio de Janeiro,Rio de Janeiro,TIJUCA,,MORRO DO BOREL,-22.9395041000,-43.2515359000,"08/11/2018, 22:29:00",false,false,,Não identificado,,,false,0,0,0,0,0,0,0,0,0,0,0,0,0,0
21432,"Cidade de Deus, Rio de Janeiro - RJ, Brasil",Sudeste,Rio de Janeiro,Rio de Janeiro,CIDADE DE DEUS,,CIDADE DE DEUS,-22.9481688000,-43.3626721000,"09/11/2018, 04:18:00",true,true,N�o identificado,Ação policial,,,false,0,0,0,0,0,0,0,0,0,0,0,0,0,0
21445,"Vila Kennedy - Bangu, Rio de Janeiro - RJ, 21850-020, Brasil",Sudeste,Rio de Janeiro,Rio de Janeiro,VILA KENNEDY,,VILA KENNEDY,-22.8604006000,-43.4884116000,"09/11/2018, 04:52:00",false,false,,Não identificado,,,false,0,0,0,0,0,0,0,0,0,0,0,0,0,0
21433,"Morro do Dendê, Ilha do Governador, Rio de Janeiro - RJ, 21921-325, Brasil",Sudeste,Rio de Janeiro,Rio de Janeiro,JARDIM CARIOCA,,MORRO DO DENDE,-22.8016667000,-43.1902778000,"09/11/2018, 05:03:00",true,true,PM,Operação policial,,,false,0,0,0,0,0,0,0,0,0,0,0,0,0,0
21442,"Alvorada, Complexo do Alemão, Rio de Janeiro - RJ, Brasil",Sudeste,Rio de Janeiro,Rio de Janeiro,COMPLEXO DO ALEMAO,,ALVORADA (COMPLEXO DO ALEMAO),-22.8628410000,-43.2791586000,"09/11/2018, 05:34:00",false,false,,Não identificado,,,false,0,0,0,0,0,0,0,0,0,0,0,0,0,0
21441,"Av. Brasil - Ramos, Rio de Janeiro - RJ, Brasil",Sudeste,Rio de Janeiro,Rio de Janeiro,MARE,,PARQUE UNIAO (COMPLEXO DA MARE),-22.8511945000,-43.2477793000,"09/11/2018, 05:41:00",false,false,,Não identificado,,,false,0,0,0,0,0,0,0,0,0,0,0,0,0,0
21444,"Praia do Flamengo, Flamengo, Rio de Janeiro - RJ, 22210-030, Brasil",Sudeste,Rio de Janeiro,Rio de Janeiro,FLAMENGO,,,-22.9298931000,-43.1745824000,"09/11/2018, 05:45:00",true,true,N�o identificado,Tentativa/Roubo,,Perseguição,false,0,0,0,0,0,0,0,0,0,0,0,0,0,0
21438,"Complexo do Chapadão, Anchieta, Rio de Janeiro - RJ, 21655-172, Brasil",Sudeste,Rio de Janeiro,Rio de Janeiro,ANCHIETA,,COMPLEXO DO CHAPADAO,-22.8248027000,-43.3865947000,"09/11/2018, 06:01:00",false,false,,Não identificado,,,false,0,0,0,0,0,0,0,0,0,0,0,0,0,0
21492,"Bateau Mouche,  Praça Seca, Rio de Janeiro - RJ, 22733-120, Brasil",Sudeste,Rio de Janeiro,Rio de Janeiro,PRACA SECA,,FAVELA BATEAU MOUCHE,-22.9048084000,-43.3550791000,"09/11/2018, 07:00:00",false,false,,Disputa,,,false,0,0,0,0,0,0,0,0,0,0,0,0,0,0
21448,"Comunidade Kelson - Penha Circular, Rio de Janeiro - RJ, 21011-723, Brasil",Sudeste,Rio de Janeiro,Rio de Janeiro,PENHA CIRCULAR,,FAVELA DA KELSONS,-22.8196550000,-43.2720429000,"09/11/2018, 11:00:00",false,false,,Não identificado,,,false,0,0,0,0,0,0,0,0,0,0,0,0,0,0
21449,"Estrada do Galeão, 2787 - Portuguesa, Rio de Janeiro - RJ, 21931-387, Brasil",Sudeste,Rio de Janeiro,Rio de Janeiro,PORTUGUESA,,,-22.8056756000,-43.2100832000,"09/11/2018, 12:30:00",true,true,N�o identificado,Operação policial,,,false,2,1,0,0,0,0,0,0,0,0,0,0,0,0
21453,"Morro do Dendê- Jardim Carioca, Rio de Janeiro - RJ, 21921-420, Brasil",Sudeste,Rio de Janeiro,Rio de Janeiro,JARDIM CARIOCA,,MORRO DO DENDE,-22.8015930000,-43.1903230000,"09/11/2018, 14:17:00",false,false,,Não identificado,,,false,0,0,0,0,0,0,0,0,0,0,0,0,0,0
21466,"Comunidade do Quieto, Engenho Novo, Rio de Janeiro - RJ, Brasil",Sudeste,Rio de Janeiro,Rio de Janeiro,ENGENHO NOVO,,MORRO DO QUETO,-22.9043284000,-43.2640427000,"09/11/2018, 17:00:00",true,true,UPP (S�o Jo�o),Ação policial,,,false,0,1,0,0,0,0,0,0,0,0,0,0,0,0
21459,"Recreio dos Bandeirantes, Rio de Janeiro - RJ, Brasil",Sudeste,Rio de Janeiro,Rio de Janeiro,RECREIO DOS BANDEIRANTES,,,-23.0136663000,-43.4634068000,"09/11/2018, 17:37:00",false,false,,Não identificado,,,false,0,0,0,0,0,0,0,0,0,0,0,0,0,0
21457,"Jardim Novo,  Realengo, Rio de Janeiro - RJ, 21760-000, Brasil",Sudeste,Rio de Janeiro,Rio de Janeiro,REALENGO,,,-22.8905420000,-43.4181590000,"09/11/2018, 17:49:00",false,false,,Não identificado,,,false,0,0,0,0,0,0,0,0,0,0,0,0,0,0
21458,"Malvinas, Vila Kennedy - Bangu, Rio de Janeiro - RJ, 21850-020, Brasil",Sudeste,Rio de Janeiro,Rio de Janeiro,VILA KENNEDY,,VILA KENNEDY,-22.8604006000,-43.4884116000,"09/11/2018, 18:29:00",false,false,,Não identificado,,,false,0,0,0,0,0,0,0,0,0,0,0,0,0,0
21465,"Jacaré, Rio de Janeiro - RJ, Brasil",Sudeste,Rio de Janeiro,Rio de Janeiro,JACARE,,,-22.8923272000,-43.2581953000,"09/11/2018, 20:46:00",false,false,,Não identificado,,,false,0,0,0,0,0,0,0,0,0,0,0,0,0,0
21468,"Mangueira, Rio de Janeiro - RJ, Brasil",Sudeste,Rio de Janeiro,Rio de Janeiro,MANGUEIRA,,MANGUEIRA,-22.9052507000,-43.2340127000,"10/11/2018, 00:09:00",false,false,,Não identificado,,,false,0,0,0,0,0,0,0,0,0,0,0,0,0,0
21469,"Vigário Geral, Rio de Janeiro - RJ, Brasil",Sudeste,Rio de Janeiro,Rio de Janeiro,VIGARIO GERAL,,,-22.8094553000,-43.3089519000,"10/11/2018, 03:18:00",false,false,,Não identificado,,,false,0,0,0,0,0,0,0,0,0,0,0,0,0,0
21470,"Praça Miami, Vila Kennedy, Bangu, Rio de Janeiro - RJ, 21852-390, Brasil",Sudeste,Rio de Janeiro,Rio de Janeiro,VILA KENNEDY,,VILA KENNEDY,-22.8561214000,-43.4929487000,"10/11/2018, 03:30:00",false,false,,Não identificado,,,false,0,0,0,0,0,0,0,0,0,0,0,0,0,0
21472,"Vila Aliança, Bangu, Rio de Janeiro - RJ, 21842-360, Brasil",Sudeste,Rio de Janeiro,Rio de Janeiro,BANGU,,VILA ALIANCA,-22.8682965000,-43.4797833000,"10/11/2018, 04:19:00",false,false,,Não identificado,,,false,0,0,0,0,0,0,0,0,0,0,0,0,0,0
21474,"R. Sete Ac R Candido Benicio 2750, 6 - Praça Seca, Rio de Janeiro - RJ, 22733-001, Brasil",Sudeste,Rio de Janeiro,Rio de Janeiro,PRACA SECA,,FAVELA BATEAU MOUCHE,-22.9076460000,-43.3533500000,"10/11/2018, 05:26:00",false,false,,Não identificado,,,false,0,0,0,0,0,0,0,0,0,0,0,0,0,0
21481,"R. Leocádio Figueiredo - Guadalupe, Rio de Janeiro - RJ, 21675-090, Brasil",Sudeste,Rio de Janeiro,Rio de Janeiro,GUADALUPE,,,-22.8449762000,-43.3682066000,"10/11/2018, 06:28:00",true,true,PM,Ação policial,,,false,0,0,0,0,0,0,0,0,0,0,0,0,0,0
21506,"R. Tanagra - Olaria, Rio de Janeiro - RJ, 21031-560, Brasil",Sudeste,Rio de Janeiro,Rio de Janeiro,OLARIA,,,-22.8413537000,-43.2565635000,"10/11/2018, 06:38:00",false,false,,Não identificado,,,false,0,0,0,0,0,0,0,0,0,0,0,0,0,0
21490,"Madureira, Rio de Janeiro - RJ, Brasil",Sudeste,Rio de Janeiro,Rio de Janeiro,MADUREIRA,,,-22.8725334000,-43.3363639000,"10/11/2018, 09:00:00",false,false,,Não identificado,,,false,0,0,0,0,0,0,0,0,0,0,0,0,0,0
21486,"Av. Brasil - Bonsucesso, Rio de Janeiro - RJ, Brasil",Sudeste,Rio de Janeiro,Rio de Janeiro,MARE,,MORRO DO TIMBAU (COMPLEXO DA MARE),-22.8639186000,-43.2476439000,"10/11/2018, 14:47:00",false,false,,Não identificado,,,false,0,0,0,0,0,0,0,0,0,0,0,0,0,0
21488,"R. Combu - Cacuia, Rio de Janeiro - RJ, 21921-490, Brasil",Sudeste,Rio de Janeiro,Rio de Janeiro,JARDIM CARIOCA,,,-22.8091358000,-43.1890726000,"10/11/2018, 15:30:00",false,false,,Briga,,,false,1,1,0,0,0,0,0,0,0,0,0,0,0,0
21487,"Leão, Vila Kennedy, Rio de Janeiro - RJ, 21852-010, Brasil",Sudeste,Rio de Janeiro,Rio de Janeiro,VILA KENNEDY,,VILA KENNEDY,-22.8562920000,-43.4898800000,"10/11/2018, 16:08:00",false,false,,Não identificado,,,false,0,0,0,0,0,0,0,0,0,0,0,0,0,0
21489,"Bateau Mouche, Praça Seca, Rio de Janeiro - RJ, 22730-480, Brasil",Sudeste,Rio de Janeiro,Rio de Janeiro,PRACA SECA,,FAVELA BATEAU MOUCHE,-22.9047379000,-43.3552300000,"10/11/2018, 18:01:00",false,false,,Não identificado,,,false,0,0,0,0,0,0,0,0,0,0,0,0,0,0
21493,"Engenho Novo, Rio de Janeiro - RJ, Brasil",Sudeste,Rio de Janeiro,Rio de Janeiro,ENGENHO NOVO,,,-22.9027463000,-43.2684052000,"10/11/2018, 18:35:00",false,false,,Não identificado,,,false,0,0,0,0,0,0,0,0,0,0,0,0,0,0
21494,"Sepetiba, Rio de Janeiro - RJ, Brasil",Sudeste,Rio de Janeiro,Rio de Janeiro,SEPETIBA,,,-22.9674264000,-43.7056394000,"10/11/2018, 18:45:00",false,false,,Não identificado,,,false,0,0,0,0,0,0,0,0,0,0,0,0,0,0
21497,"Estr. do Quitungo,  - Bráz De Pina, Rio de Janeiro - RJ, 21215-562, Brasil",Sudeste,Rio de Janeiro,Rio de Janeiro,BRAS DE PINA,,QUITUNGO-GUAPORE,-22.8305626000,-43.3018431000,"10/11/2018, 19:14:00",false,false,,Não identificado,,,false,0,0,0,0,0,0,0,0,0,0,0,0,0,0
21495,"Sepetiba, Rio de Janeiro - RJ, Brasil",Sudeste,Rio de Janeiro,Rio de Janeiro,SEPETIBA,,,-22.9674264000,-43.7056394000,"10/11/2018, 19:34:00",false,false,,Não identificado,,,false,0,0,0,0,0,0,0,0,0,0,0,0,0,0
21496,"Realengo, Rio de Janeiro - RJ, Brasil",Sudeste,Rio de Janeiro,Rio de Janeiro,REALENGO,,,-22.8763107000,-43.4302937000,"10/11/2018, 19:55:00",false,false,,Não identificado,,,false,0,0,0,0,0,0,0,0,0,0,0,0,0,0
21502,"Favela das 5 Bocas, Bráz De Pina, Rio de Janeiro - RJ, 21725-520, Brasil",Sudeste,Rio de Janeiro,Rio de Janeiro,BRAS DE PINA,,FAVELA 5 BOCAS (COMPLEXO DE ISRAEL),-22.8429344000,-43.2633938000,"10/11/2018, 22:16:00",false,false,,Não identificado,,,false,0,0,0,0,0,0,0,0,0,0,0,0,0,0
21505,"Complexo do Lins, Lins de Vasconcelos, Rio de Janeiro - RJ, Brasil",Sudeste,Rio de Janeiro,Rio de Janeiro,LINS DE VASCONCELOS,,COMPLEXO DO LINS,-22.9142752000,-43.2867987000,"10/11/2018, 22:28:00",false,false,,Não identificado,,,false,0,0,0,0,0,0,0,0,0,0,0,0,0,0
21554,"Anchieta, Rio de Janeiro - RJ, Brasil",Sudeste,Rio de Janeiro,Rio de Janeiro,ANCHIETA,,,-22.8238795000,-43.3981236000,"11/11/2018, 00:00:00",false,false,,Homicidio/Tentativa,,,false,1,0,0,0,0,0,0,0,0,0,0,0,0,0
21503,"Estrada Sargento Miguel Filho, Vila Kenney, Bangu, Rio de Janeiro - RJ, Brasil",Sudeste,Rio de Janeiro,Rio de Janeiro,VILA KENNEDY,,VILA KENNEDY,-22.8588961000,-43.4870104000,"11/11/2018, 00:35:00",false,false,,Não identificado,,,false,0,0,0,0,0,0,0,0,0,0,0,0,0,0
21508,"Praça do Saquassu, Paciência, Rio de Janeiro - RJ, 23575-460, Brasil",Sudeste,Rio de Janeiro,Rio de Janeiro,PACIENCIA,,CONJUNTO MAESTRO OLIMPIO DOS SANTOS (OU URUCANIA),-22.9100746000,-43.6583275000,"11/11/2018, 01:00:00",false,false,,Não identificado,,,false,0,0,0,0,0,0,0,0,0,0,0,0,0,0
21504,"Bateau Mouche (Batô) - Praça Seca, Rio de Janeiro - RJ, 22733-001, Brasil",Sudeste,Rio de Janeiro,Rio de Janeiro,PRACA SECA,,FAVELA BATEAU MOUCHE,-22.9048084000,-43.3550791000,"11/11/2018, 03:03:00",false,false,,Não identificado,,,false,0,0,0,0,0,0,0,0,0,0,0,0,0,0
21511,"Tijuca, Rio de Janeiro - RJ, Brasil",Sudeste,Rio de Janeiro,Rio de Janeiro,TIJUCA,,,-22.9325728000,-43.2410248000,"11/11/2018, 05:12:00",false,false,,Não identificado,,,false,0,0,0,0,0,0,0,0,0,0,0,0,0,0
21512,"Av. Brasil - Bangu, Rio de Janeiro - RJ, Brasil",Sudeste,Rio de Janeiro,Rio de Janeiro,VILA KENNEDY,,VILA KENNEDY,-22.8553624000,-43.4881383000,"11/11/2018, 05:32:00",false,false,,Não identificado,,,false,0,0,0,0,0,0,0,0,0,0,0,0,0,0
21513,"Pavão-Pavãozinho, Copacabana, Rio de Janeiro - RJ, 22071-060, Brasil",Sudeste,Rio de Janeiro,Rio de Janeiro,COPACABANA,,MORRO DO PAVAO-PAVAOZINHO,-22.9799415000,-43.1950331000,"11/11/2018, 08:48:00",false,false,,Não identificado,,,false,0,0,0,0,0,0,0,0,0,0,0,0,0,0
21536,"R. Arnaldo Guinle - Barros Filho, Rio de Janeiro - RJ, Brasil",Sudeste,Rio de Janeiro,Rio de Janeiro,BARROS FILHO,,MORRO DA PEDREIRA (COMPLEXO DA PEDREIRA),-22.8265425000,-43.3581163000,"11/11/2018, 15:00:00",true,true,N�o identificado,Ação policial,,,false,0,0,0,0,0,0,0,0,0,0,0,0,0,0
21523,"Lins de Vasconcelos, Rio de Janeiro - RJ, Brasil",Sudeste,Rio de Janeiro,Rio de Janeiro,LINS DE VASCONCELOS,,,-22.9128703000,-43.2845545000,"11/11/2018, 18:08:00",false,false,,Não identificado,,,false,0,0,0,0,0,0,0,0,0,0,0,0,0,0
21529,"Parque União, Maré, Rio de Janeiro - RJ, 21044-420, Brasil",Sudeste,Rio de Janeiro,Rio de Janeiro,MARE,,PARQUE UNIAO (COMPLEXO DA MARE),-22.8504691000,-43.2427211000,"11/11/2018, 18:11:00",false,false,,Não identificado,,,false,0,0,0,0,0,0,0,0,0,0,0,0,0,0
21522,"Parque União - Bonsucesso, Rio de Janeiro - RJ, 21044-420, Brasil",Sudeste,Rio de Janeiro,Rio de Janeiro,MARE,,PARQUE UNIAO (COMPLEXO DA MARE),-22.8505384000,-43.2429343000,"11/11/2018, 18:11:00",false,false,,Não identificado,,,false,0,0,0,0,0,0,0,0,0,0,0,0,0,0
21527,"Malvinas, Vila Kennedy - Bangu, Rio de Janeiro - RJ, 21850-020, Brasil",Sudeste,Rio de Janeiro,Rio de Janeiro,VILA KENNEDY,,VILA KENNEDY,-22.8604006000,-43.4884116000,"11/11/2018, 20:11:00",false,false,,Não identificado,,,false,0,0,0,0,0,0,0,0,0,0,0,0,0,0
21530,"Cidade de Deus, Rio de Janeiro - RJ, Brasil",Sudeste,Rio de Janeiro,Rio de Janeiro,CIDADE DE DEUS,,CIDADE DE DEUS,-22.9481688000,-43.3626721000,"11/11/2018, 21:20:00",false,false,,Não identificado,,,false,0,0,0,0,0,0,0,0,0,0,0,0,0,0
21532,"Morro do Fubá, Campinho, Rio de Janeiro - RJ, Brasil",Sudeste,Rio de Janeiro,Rio de Janeiro,CAMPINHO,,COMPLEXO DO FUBA,-22.8866784000,-43.3393811000,"11/11/2018, 22:00:00",true,true,DRACO,Operação policial,,,false,0,0,0,0,0,0,0,0,0,0,0,0,0,0
21533,"Bangu, Rio de Janeiro - RJ, Brasil",Sudeste,Rio de Janeiro,Rio de Janeiro,BANGU,,,-22.8742263000,-43.4685442000,"12/11/2018, 03:52:00",false,false,,Não identificado,,,false,0,0,0,0,0,0,0,0,0,0,0,0,0,0
21538,"Ramos, Rio de Janeiro - RJ, Brasil",Sudeste,Rio de Janeiro,Rio de Janeiro,RAMOS,,,-22.8503133000,-43.2565606000,"12/11/2018, 06:44:00",false,false,,Não identificado,,,false,0,0,0,0,0,0,0,0,0,0,0,0,0,0
21552,"Vila Verde - Rocinha, Rio de Janeiro - RJ, 22451-264, Brasil",Sudeste,Rio de Janeiro,Rio de Janeiro,ROCINHA,,ROCINHA,-22.9891318000,-43.2539501000,"12/11/2018, 09:30:00",false,false,,Não identificado,,,false,0,0,0,0,0,0,0,0,0,0,0,0,0,0
21548,"Coreia - Manguinhos, Rio de Janeiro - RJ, Brasil",Sudeste,Rio de Janeiro,Rio de Janeiro,MANGUINHOS,,COREIA (COMPLEXO DE MANGUINHOS),-22.8832225000,-43.2471243000,"12/11/2018, 09:40:00",true,true,N�o identificado,Operação policial,,,false,0,0,0,0,0,0,0,0,0,0,0,0,0,0
21549,"Vila Cruzeiro - Penha, Rio de Janeiro - RJ, 21072-750, Brasil",Sudeste,Rio de Janeiro,Rio de Janeiro,PENHA,,VILA CRUZEIRO (COMPLEXO DA PENHA),-22.8469260000,-43.2846059000,"12/11/2018, 10:30:00",false,false,,Não identificado,,,false,0,0,0,0,0,0,0,0,0,0,0,0,0,0
21550,"Vidigal, Rio de Janeiro - RJ, Brasil",Sudeste,Rio de Janeiro,Rio de Janeiro,VIDIGAL,,VIDIGAL,-22.9939022000,-43.2358343000,"12/11/2018, 10:46:00",true,true,N�o identificado,Ação policial,,,false,0,0,0,0,0,0,0,0,0,0,0,0,0,0
21553,"R. da Roupa Suja - Rocinha, Rio de Janeiro - RJ, 22610-020, Brasil",Sudeste,Rio de Janeiro,Rio de Janeiro,ROCINHA,,ROCINHA,-22.9921482000,-43.2502376000,"12/11/2018, 11:42:00",false,false,,Não identificado,,,false,0,0,0,0,0,0,0,0,0,0,0,0,0,0
21555,"R. Cordovil - Parada de Lucas, Rio de Janeiro - RJ, 21250-450, Brasil",Sudeste,Rio de Janeiro,Rio de Janeiro,PARADA DE LUCAS,,,-22.8233960000,-43.3086830000,"12/11/2018, 13:30:00",false,false,,Não identificado,,,false,0,0,0,0,0,0,0,0,0,0,0,0,0,0
21556,"Vila Turismo - Manguinhos, Rio de Janeiro - RJ, 21050-435, Brasil",Sudeste,Rio de Janeiro,Rio de Janeiro,MANGUINHOS,,VILA TURISMO (COMPLEXO DE MANGUINHOS),-22.8785253000,-43.2533397000,"12/11/2018, 15:35:00",false,false,,Não identificado,,,false,0,0,0,0,0,0,0,0,0,0,0,0,0,0
21558,"Vila Turismo - Manguinhos, Rio de Janeiro - RJ, 21050-435, Brasil",Sudeste,Rio de Janeiro,Rio de Janeiro,MANGUINHOS,,VILA TURISMO (COMPLEXO DE MANGUINHOS),-22.8792270000,-43.2531141000,"12/11/2018, 17:18:00",true,true,UPP (Manguinhos),Operação policial,,,false,0,0,0,0,0,0,0,0,0,0,0,0,0,0
21560,"R. Sd. Paiva, 86 - Penha, Rio de Janeiro - RJ, 21070-830, Brasil",Sudeste,Rio de Janeiro,Rio de Janeiro,PENHA,,VILA CRUZEIRO (COMPLEXO DA PENHA),-22.8452164000,-43.2800968000,"12/11/2018, 18:40:00",false,false,,Não identificado,,,false,0,0,0,0,0,0,0,0,0,0,0,0,0,0
21561,"Morro da Fé, Compledo da Penha, Rio de Janeiro - RJ, 21211-480, Brasil",Sudeste,Rio de Janeiro,Rio de Janeiro,PENHA CIRCULAR,,MORRO DA FE (COMPLEXO DA PENHA),-22.8466659000,-43.2967788000,"12/11/2018, 19:27:00",true,true,N�o identificado,Operação policial,,,false,0,0,0,0,0,0,0,0,0,0,0,0,0,0
21562,"Bateau Mouche (Batô) - Praça Seca, Rio de Janeiro - RJ, 22733-001, Brasil",Sudeste,Rio de Janeiro,Rio de Janeiro,PRACA SECA,,FAVELA BATEAU MOUCHE,-22.9048084000,-43.3550791000,"12/11/2018, 20:23:00",false,false,,Não identificado,,,false,0,0,0,0,0,0,0,0,0,0,0,0,0,0
21563,"Morro da Fé, Complexo da Penha, Rio de Janeiro - RJ, 21211-480, Brasil",Sudeste,Rio de Janeiro,Rio de Janeiro,PENHA CIRCULAR,,MORRO DA FE (COMPLEXO DA PENHA),-22.8466659000,-43.2967788000,"12/11/2018, 21:09:00",false,false,,Não identificado,,,false,0,0,0,0,0,0,0,0,0,0,0,0,0,0
21566,"R. Mariz e Barros, Tijuca, Rio de Janeiro - RJ, 20270-003, Brasil",Sudeste,Rio de Janeiro,Rio de Janeiro,TIJUCA,,,-22.9165232000,-43.2221287000,"13/11/2018, 01:55:00",false,false,,Tentativa/Roubo a banco,,,false,0,0,0,0,0,0,0,0,0,0,0,0,0,0
21570,"Guaratiba, Rio de Janeiro - RJ, Brasil",Sudeste,Rio de Janeiro,Rio de Janeiro,GUARATIBA,,,-22.9939925000,-43.5966350000,"13/11/2018, 04:00:00",true,true,DHBF,Operação policial,,,false,1,0,0,0,0,0,0,0,0,0,0,0,0,0
21567,"R. Honório, Todos os Santos, Rio de Janeiro - RJ, 20771-420, Brasil",Sudeste,Rio de Janeiro,Rio de Janeiro,TODOS OS SANTOS,,,-22.8941108000,-43.2872317000,"13/11/2018, 04:18:00",true,true,PM,Tentativa/Roubo,,Perseguição,false,0,1,0,0,0,0,0,0,0,0,0,0,0,0
21568,"Merendiba, Vila Cruzeiro, Complexo da Penha, Rio de Janeiro - RJ, 21070-730, Brasil",Sudeste,Rio de Janeiro,Rio de Janeiro,OLARIA,,MORRO DA MERENDIBA (COMPLEXO DA PENHA),-22.8472161000,-43.2754407000,"13/11/2018, 05:10:00",false,false,,Não identificado,,,false,0,0,0,0,0,0,0,0,0,0,0,0,0,0
21582,"Linha Amarela - Del Castilho, Rio de Janeiro - RJ, Brasil",Sudeste,Rio de Janeiro,Rio de Janeiro,DEL CASTILHO,,,-22.8760754000,-43.2745224000,"13/11/2018, 06:00:00",true,true,PM,Tentativa/Roubo,,,false,0,0,0,0,0,0,0,0,0,0,0,0,0,0
21576,"Rua Canitar e Casinhas, Complexo do Alemão, Ramos, Rio de Janeiro - RJ, Brasil",Sudeste,Rio de Janeiro,Rio de Janeiro,COMPLEXO DO ALEMAO,,CASINHAS (COMPLEXO DO ALEMAO),-22.8604101000,-43.2827231000,"13/11/2018, 06:34:00",true,true,N�o identificado,Ação policial,,,false,0,0,0,0,0,0,0,0,0,0,0,0,0,0
21579,"R. Zâmbia, Vila Kennedy, Bangu, Rio de Janeiro - RJ, 21850-510, Brasil",Sudeste,Rio de Janeiro,Rio de Janeiro,VILA KENNEDY,,VILA KENNEDY,-22.8583771000,-43.4893408000,"13/11/2018, 06:44:00",false,false,,Não identificado,,,false,0,0,0,0,0,0,0,0,0,0,0,0,0,0
21591,"Morro da Mineira, Catumbi, Rio de Janeiro - RJ, 20251-450, Brasil",Sudeste,Rio de Janeiro,Rio de Janeiro,CATUMBI,,MORRO DA MINEIRA (COMPLEXO DO SAO CARLOS),-22.9197427000,-43.1985416000,"13/11/2018, 07:00:00",true,true,N�o identificado,Ação policial,,,false,0,0,0,0,0,0,0,0,0,0,0,0,0,0
21580,"R. Canitar - Complexo do Alemão, Rio de Janeiro - RJ, Brasil",Sudeste,Rio de Janeiro,Rio de Janeiro,COMPLEXO DO ALEMAO,,MORRO DAS PALMEIRAS (COMPLEXO DO ALEMAO),-22.8603985000,-43.2821082000,"13/11/2018, 07:41:00",false,false,,Não identificado,,,false,0,0,0,0,0,0,0,0,0,0,0,0,0,0
21583,"Favelinha, Morro dos Macacos, Vila Isabel, Rio de Janeiro - RJ, 20551-630, Brasil",Sudeste,Rio de Janeiro,Rio de Janeiro,VILA ISABEL,,MORRO DOS MACACOS,-22.9130119000,-43.2534860000,"13/11/2018, 08:50:00",false,false,,Não identificado,,,false,0,0,0,0,0,0,0,0,0,0,0,0,0,0
21589,"R. Vicente Caneco - Bráz De Pina, Rio de Janeiro - RJ, 21215-550, Brasil",Sudeste,Rio de Janeiro,Rio de Janeiro,BRAS DE PINA,,QUITUNGO-GUAPORE,-22.8344777000,-43.3007872000,"13/11/2018, 15:00:00",false,false,,Não identificado,,,false,0,0,0,0,0,0,0,0,0,0,0,0,0,0
21590,"Malvina - Taquara, Rio de Janeiro - RJ, 22725-000, Brasil",Sudeste,Rio de Janeiro,Rio de Janeiro,TAQUARA,,,-22.9043350000,-43.3804407000,"13/11/2018, 17:30:00",true,true,N�o identificado,Ação policial,,,false,0,2,0,0,0,0,0,0,0,0,0,0,0,0
21592,"Rio Comprido, Rio de Janeiro - RJ, Brasil",Sudeste,Rio de Janeiro,Rio de Janeiro,RIO COMPRIDO,,,-22.9252336000,-43.2053404000,"13/11/2018, 18:22:00",false,false,,Não identificado,,,false,0,0,0,0,0,0,0,0,0,0,0,0,0,0
21593,"Penha, Rio de Janeiro - RJ, Brasil",Sudeste,Rio de Janeiro,Rio de Janeiro,PENHA,,,-22.8308535000,-43.2698184000,"13/11/2018, 18:39:00",false,false,,Não identificado,,,false,0,0,0,0,0,0,0,0,0,0,0,0,0,0
21597,"Realengo, Rio de Janeiro - RJ, Brasil",Sudeste,Rio de Janeiro,Rio de Janeiro,REALENGO,,,-22.8763107000,-43.4302937000,"13/11/2018, 21:08:00",false,false,,Não identificado,,,false,0,0,0,0,0,0,0,0,0,0,0,0,0,0
21602,"Av. Governador Carlos Lacerda - Bonsucesso, Rio de Janeiro - RJ, Brasil",Sudeste,Rio de Janeiro,Rio de Janeiro,BONSUCESSO,,FAVELA DE HIGIENOPOLIS (COMPLEXO DE MANGUINHOS),-22.8716650000,-43.2561132000,"13/11/2018, 21:40:00",false,false,,Homicidio/Tentativa,,,false,1,0,0,0,0,0,0,0,0,0,0,0,0,0
21607,"R. Gita - Bento Ribeiro, Rio de Janeiro - RJ, Brasil",Sudeste,Rio de Janeiro,Rio de Janeiro,BENTO RIBEIRO,,,-22.8665663000,-43.3614349000,"14/11/2018, 00:00:00",false,true,,Tentativa/Roubo,,,false,1,0,1,0,0,0,0,0,0,0,0,0,0,0
21612,"Triagem, Rio de Janeiro - RJ, 20911-180, Brasil",Sudeste,Rio de Janeiro,Rio de Janeiro,ROCHA,TRIAGEM,,-22.8969955000,-43.2442601000,"14/11/2018, 10:18:00",false,false,,Não identificado,,,false,0,0,0,0,0,0,0,0,0,0,0,0,0,0
21614,"AutoEstrada Grajaú - Jacarepaguá - Engenho Novo, Rio de Janeiro - RJ, Brasil",Sudeste,Rio de Janeiro,Rio de Janeiro,ENGENHO NOVO,,MORRO DO ENCONTRO (COMPLEXO DO LINS),-22.9155722000,-43.2706635000,"14/11/2018, 13:44:00",false,false,,Não identificado,,,false,0,0,0,0,0,0,0,0,0,0,0,0,0,0
21615,"Malvina, Vila Kennedy - Bangu, Rio de Janeiro - RJ, 21850-020, Brasil",Sudeste,Rio de Janeiro,Rio de Janeiro,VILA KENNEDY,,VILA KENNEDY,-22.8604006000,-43.4884116000,"14/11/2018, 14:32:00",false,false,,Não identificado,,,false,0,0,0,0,0,0,0,0,0,0,0,0,0,0
21616,"Morrinho, Vila Kennedy - Bangu, Rio de Janeiro - RJ, 21850-020, Brasil",Sudeste,Rio de Janeiro,Rio de Janeiro,VILA KENNEDY,,VILA KENNEDY,-22.8604006000,-43.4884116000,"14/11/2018, 15:47:00",false,false,,Não identificado,,,false,0,0,0,0,0,0,0,0,0,0,0,0,0,0
21621,"Morro do Borel  - Tijuca, Rio de Janeiro - RJ, 20530-420, Brasil",Sudeste,Rio de Janeiro,Rio de Janeiro,TIJUCA,,MORRO DO BOREL,-22.9395560000,-43.2515274000,"14/11/2018, 21:58:00",false,false,,Não identificado,,,false,0,0,0,0,0,0,0,0,0,0,0,0,0,0
21623,"Favela 5 Bocas, Brás de Pina",Sudeste,Rio de Janeiro,Rio de Janeiro,BRAS DE PINA,,FAVELA 5 BOCAS (COMPLEXO DE ISRAEL),-22.8205033000,-43.2858463000,"15/11/2018, 00:10:00",false,false,,Não identificado,,,false,0,0,0,0,0,0,0,0,0,0,0,0,0,0
21632,"R. Nova Trento - Guadalupe, Rio de Janeiro - RJ, Brasil",Sudeste,Rio de Janeiro,Rio de Janeiro,GUADALUPE,,FAVELA DO MUQUICO,-22.8479713000,-43.3752435000,"15/11/2018, 09:00:00",false,false,,Briga,,Feminicídio/tentativa,false,1,0,0,0,0,0,0,0,0,0,1,0,0,0
21633,"Morro da Serrinha, Madureira, Rio de Janeiro - RJ, Brasil",Sudeste,Rio de Janeiro,Rio de Janeiro,MADUREIRA,,MORRO DA SERRINHA (COMPLEXO DA SERRINHA),-22.8675722000,-43.3252865000,"15/11/2018, 16:25:00",false,false,,Não identificado,,,false,0,0,0,0,0,0,0,0,0,0,0,0,0,0
21634,"Parque Esperança, Anchieta, Rio de Janeiro - RJ, 21645-350, Brasil",Sudeste,Rio de Janeiro,Rio de Janeiro,ANCHIETA,,PARQUE ESPERANCA (COMPLEXO DO CHAPADAO),-22.8265649000,-43.3942104000,"15/11/2018, 17:01:00",false,false,,Não identificado,,,false,0,0,0,0,0,0,0,0,0,0,0,0,0,0
21635,"Casinhas, Complexo do Alemão, Rio de Janeiro - RJ, 21061-610, Brasil",Sudeste,Rio de Janeiro,Rio de Janeiro,COMPLEXO DO ALEMAO,,CASINHAS (COMPLEXO DO ALEMAO),-22.8655691000,-43.2828924000,"15/11/2018, 17:24:00",false,false,,Não identificado,,,false,0,0,0,0,0,0,0,0,0,0,0,0,0,0
21637,"R. Canitar - Complexo do Alemão, Rio de Janeiro - RJ, Brasil",Sudeste,Rio de Janeiro,Rio de Janeiro,COMPLEXO DO ALEMAO,,MORRO DAS PALMEIRAS (COMPLEXO DO ALEMAO),-22.8603985000,-43.2821082000,"15/11/2018, 18:49:00",false,false,,Não identificado,,,false,0,0,0,0,0,0,0,0,0,0,0,0,0,0
21640,"R. Vinte e Quatro de Maio - Riachuelo, Rio de Janeiro - RJ, Brasil",Sudeste,Rio de Janeiro,Rio de Janeiro,RIACHUELO,,,-22.9021758000,-43.2552414000,"15/11/2018, 19:50:00",false,true,,Arrastão,,,false,0,0,0,0,0,0,0,0,0,0,0,0,0,0
21638,"Avenida Brasil, Bangu, Rio de Janeiro - RJ, 21862-590, Brasil",Sudeste,Rio de Janeiro,Rio de Janeiro,BANGU,,,-22.8570176000,-43.4722735000,"15/11/2018, 20:59:00",false,false,,Não identificado,,,false,0,0,0,0,0,0,0,0,0,0,0,0,0,0
21639,"Merendiba, Vila Cruzeiro, Complexo da Penha, Rio de Janeiro - RJ, 21070-730, Brasil",Sudeste,Rio de Janeiro,Rio de Janeiro,OLARIA,,MORRO DA MERENDIBA (COMPLEXO DA PENHA),-22.8472161000,-43.2754407000,"15/11/2018, 21:27:00",false,false,,Não identificado,,,false,0,0,0,0,0,0,0,0,0,0,0,0,0,0
21642,"Mandela II, Manguinhos, Rio de Janeiro - RJ, Brasil",Sudeste,Rio de Janeiro,Rio de Janeiro,MANGUINHOS,,MANDELA (COMPLEXO DE MANGUINHOS),-22.8831118000,-43.2446875000,"16/11/2018, 03:28:00",true,true,PM,Operação policial,,,false,0,1,0,0,0,0,0,0,0,0,0,0,0,0
21643,"Morro do São Carlos - Estácio, Rio de Janeiro - RJ, Brasil",Sudeste,Rio de Janeiro,Rio de Janeiro,ESTACIO,,MORRO DO SAO CARLOS (COMPLEXO DO SAO CARLOS),-22.9174128000,-43.2047911000,"16/11/2018, 03:47:00",false,false,,Não identificado,,,false,0,0,0,0,0,0,0,0,0,0,0,0,0,0
21644,"R. Zâmbia, Vila Kennedy, Bangu, Rio de Janeiro - RJ, 21850-510, Brasil",Sudeste,Rio de Janeiro,Rio de Janeiro,VILA KENNEDY,,VILA KENNEDY,-22.8583771000,-43.4893408000,"16/11/2018, 04:48:00",false,false,,Não identificado,,,false,0,0,0,0,0,0,0,0,0,0,0,0,0,0
21645,"Morro do Borel, Tijuca, Rio de Janeiro - RJ, 20530-003, Brasil",Sudeste,Rio de Janeiro,Rio de Janeiro,TIJUCA,,MORRO DO BOREL,-22.9383333000,-43.2594444000,"16/11/2018, 05:03:00",false,false,,Não identificado,,,false,0,0,0,0,0,0,0,0,0,0,0,0,0,0
21652,"Morro do Juramento - Vicente de Carvalho, Rio de Janeiro - RJ, Brasil",Sudeste,Rio de Janeiro,Rio de Janeiro,VICENTE DE CARVALHO,,MORRO DO JURAMENTO (COMPLEXO DO JURAMENTO),-22.8627778000,-43.3152778000,"16/11/2018, 05:53:00",true,true,N�o identificado,Ação policial,,,false,0,0,0,0,0,0,0,0,0,0,0,0,0,0
21649,"Malvinas, Vila Kennedy - Bangu, Rio de Janeiro - RJ, 21850-020, Brasil",Sudeste,Rio de Janeiro,Rio de Janeiro,VILA KENNEDY,,VILA KENNEDY,-22.8600881000,-43.4863223000,"16/11/2018, 06:22:00",false,false,,Não identificado,,,false,0,0,0,0,0,0,0,0,0,0,0,0,0,0
21650,"Av. Pastor Martin Luther King Junior, Coelho Neto, Rio de Janeiro - RJ, 20765-630, Brasil",Sudeste,Rio de Janeiro,Rio de Janeiro,COELHO NETO,,,-22.8315024000,-43.3432937000,"16/11/2018, 06:39:00",false,false,,Não identificado,,,false,0,0,0,0,0,0,0,0,0,0,0,0,0,0
21651,"Vila Aliança, Bangu, Rio de Janeiro - RJ, 21842-360, Brasil",Sudeste,Rio de Janeiro,Rio de Janeiro,BANGU,,VILA ALIANCA,-22.8705360000,-43.4797640000,"16/11/2018, 07:52:00",false,false,,Não identificado,,,false,0,0,0,0,0,0,0,0,0,0,0,0,0,0
21657,"Av. Min. Edgard Romero, 198 - Madureira, Rio de Janeiro - RJ, 21360-200, Brasil",Sudeste,Rio de Janeiro,Rio de Janeiro,MADUREIRA,,,-22.8720620000,-43.3360230000,"16/11/2018, 09:00:00",false,false,,Não identificado,,,false,0,0,0,0,0,0,0,0,0,0,0,0,0,0
21655,"Morro do Borel  - Tijuca, Rio de Janeiro - RJ, 20530-420, Brasil",Sudeste,Rio de Janeiro,Rio de Janeiro,TIJUCA,,MORRO DO BOREL,-22.9394150000,-43.2521900000,"16/11/2018, 09:11:00",false,false,,Não identificado,,,false,0,0,0,0,0,0,0,0,0,0,0,0,0,0
21660,"Av. Brasil - Caju, Rio de Janeiro - RJ, Brasil",Sudeste,Rio de Janeiro,Rio de Janeiro,CAJU,,,-22.8883637000,-43.2232706000,"16/11/2018, 12:11:00",true,true,UPP (Caju),Operação policial,,,false,0,0,0,0,0,0,0,0,0,0,0,0,0,0
21663,"Morro do Juramento - Vicente de Carvalho, Rio de Janeiro - RJ, Brasil",Sudeste,Rio de Janeiro,Rio de Janeiro,VICENTE DE CARVALHO,,MORRO DO JURAMENTO (COMPLEXO DO JURAMENTO),-22.8627778000,-43.3152778000,"16/11/2018, 13:42:00",true,true,PM,Operação policial,,,false,0,0,0,0,0,0,0,0,0,0,0,0,0,0
21661,"Mavilnas, Vila Kennedy - Bangu, Rio de Janeiro - RJ, 21850-070, Brasil",Sudeste,Rio de Janeiro,Rio de Janeiro,VILA KENNEDY,,VILA KENNEDY,-22.8600881000,-43.4863223000,"16/11/2018, 14:22:00",false,false,,Não identificado,,,false,0,0,0,0,0,0,0,0,0,0,0,0,0,0
21662,"Santa Marta - Botafogo, Rio de Janeiro - RJ, 22260-140, Brasil",Sudeste,Rio de Janeiro,Rio de Janeiro,BOTAFOGO,,SANTA MARTA,-22.9483710000,-43.1935330000,"16/11/2018, 15:00:00",true,true,N�o identificado,Ação policial,,,false,0,0,0,0,0,0,0,0,0,0,0,0,0,0
21667,"Estr. dos Teixeiras - Taquara, Rio de Janeiro - RJ, Brasil",Sudeste,Rio de Janeiro,Rio de Janeiro,TAQUARA,,TEIXEIRAS,-22.9133843000,-43.4156717000,"16/11/2018, 17:35:00",false,false,,Não identificado,,,false,0,0,0,0,0,0,0,0,0,0,0,0,0,0
21669,"Grota - Complexo do Alemão, Rio de Janeiro - RJ, Brasil",Sudeste,Rio de Janeiro,Rio de Janeiro,COMPLEXO DO ALEMAO,,GROTA (COMPLEXO DO ALEMAO),-22.8607380000,-43.2741730000,"16/11/2018, 19:32:00",false,false,,Não identificado,,,false,0,0,0,0,0,0,0,0,0,0,0,0,0,0
21670,"R. Albano - Praça Seca, Rio de Janeiro - RJ, Brasil",Sudeste,Rio de Janeiro,Rio de Janeiro,PRACA SECA,,FAVELA DA CHACRINHA,-22.9030733000,-43.3540430000,"16/11/2018, 20:16:00",false,false,,Não identificado,,,false,0,0,0,0,0,0,0,0,0,0,0,0,0,0
21673,"Rua Dois, Alvorada, Complexo do Alemão, Rio de Janeiro - RJ, Brasil",Sudeste,Rio de Janeiro,Rio de Janeiro,COMPLEXO DO ALEMAO,,ALVORADA (COMPLEXO DO ALEMAO),-22.8612593000,-43.2758573000,"17/11/2018, 05:36:00",false,false,,Não identificado,,Tiroteio contínuo,false,0,0,0,0,0,0,0,0,0,0,0,0,0,0
21678,"R. Canitar e Área 5, Complexo do Alemão, Rio de Janeiro - RJ, Brasil",Sudeste,Rio de Janeiro,Rio de Janeiro,COMPLEXO DO ALEMAO,,MORRO DAS PALMEIRAS (COMPLEXO DO ALEMAO),-22.8603985000,-43.2821082000,"17/11/2018, 06:38:00",true,true,N�o identificado,Ação policial,,,false,0,0,0,0,0,0,0,0,0,0,0,0,0,0
21679,"Casinhas, Complexo do Alemão, Rio de Janeiro - RJ, 21061-610, Brasil",Sudeste,Rio de Janeiro,Rio de Janeiro,COMPLEXO DO ALEMAO,,CASINHAS (COMPLEXO DO ALEMAO),-22.8655691000,-43.2828924000,"17/11/2018, 07:23:00",false,false,,Não identificado,,,false,0,0,0,0,0,0,0,0,0,0,0,0,0,0
21677,"R. 25, Vidigal, Rio de Janeiro - RJ, 22452-750, Brasil",Sudeste,Rio de Janeiro,Rio de Janeiro,VIDIGAL,,VIDIGAL,-22.9950805000,-43.2412617000,"17/11/2018, 07:40:00",false,false,,Não identificado,,,false,0,0,0,0,0,0,0,0,0,0,0,0,0,0
21681,"Fazendinha - Complexo do Alemão, Rio de Janeiro - RJ, 20766-120, Brasil",Sudeste,Rio de Janeiro,Rio de Janeiro,COMPLEXO DO ALEMAO,,FAZENDINHA (COMPLEXO DO ALEMAO),-22.8636170000,-43.2791188000,"17/11/2018, 07:40:00",true,true,PM,Operação policial,,,false,0,1,0,0,0,0,0,0,0,0,0,0,0,0
21680,"Muquiço - R. do Encanamento, 115 - Mal. Hermes, Rio de Janeiro - RJ, 21670-440, Brasil",Sudeste,Rio de Janeiro,Rio de Janeiro,MARECHAL HERMES,,FAVELA DO MUQUICO,-22.8506461000,-43.3729452000,"17/11/2018, 08:57:00",false,false,,Não identificado,,,false,0,0,0,0,0,0,0,0,0,0,0,0,0,0
21682,"Palmeiras - Complexo do Alemão, Rio de Janeiro - RJ, 20766-720, Brasil",Sudeste,Rio de Janeiro,Rio de Janeiro,COMPLEXO DO ALEMAO,,MORRO DAS PALMEIRAS (COMPLEXO DO ALEMAO),-22.8629353000,-43.2815418000,"17/11/2018, 09:10:00",false,false,,Não identificado,,,false,0,0,0,0,0,0,0,0,0,0,0,0,0,0
21684,"Alvorada  - Complexo do Alemão, Rio de Janeiro - RJ, Brasil",Sudeste,Rio de Janeiro,Rio de Janeiro,COMPLEXO DO ALEMAO,,ALVORADA (COMPLEXO DO ALEMAO),-22.8613949000,-43.2758881000,"17/11/2018, 09:42:00",false,false,,Não identificado,,,false,0,0,0,0,0,0,0,0,0,0,0,0,0,0
21690,"Estr. dos Teixeiras - Taquara, Rio de Janeiro - RJ, Brasil",Sudeste,Rio de Janeiro,Rio de Janeiro,TAQUARA,,TEIXEIRAS,-22.9133843000,-43.4156717000,"17/11/2018, 14:35:00",false,false,,Não identificado,,,false,0,0,0,0,0,0,0,0,0,0,0,0,0,0
21694,"Malvinas, Vila Kennedy - Bangu, Rio de Janeiro - RJ, 21850-020, Brasil",Sudeste,Rio de Janeiro,Rio de Janeiro,VILA KENNEDY,,VILA KENNEDY,-22.8600881000,-43.4863223000,"17/11/2018, 16:59:00",false,false,,Não identificado,,,false,0,0,0,0,0,0,0,0,0,0,0,0,0,0
21696,"Morro da Caixa D'Água, Tanque",Sudeste,Rio de Janeiro,Rio de Janeiro,TANQUE,,MORRO DA CAIXA D'AGUA (TANQUE),-22.9144710000,-43.3566320000,"17/11/2018, 20:59:00",false,false,,Não identificado,,,false,0,0,0,0,0,0,0,0,0,0,0,0,0,0
21697,"R. Marambaia - Irajá, Rio de Janeiro - RJ, 21361-290, Brasil",Sudeste,Rio de Janeiro,Rio de Janeiro,IRAJA,,,-22.8529195000,-43.3248488000,"17/11/2018, 21:08:00",false,false,,Não identificado,,,false,0,0,0,0,0,0,0,0,0,0,0,0,0,0
21698,"Morro do Juramento - Vicente de Carvalho, Rio de Janeiro - RJ, Brasil",Sudeste,Rio de Janeiro,Rio de Janeiro,VICENTE DE CARVALHO,,MORRO DO JURAMENTO (COMPLEXO DO JURAMENTO),-22.8627778000,-43.3152778000,"17/11/2018, 22:30:00",false,false,,Não identificado,,,false,0,0,0,0,0,0,0,0,0,0,0,0,0,0
21699,"Morro dos Macacos, Vila Isabel, Rio de Janeiro - RJ, 20551-630, Brasil",Sudeste,Rio de Janeiro,Rio de Janeiro,SAMPAIO,,MORRO DOS MACACOS,-22.9100000000,-43.2575000000,"18/11/2018, 04:14:00",false,false,,Não identificado,,,false,0,0,0,0,0,0,0,0,0,0,0,0,0,0
21702,"Alvorada e Loteamento, Complexo do Alemão, Rio de Janeiro - RJ, Brasil",Sudeste,Rio de Janeiro,Rio de Janeiro,COMPLEXO DO ALEMAO,,ALVORADA (COMPLEXO DO ALEMAO),-22.8630074000,-43.2778773000,"18/11/2018, 05:15:00",false,false,,Não identificado,,,false,0,0,0,0,0,0,0,0,0,0,0,0,0,0
21710,"Praça dos Abrolhos - Padre Miguel, Rio de Janeiro - RJ, 21810-142, Brasil",Sudeste,Rio de Janeiro,Rio de Janeiro,PADRE MIGUEL,,,-22.8778681000,-43.4483137000,"18/11/2018, 07:50:00",false,false,,Não identificado,,,false,0,0,0,0,0,0,0,0,0,0,0,0,0,0
21715,"Morro da Formiga - Tijuca, Rio de Janeiro - RJ, 20530-003, Brasil",Sudeste,Rio de Janeiro,Rio de Janeiro,TIJUCA,,MORRO DA FORMIGA,-22.9441667000,-43.2408333000,"18/11/2018, 13:26:00",false,false,,Não identificado,,,false,0,0,0,0,0,0,0,0,0,0,0,0,0,0
21721,"Vila Aliança, Bangu, Rio de Janeiro - RJ, 21842-360, Brasil",Sudeste,Rio de Janeiro,Rio de Janeiro,BANGU,,VILA ALIANCA,-22.8703265000,-43.4797993000,"18/11/2018, 19:19:00",false,false,,Não identificado,,,false,0,0,0,0,0,0,0,0,0,0,0,0,0,0
21722,"Estrada do Taquaral, Senador Camará, Rio de Janeiro - RJ, 21843-040, Brasil",Sudeste,Rio de Janeiro,Rio de Janeiro,SENADOR CAMARA,,COMPLEXO DA COREIA DE SENADOR CAMARA,-22.8712413000,-43.4879546000,"18/11/2018, 19:52:00",false,false,,Não identificado,,,false,0,0,0,0,0,0,0,0,0,0,0,0,0,0
21730,"Bráz De Pina, Rio de Janeiro - RJ, Brasil",Sudeste,Rio de Janeiro,Rio de Janeiro,BRAS DE PINA,,,-22.8331178000,-43.3022257000,"18/11/2018, 23:23:00",false,false,,Não identificado,,,false,0,0,0,0,0,0,0,0,0,0,0,0,0,0
21724,"Favelinha - Morro dos Prazeres, Rio Comprido, Rio de Janeiro - RJ - Brasil",Sudeste,Rio de Janeiro,Rio de Janeiro,RIO COMPRIDO,,MORRO DOS PRAZERES,-22.9347222000,-43.2047222000,"19/11/2018, 03:17:00",true,true,N�o identificado,Operação policial,,,false,0,0,0,0,0,0,0,0,0,0,0,0,0,0
21727,"Fallet/Fogueteiro - Santa Teresa, Rio de Janeiro - RJ, 20241-360, Brasil",Sudeste,Rio de Janeiro,Rio de Janeiro,SANTA TERESA,,FALLET/FOGUETEIRO,-22.9265111000,-43.1964401000,"19/11/2018, 03:26:00",true,true,N�o identificado,Operação policial,,,false,0,0,0,0,0,0,0,0,0,0,0,0,0,0
21728,"Malvinas, Vila Kennedy, Bangu, Rio de Janeiro - RJ, 21850-260, Brasil",Sudeste,Rio de Janeiro,Rio de Janeiro,VILA KENNEDY,,VILA KENNEDY,-22.8615720000,-43.4868170000,"19/11/2018, 04:12:00",false,false,,Não identificado,,,false,0,0,0,0,0,0,0,0,0,0,0,0,0,0
21731,"Av. Dom Hélder Câmara - Manguinhos, Rio de Janeiro - RJ, Brasil",Sudeste,Rio de Janeiro,Rio de Janeiro,MANGUINHOS,,MANGUINHOS (COMPLEXO DE MANGUINHOS),-22.8852086000,-43.2525636000,"19/11/2018, 06:37:00",false,false,,Não identificado,,,false,0,0,0,0,0,0,0,0,0,0,0,0,0,0
21742,"R. Rochedo de Minas - Campo Grande, Rio de Janeiro - RJ, Brasil",Sudeste,Rio de Janeiro,Rio de Janeiro,CAMPO GRANDE,,,-22.9278189000,-43.5646087000,"19/11/2018, 07:00:00",false,false,,Homicidio/Tentativa,,,false,1,0,0,0,0,0,0,0,0,0,0,0,0,0
21740,"Malvina e Leão, Vila Kennedy - Bangu, Rio de Janeiro - RJ, 21850-020, Brasil",Sudeste,Rio de Janeiro,Rio de Janeiro,VILA KENNEDY,,VILA KENNEDY,-22.8604006000,-43.4884116000,"19/11/2018, 17:03:00",false,false,,Não identificado,,,false,0,0,0,0,0,0,0,0,0,0,0,0,0,0
21746,"Cordovil, Rio de Janeiro - RJ, Brasil",Sudeste,Rio de Janeiro,Rio de Janeiro,CORDOVIL,,,-22.8234412000,-43.2959357000,"19/11/2018, 17:43:00",false,false,,Não identificado,,,false,0,0,0,0,0,0,0,0,0,0,0,0,0,0
21752,"Fallet/Fogueteiro, Santa Teresa, Rio de Janeiro - RJ, 20241-360, Brasil",Sudeste,Rio de Janeiro,Rio de Janeiro,SANTA TERESA,,FALLET/FOGUETEIRO,-22.9265909000,-43.1962540000,"19/11/2018, 21:16:00",true,true,N�o identificado,Ação policial,,,false,1,0,0,0,0,0,0,0,0,0,0,0,0,0
21757,"Morro do Borel, Tijuca, Rio de Janeiro - RJ, 20530-003, Brasil",Sudeste,Rio de Janeiro,Rio de Janeiro,TIJUCA,,MORRO DO BOREL,-22.9399174000,-43.2545867000,"19/11/2018, 22:16:00",false,false,,Não identificado,,,false,0,0,0,0,0,0,0,0,0,0,0,0,0,0
21769,"Jardim Guanabara, Rio de Janeiro - RJ, 21940-005, Brasil",Sudeste,Rio de Janeiro,Rio de Janeiro,JARDIM GUANABARA,,,-22.8079571000,-43.2070547000,"20/11/2018, 02:30:00",false,true,,Tentativa/Roubo,,,false,0,1,0,0,0,0,0,0,0,0,0,0,0,0
21764,"Av. Schultz Wenk - Cordovil, Rio de Janeiro - RJ, Brasil",Sudeste,Rio de Janeiro,Rio de Janeiro,CORDOVIL,,,-22.8221005000,-43.2904128000,"20/11/2018, 06:00:00",false,true,,Tentativa/Roubo,,,false,0,0,0,1,0,0,0,0,0,0,0,0,0,0
21765,"Vidigal, Rio de Janeiro - RJ, Brasil",Sudeste,Rio de Janeiro,Rio de Janeiro,VIDIGAL,,VIDIGAL,-22.9939022000,-43.2358343000,"20/11/2018, 07:56:00",false,false,,Não identificado,,,false,0,0,0,0,0,0,0,0,0,0,0,0,0,0
21766,"Tanque, Rio de Janeiro - RJ, Brasil",Sudeste,Rio de Janeiro,Rio de Janeiro,TANQUE,,,-22.9180113000,-43.3610277000,"20/11/2018, 08:08:00",false,false,,Não identificado,,,false,0,0,0,0,0,0,0,0,0,0,0,0,0,0
21774,"Adeus - Complexo do Alemão, Rio de Janeiro - RJ, 21060-505, Brasil",Sudeste,Rio de Janeiro,Rio de Janeiro,COMPLEXO DO ALEMAO,,MORRO DO ADEUS (COMPLEXO DO ALEMAO),-22.8649615000,-43.2611910000,"20/11/2018, 14:30:00",false,false,,Não identificado,,,false,0,0,0,0,0,0,0,0,0,0,0,0,0,0
21776,"Estr. do Taquaral - Senador Camará, Rio de Janeiro - RJ, 21842-550, Brasil",Sudeste,Rio de Janeiro,Rio de Janeiro,SENADOR CAMARA,,COMPLEXO DA COREIA DE SENADOR CAMARA,-22.8714482000,-43.4888305000,"20/11/2018, 16:28:00",false,false,,Não identificado,,,false,0,0,0,0,0,0,0,0,0,0,0,0,0,0
21777,"Estrada do Taquaral, Senador Camará, Rio de Janeiro - RJ, 21843-040, Brasil",Sudeste,Rio de Janeiro,Rio de Janeiro,SENADOR CAMARA,,COMPLEXO DA COREIA DE SENADOR CAMARA,-22.8712413000,-43.4879546000,"20/11/2018, 17:27:00",false,false,,Não identificado,,,false,0,0,0,0,0,0,0,0,0,0,0,0,0,0
21779,"Av. Francisco Bicalho, 1 - Santo Cristo, Rio de Janeiro - RJ, 20220-310, Brasil",Sudeste,Rio de Janeiro,Rio de Janeiro,SANTO CRISTO,,,-22.8995995000,-43.2084287000,"20/11/2018, 17:52:00",true,true,PM,Ação policial,,,false,0,0,0,0,0,0,0,0,0,0,0,0,0,0
21780,"Senador Camará, Rio de Janeiro - RJ, 21843-040, Brasil",Sudeste,Rio de Janeiro,Rio de Janeiro,SENADOR CAMARA,,,-22.8712413000,-43.4879546000,"20/11/2018, 18:25:00",false,false,,Não identificado,,,false,0,0,0,0,0,0,0,0,0,0,0,0,0,0
21819,"Av. Juan Manuel Fangio - Barra da Tijuca, Rio de Janeiro - RJ, Brasil",Sudeste,Rio de Janeiro,Rio de Janeiro,BARRA DA TIJUCA,,,-22.9841197000,-43.3628462000,"20/11/2018, 19:00:00",false,false,,Tentativa/Roubo,,,false,0,1,0,0,0,0,0,0,0,0,0,0,0,1
21785,"Ricardo de Albuquerque, Rio de Janeiro - RJ, Brasil",Sudeste,Rio de Janeiro,Rio de Janeiro,RICARDO DE ALBUQUERQUE,,,-22.8393288000,-43.3980294000,"20/11/2018, 19:51:00",false,false,,Não identificado,,,false,0,0,0,0,0,0,0,0,0,0,0,0,0,0
21789,"Cavalo de Aço, Senador Camará, Rio de Janeiro - RJ, 21842-590, Brasil",Sudeste,Rio de Janeiro,Rio de Janeiro,SENADOR CAMARA,,COMUNIDADE CAVALO DE ACO,-22.8724450000,-43.5009299000,"20/11/2018, 20:48:00",false,false,,Não identificado,,,false,0,0,0,0,0,0,0,0,0,0,0,0,0,0
21791,"Av. Srg. de Milícias - Pavuna, Rio de Janeiro - RJ, Brasil",Sudeste,Rio de Janeiro,Rio de Janeiro,PAVUNA,,LOTEAMENTO VILA DOM PEDRO II,-22.8045004000,-43.3568586000,"20/11/2018, 21:47:00",false,false,,Não identificado,,,false,0,0,0,0,0,0,0,0,0,0,0,0,0,0
21792,"Bangu, Rio de Janeiro - RJ, Brasil",Sudeste,Rio de Janeiro,Rio de Janeiro,BANGU,,,-22.8742263000,-43.4685442000,"20/11/2018, 22:01:00",false,false,,Não identificado,,,false,0,0,0,0,0,0,0,0,0,0,0,0,0,0
21799,"Morro do Cantagalo - Copacabana, Rio de Janeiro - RJ, Brasil",Sudeste,Rio de Janeiro,Rio de Janeiro,COPACABANA,,MORRO DO CANTAGALO,-22.9783333000,-43.1952778000,"21/11/2018, 00:20:00",false,false,,Não identificado,,,false,0,0,0,0,0,0,0,0,0,0,0,0,0,0
21796,"Fazendinha e Casinhas - Complexo do Alemão, Rio de Janeiro - RJ, 20766-120, Brasil",Sudeste,Rio de Janeiro,Rio de Janeiro,COMPLEXO DO ALEMAO,,FAZENDINHA (COMPLEXO DO ALEMAO),-22.8636170000,-43.2791188000,"21/11/2018, 04:03:00",false,false,,Não identificado,,,false,0,0,0,0,0,0,0,0,0,0,0,0,0,0
21797,"Morro do Sereno e Caixa D'Água, Complexo da Penha - Penha Circular, Rio de Janeiro - RJ, 21210-154, Brasil",Sudeste,Rio de Janeiro,Rio de Janeiro,PENHA CIRCULAR,,MORRO DO SERENO (COMPLEXO DA PENHA),-22.8436111000,-43.2936111000,"21/11/2018, 04:05:00",true,true,PC,Operação policial,,Tiros de Helicóptero,false,0,0,0,0,0,0,0,0,0,0,0,0,0,0
21798,"Morro do Juramento - Vicente de Carvalho, Rio de Janeiro - RJ, Brasil",Sudeste,Rio de Janeiro,Rio de Janeiro,VICENTE DE CARVALHO,,MORRO DO JURAMENTO (COMPLEXO DO JURAMENTO),-22.8627778000,-43.3152778000,"21/11/2018, 04:06:00",false,false,,Não identificado,,,false,0,0,0,0,0,0,0,0,0,0,0,0,0,0
21800,"Chatuba, Complexo da Penha, Rio de Janeiro - RJ, 21070-820, Brasil",Sudeste,Rio de Janeiro,Rio de Janeiro,PENHA,,CHATUBA (COMPLEXO DA PENHA),-22.8462229000,-43.2907790000,"21/11/2018, 05:24:00",true,true,N�o identificado,Ação policial,,,false,0,0,0,0,0,0,0,0,0,0,0,0,0,0
21801,"Caixa D'Água, Complexo da Penha, Rio de Janeiro - RJ, 21070-140, Brasil",Sudeste,Rio de Janeiro,Rio de Janeiro,PENHA,,MORRO DA CAIXA D'AGUA (COMPLEXO DA PENHA),-22.8417342000,-43.2881063000,"21/11/2018, 05:48:00",true,true,N�o identificado,Ação policial,,,false,0,0,0,0,0,0,0,0,0,0,0,0,0,0
21806,"Morro do Sereno, Complexo da Penha, Penha Circular, Rio de Janeiro - RJ, 21210-154, Brasil",Sudeste,Rio de Janeiro,Rio de Janeiro,PENHA CIRCULAR,,MORRO DO SERENO (COMPLEXO DA PENHA),-22.8436111000,-43.2936111000,"21/11/2018, 06:14:00",true,true,N�o identificado,Ação policial,,,false,0,0,0,0,0,0,0,0,0,0,0,0,0,0
21812,"Linha Amarela - Inhauma, Rio de Janeiro - RJ, Brasil",Sudeste,Rio de Janeiro,Rio de Janeiro,INHAUMA,,FAVELA AGUIA DE OURO,-22.8786329000,-43.2777628000,"21/11/2018, 07:00:00",true,true,N�o identificado,Ação policial,,Perseguição,false,0,0,0,0,0,0,0,0,0,0,0,0,0,0
21807,"Av. Marrocos, Vila Kennedy, Rio de Janeiro - RJ, 21852-590, Brasil",Sudeste,Rio de Janeiro,Rio de Janeiro,VILA KENNEDY,,VILA KENNEDY,-22.8598920000,-43.4917100000,"21/11/2018, 09:20:00",false,false,,Não identificado,,,false,0,0,0,0,0,0,0,0,0,0,0,0,0,0
21809,"Vila Aliança, Bangu, Rio de Janeiro - RJ, 21842-740, Brasil",Sudeste,Rio de Janeiro,Rio de Janeiro,BANGU,,VILA ALIANCA,-22.8648170000,-43.4769450000,"21/11/2018, 10:30:00",false,false,,Não identificado,,,false,0,0,0,0,0,0,0,0,0,0,0,0,0,0
21814,"R. Cel. Moreira César - Pavuna, Rio de Janeiro - RJ, 21655-180, Brasil",Sudeste,Rio de Janeiro,Rio de Janeiro,PAVUNA,,MORRO DO CHAPADAO (COMPLEXO DO CHAPADAO),-22.8194873000,-43.3787310000,"21/11/2018, 12:42:00",false,false,,Não identificado,,,false,0,0,0,0,0,0,0,0,0,0,0,0,0,0
21815,"Barrão, Vila Kennedy, Rio de Janeiro - RJ, 21850-020, Brasil",Sudeste,Rio de Janeiro,Rio de Janeiro,VILA KENNEDY,,VILA KENNEDY,-22.8606710000,-43.4884520000,"21/11/2018, 16:33:00",false,false,,Não identificado,,,false,0,0,0,0,0,0,0,0,0,0,0,0,0,0
21816,"Morro da Pedreira - Costa Barros, Rio de Janeiro - RJ, Brasil",Sudeste,Rio de Janeiro,Rio de Janeiro,COSTA BARROS,,MORRO DA PEDREIRA (COMPLEXO DA PEDREIRA),-22.8234438000,-43.3584503000,"21/11/2018, 17:14:00",false,false,,Não identificado,,,false,0,0,0,0,0,0,0,0,0,0,0,0,0,0
21822,"Morro do Divino, Praça Seca",Sudeste,Rio de Janeiro,Rio de Janeiro,PRACA SECA,,FAVELA MORRO DO DIVINO,-22.8921160000,-43.3432960000,"21/11/2018, 17:47:00",false,false,,Disputa,,,false,0,0,0,0,0,0,0,0,0,0,0,0,0,0
21818,"Morro do Fubá - Campinho, Rio de Janeiro - RJ, 21341-460, Brasil",Sudeste,Rio de Janeiro,Rio de Janeiro,CAMPINHO,,MORRO DO FUBA (COMPLEXO DO FUBA),-22.8854810000,-43.3480980000,"21/11/2018, 18:03:00",false,false,,Não identificado,,,false,0,0,0,0,0,0,0,0,0,0,0,0,0,0
21820,"Rua Clarimundo de Melo - Quintino, Rio de Janeiro - RJ, 20740-323, Brasil",Sudeste,Rio de Janeiro,Rio de Janeiro,QUINTINO BOCAIUVA,,MORRO DO SACU (COMPLEXO DO 18),-22.8935416000,-43.3217684000,"21/11/2018, 20:34:00",false,false,,Não identificado,,,false,0,0,0,0,0,0,0,0,0,0,0,0,0,0
21826,"Morro do Pinto - Santo Cristo, Rio de Janeiro - RJ, 20220-020, Brasil",Sudeste,Rio de Janeiro,Rio de Janeiro,SANTO CRISTO,,MORRO DO PINTO,-22.9022610000,-43.2020115000,"22/11/2018, 03:30:00",true,true,N�o identificado,Operação policial,,,false,0,0,0,0,0,0,0,0,0,0,0,0,0,0
21828,"Comunidade Kelson - Penha Circular, Rio de Janeiro - RJ, 21011-723, Brasil",Sudeste,Rio de Janeiro,Rio de Janeiro,PENHA CIRCULAR,,FAVELA DA KELSONS,-22.8196550000,-43.2720429000,"22/11/2018, 09:20:00",false,false,,Não identificado,,,false,0,0,0,0,0,0,0,0,0,0,0,0,0,0
21830,"Estr. do Taquaral - Rebu - Senador Camará, Rio de Janeiro - RJ, 21843-040, Brasil",Sudeste,Rio de Janeiro,Rio de Janeiro,SENADOR CAMARA,,COMPLEXO DA COREIA DE SENADOR CAMARA,-22.8714007000,-43.4879298000,"22/11/2018, 10:25:00",true,true,N�o identificado,Operação policial,,,false,1,0,0,0,0,0,0,0,0,0,0,0,0,0
21831,"Morro do Borel - Tijuca, Rio de Janeiro - RJ, 20530-003, Brasil",Sudeste,Rio de Janeiro,Rio de Janeiro,TIJUCA,,MORRO DO BOREL,-22.9396595000,-43.2548142000,"22/11/2018, 11:39:00",false,false,,Não identificado,,,false,0,0,0,0,0,0,0,0,0,0,0,0,0,0
21832,"AutoEstrada Grajaú - Lins de Vasconcelos, Rio de Janeiro - RJ, 20715-191, Brasil",Sudeste,Rio de Janeiro,Rio de Janeiro,LINS DE VASCONCELOS,,COMPLEXO DO LINS,-22.9173184000,-43.2822450000,"22/11/2018, 11:41:00",false,false,,Não identificado,,,false,0,0,0,0,0,0,0,0,0,0,0,0,0,0
21837,"Favela do Batan - Realengo, Rio de Janeiro - RJ, 21730-450, Brasil",Sudeste,Rio de Janeiro,Rio de Janeiro,REALENGO,,BATAN,-22.8611110000,-43.4288079000,"22/11/2018, 13:00:00",true,true,PM,Ação policial,,,false,0,0,0,0,0,0,0,0,0,0,0,0,0,0
21835,"R. Carolina Machado - Madureira, Rio de Janeiro - RJ, Brasil",Sudeste,Rio de Janeiro,Rio de Janeiro,MADUREIRA,,,-22.8752318000,-43.3396116000,"22/11/2018, 15:00:00",true,true,N�o identificado,Tentativa/Roubo,,,false,0,0,0,0,0,0,0,0,0,0,0,0,0,0
21836,"Quintanilha - Estrada do Gabinal- Freguesia (Jacarepaguá), Rio de Janeiro - RJ, 22760-175, Brasil",Sudeste,Rio de Janeiro,Rio de Janeiro,FREGUESIA (JACAREPAGUA),,,-22.9442860000,-43.3463642000,"22/11/2018, 15:16:00",true,true,N�o identificado,Ação policial,,,false,0,0,0,0,0,0,0,0,0,0,0,0,0,0
21875,"Fazendinha - Complexo do Alemão, Rio de Janeiro - RJ, 20766-120, Brasil",Sudeste,Rio de Janeiro,Rio de Janeiro,COMPLEXO DO ALEMAO,,FAZENDINHA (COMPLEXO DO ALEMAO),-22.8636170000,-43.2791188000,"22/11/2018, 16:00:00",false,false,,Homicidio/Tentativa,,,false,1,0,0,0,0,0,0,0,1,0,0,0,0,0
21840,"Morro do Quitungo - Brás De Pina, Rio de Janeiro - RJ, 21215-562, Brasil",Sudeste,Rio de Janeiro,Rio de Janeiro,BRAS DE PINA,,QUITUNGO-GUAPORE,-22.8319059000,-43.3022090000,"22/11/2018, 18:28:00",false,false,,Disputa,,,false,0,0,0,0,0,0,0,0,0,0,0,0,0,0
21842,"Praça quinze de Agosto, Jacaré, Rio de Janeiro - RJ, 20970-190, Brasil",Sudeste,Rio de Janeiro,Rio de Janeiro,JACAREZINHO,,JACAREZINHO,-22.8880393000,-43.2622088000,"22/11/2018, 19:03:00",false,false,,Não identificado,,,false,0,0,0,0,0,0,0,0,0,0,0,0,0,0
21844,"R. Zâmbia, Vila Kennedy, Bangu, Rio de Janeiro - RJ, 21850-510, Brasil",Sudeste,Rio de Janeiro,Rio de Janeiro,VILA KENNEDY,,VILA KENNEDY,-22.8583771000,-43.4893408000,"22/11/2018, 19:33:00",false,false,,Não identificado,,,false,0,0,0,0,0,0,0,0,0,0,0,0,0,0
21851,"R. Honório, Cachambi, Rio de Janeiro - RJ, 20771-421, Brasil",Sudeste,Rio de Janeiro,Rio de Janeiro,CACHAMBI,,,-22.8849748000,-43.2726437000,"22/11/2018, 21:07:00",true,true,PM,Tentativa/Roubo,,,false,1,0,0,0,0,0,0,0,0,0,0,0,0,0
21856,"Cidade Alta - Cordovil, Rio de Janeiro - RJ, 21010-200, Brasil",Sudeste,Rio de Janeiro,Rio de Janeiro,CORDOVIL,,CIDADE ALTA (COMPLEXO DE ISRAEL),-22.8196976000,-43.2943395000,"22/11/2018, 21:15:00",false,false,,Disputa,,,false,0,0,0,0,0,0,0,0,0,0,0,0,0,0
21870,"Cidade de Deus, Rio de Janeiro - RJ, Brasil",Sudeste,Rio de Janeiro,Rio de Janeiro,CIDADE DE DEUS,,CIDADE DE DEUS,-22.9481688000,-43.3626721000,"22/11/2018, 21:23:00",false,false,,Não identificado,,,false,0,0,0,0,0,0,0,0,0,0,0,0,0,0
21859,Morro da Covanca,Sudeste,Rio de Janeiro,Rio de Janeiro,TANQUE,,MORRO DA COVANCA,-22.9138700000,-43.3443580000,"22/11/2018, 21:26:00",false,false,,Não identificado,,,false,0,0,0,0,0,0,0,0,0,0,0,0,0,0
21852,"R. Cordovil - Parada de Lucas, Rio de Janeiro - RJ, Brasil",Sudeste,Rio de Janeiro,Rio de Janeiro,PARADA DE LUCAS,,,-22.8209993000,-43.3066061000,"22/11/2018, 21:45:00",false,false,,Não identificado,,,false,0,0,0,0,0,0,0,0,0,0,0,0,0,0
21854,"Morro do Borel - Tijuca, Rio de Janeiro - RJ, 20530-120, Brasil",Sudeste,Rio de Janeiro,Rio de Janeiro,TIJUCA,,MORRO DO BOREL,-22.9438651000,-43.2413015000,"22/11/2018, 23:09:00",false,false,,Não identificado,,,false,0,0,0,0,0,0,0,0,0,0,0,0,0,0
21857,"Malvinas, Vila Kennedy, Bangu, Rio de Janeiro - RJ, 21850-260, Brasil",Sudeste,Rio de Janeiro,Rio de Janeiro,VILA KENNEDY,,VILA KENNEDY,-22.8622904000,-43.4865673000,"23/11/2018, 03:31:00",true,true,PM,Operação policial,,,false,0,0,0,0,0,0,0,0,0,0,0,0,0,0
21869,"Praça Seca, Rio de Janeiro - RJ, Brasil",Sudeste,Rio de Janeiro,Rio de Janeiro,PRACA SECA,,,-22.8969198000,-43.3516802000,"23/11/2018, 04:10:00",false,false,,Não identificado,,,false,0,0,0,0,0,0,0,0,0,0,0,0,0,0
21861,"Alvorada, Complexo do Alemão, Rio de Janeiro - RJ, Brasil",Sudeste,Rio de Janeiro,Rio de Janeiro,COMPLEXO DO ALEMAO,,ALVORADA (COMPLEXO DO ALEMAO),-22.8628410000,-43.2791586000,"23/11/2018, 05:27:00",false,false,,Não identificado,,,false,0,0,0,0,0,0,0,0,0,0,0,0,0,0
21872,"Merendiba e 4 Bicas, Vila Cruzeiro, Complexo da Penha, Rio de Janeiro - RJ, 21070-730, Brasil",Sudeste,Rio de Janeiro,Rio de Janeiro,OLARIA,,MORRO DA MERENDIBA (COMPLEXO DA PENHA),-22.8472161000,-43.2754407000,"23/11/2018, 07:00:00",false,false,,Não identificado,,,false,0,0,0,0,0,0,0,0,0,0,0,0,0,0
21878,"Complexo do Chapadão, Pavuna, Rio de Janeiro - RJ, 21520-090, Brasil",Sudeste,Rio de Janeiro,Rio de Janeiro,PAVUNA,,COMPLEXO DO CHAPADAO,-22.8117039000,-43.3633690000,"23/11/2018, 08:00:00",true,true,PM,Operação policial,,,false,0,1,0,0,0,0,0,0,0,0,0,0,0,0
21874,"Tomás Coelho - Tomás Coelho, Rio de Janeiro - RJ, 21220-300, Brasil",Sudeste,Rio de Janeiro,Rio de Janeiro,TOMAS COELHO,,,-22.8690172000,-43.3040062000,"23/11/2018, 08:35:00",false,false,,Não identificado,,,false,0,0,0,0,0,0,0,0,0,0,0,0,0,0
21887,"Comunidade do Amor,  Lins de Vasconcelos, Rio de Janeiro - RJ, 20710-000, Brasil",Sudeste,Rio de Janeiro,Rio de Janeiro,LINS DE VASCONCELOS,,MORRO DO AMOR (COMPLEXO DO LINS),-22.9115521000,-43.2841091000,"23/11/2018, 13:00:00",true,true,N�o identificado,Ação policial,,,false,1,1,0,0,0,0,0,0,0,0,0,0,0,0
21879,"Estr. dos Teixeiras - Taquara, Rio de Janeiro - RJ, Brasil",Sudeste,Rio de Janeiro,Rio de Janeiro,TAQUARA,,TEIXEIRAS,-22.9133843000,-43.4156717000,"23/11/2018, 13:43:00",true,true,PC,Operação policial,,,false,0,0,0,0,0,0,0,0,0,0,0,0,0,0
21883,"R. Cap. Menezes - Praça Seca, Rio de Janeiro - RJ, Brasil",Sudeste,Rio de Janeiro,Rio de Janeiro,PRACA SECA,,MORRO DO MENEZES (COMPLEXO DO FUBA),-22.8923402000,-43.3482302000,"23/11/2018, 16:30:00",false,false,,Não identificado,,,false,0,0,0,0,0,0,0,0,0,0,0,0,0,0
21885,"Boulevard 28 de Setembro - Vila Isabel, Rio de Janeiro - RJ, 20551-030, Brasil",Sudeste,Rio de Janeiro,Rio de Janeiro,VILA ISABEL,,,-22.9152067000,-43.2425792000,"23/11/2018, 17:07:00",false,false,,Homicidio/Tentativa,,Ataques armados sobre rodas,false,1,0,0,0,0,0,0,0,0,0,0,0,0,0
21894,"Comunidade do Para Pedro, Colégio, Rio de Janeiro - RJ, Brasil",Sudeste,Rio de Janeiro,Rio de Janeiro,COLEGIO,,FAVELA PARA PEDRO,-22.8366192000,-43.3330793000,"23/11/2018, 18:00:00",true,true,N�o identificado,Ação policial,,,false,0,5,0,0,0,0,0,0,0,2,0,0,0,2
21898,"Morro São José Operário, Praça Seca, Rio de Janeiro - RJ, 21321-780, Brasil",Sudeste,Rio de Janeiro,Rio de Janeiro,PRACA SECA,,MORRO SAO JOSE OPERARIO (OU MORRO DA BARAO),-22.9034276000,-43.3433520000,"23/11/2018, 18:00:00",true,true,N�o identificado,Ação policial,,Perseguição,false,1,0,0,0,0,0,0,0,0,0,1,0,0,0
21889,"Morro do Sereno - Penha Circular, Rio de Janeiro - RJ, 21210-154, Brasil",Sudeste,Rio de Janeiro,Rio de Janeiro,PENHA CIRCULAR,,MORRO DO SERENO (COMPLEXO DA PENHA),-22.8436111000,-43.2936111000,"23/11/2018, 18:29:00",false,false,,Não identificado,,,false,0,0,0,0,0,0,0,0,0,0,0,0,0,0
21890,"R. Heráclito Graça - Lins de Vasconcelos, Rio de Janeiro - RJ",Sudeste,Rio de Janeiro,Rio de Janeiro,LINS DE VASCONCELOS,,,-22.9121483000,-43.2826258000,"23/11/2018, 19:05:00",false,false,,Não identificado,,,false,0,0,0,0,0,0,0,0,0,0,0,0,0,0
21893,"Estr. do Monteiro, 1200 - Campo Grande, Rio de Janeiro - RJ, 23045-830, Brasil",Sudeste,Rio de Janeiro,Rio de Janeiro,CAMPO GRANDE,,,-22.9264429000,-43.5751004000,"23/11/2018, 19:13:00",false,true,,Tentativa/Roubo,,Shopping,false,0,1,0,0,0,0,0,0,0,0,0,0,0,0
21892,"Av. Marrocos, Vila Kennedy Bangu, Rio de Janeiro - RJ, 21852-590, Brasil",Sudeste,Rio de Janeiro,Rio de Janeiro,VILA KENNEDY,,VILA KENNEDY,-22.8595673000,-43.4917482000,"23/11/2018, 19:34:00",true,true,N�o identificado,Operação policial,,,false,1,0,0,0,0,0,0,0,0,0,0,0,0,0
21895,"Av. Geremário Dantas - Pechincha, Rio de Janeiro - RJ, Brasil",Sudeste,Rio de Janeiro,Rio de Janeiro,PECHINCHA,,,-22.9298828000,-43.3536333000,"23/11/2018, 20:00:00",false,false,,Não identificado,,,false,0,0,0,0,0,0,0,0,0,0,0,0,0,0
21900,"Mangueira, Rio de Janeiro - RJ, Brasil",Sudeste,Rio de Janeiro,Rio de Janeiro,MANGUEIRA,,MANGUEIRA,-22.9052507000,-43.2340127000,"23/11/2018, 22:02:00",false,false,,Não identificado,,,false,0,0,0,0,0,0,0,0,0,0,0,0,0,0
21904,"Morro do Dezoito, Água Santa",Sudeste,Rio de Janeiro,Rio de Janeiro,AGUA SANTA,,MORRO DO 18 (COMPLEXO DO 18),-22.9044990000,-43.3168000000,"24/11/2018, 04:12:00",false,false,,Não identificado,,,false,0,0,0,0,0,0,0,0,0,0,0,0,0,0
21905,"R. Jabiri - Mal. Hermes, Rio de Janeiro - RJ, 21557-300, Brasil",Sudeste,Rio de Janeiro,Rio de Janeiro,MARECHAL HERMES,,CAMINHO DA RETA (SANTO ANTONIO),-22.8560443000,-43.3769635000,"24/11/2018, 05:24:00",false,false,,Não identificado,,,false,0,0,0,0,0,0,0,0,0,0,0,0,0,0
21906,"Favela do Muquiço, Guadalupe",Sudeste,Rio de Janeiro,Rio de Janeiro,GUADALUPE,,FAVELA DO MUQUICO,-22.8505360000,-43.3793370000,"24/11/2018, 06:21:00",false,false,,Não identificado,,,false,0,0,0,0,0,0,0,0,0,0,0,0,0,0
21910,"Morro do Amor - Lins de Vasconcelos, Rio de Janeiro - RJ, 20710-310, Brasil",Sudeste,Rio de Janeiro,Rio de Janeiro,LINS DE VASCONCELOS,,MORRO DO AMOR (COMPLEXO DO LINS),-22.9112600000,-43.2779570000,"24/11/2018, 07:00:00",true,true,N�o identificado,Operação policial,,,false,0,1,0,0,0,0,0,0,0,0,0,0,0,0
21907,"Morro da Primavera, Cavalcanti, Rio de Janeiro - RJ, 21370-250, Brasil",Sudeste,Rio de Janeiro,Rio de Janeiro,CAVALCANTI,,MORRO DA PRIMAVERA,-22.8705790000,-43.3191320000,"24/11/2018, 07:21:00",false,false,,Não identificado,,,false,0,0,0,0,0,0,0,0,0,0,0,0,0,0
21908,"Malvinas, Vila Kennedy Bangu, Rio de Janeiro - RJ, 21850-260, Brasil",Sudeste,Rio de Janeiro,Rio de Janeiro,VILA KENNEDY,,VILA KENNEDY,-22.8618219000,-43.4869173000,"24/11/2018, 07:38:00",false,false,,Não identificado,,,false,0,0,0,0,0,0,0,0,0,0,0,0,0,0
21911,"R. Iguaçu - Eng. Leal, Rio de Janeiro - RJ, Brasil",Sudeste,Rio de Janeiro,Rio de Janeiro,ENGENHEIRO LEAL,,MORRO DA PATOLINHA (COMPLEXO DA SERRINHA),-22.8748503000,-43.3267812000,"24/11/2018, 11:30:00",false,true,,Tentativa/Roubo,,,false,0,0,1,0,0,0,0,0,0,0,0,0,0,0
21914,"Estr. do Quitungo - Bráz De Pina, Rio de Janeiro - RJ, 21215-562, Brasil",Sudeste,Rio de Janeiro,Rio de Janeiro,BRAS DE PINA,,QUITUNGO-GUAPORE,-22.8319059000,-43.3022090000,"24/11/2018, 15:26:00",false,false,,Não identificado,,,false,0,0,0,0,0,0,0,0,0,0,0,0,0,0
21913,"Morro da Caixa D'água - Tanque, Rio de Janeiro - RJ, 22735-020, Brasil",Sudeste,Rio de Janeiro,Rio de Janeiro,TANQUE,,MORRO DA CAIXA D'AGUA (TANQUE),-22.9189615000,-43.3596535000,"24/11/2018, 15:30:00",false,false,,Não identificado,,,false,0,0,0,0,0,0,0,0,0,0,0,0,0,0
21945,"Rua Viêira do Couto - Rocha Miranda, Rio de Janeiro - RJ, 21545-130, Brasil",Sudeste,Rio de Janeiro,Rio de Janeiro,ROCHA MIRANDA,,,-22.8450094000,-43.3452561000,"24/11/2018, 17:00:00",false,true,,Ataque a civis,,Ataques armados sobre rodas,false,0,0,0,1,0,0,0,0,0,0,0,0,0,0
21921,"Engenho Novo, Rio de Janeiro - RJ, Brasil",Sudeste,Rio de Janeiro,Rio de Janeiro,ENGENHO NOVO,,,-22.9027463000,-43.2684052000,"24/11/2018, 17:38:00",false,false,,Não identificado,,,false,0,0,0,0,0,0,0,0,0,0,0,0,0,0
21923,"Av. Braz de Pina, 2540 - Vista Alegre, Rio de Janeiro - RJ, 21235-603, Brasil",Sudeste,Rio de Janeiro,Rio de Janeiro,VISTA ALEGRE,,,-22.8336273000,-43.3185642000,"24/11/2018, 18:30:00",false,false,,Não identificado,,,false,0,0,0,0,0,0,0,0,0,0,0,0,0,0
21927,"Fazendinha, Complexo do Alemão, Rio de Janeiro - RJ, 21061-610, Brasil",Sudeste,Rio de Janeiro,Rio de Janeiro,COMPLEXO DO ALEMAO,,FAZENDINHA (COMPLEXO DO ALEMAO),-22.8593331000,-43.2754759000,"24/11/2018, 19:31:00",false,false,,Não identificado,,,false,0,0,0,0,0,0,0,0,0,0,0,0,0,0
21924,"Guadalupe, Rio de Janeiro - RJ, Brasil",Sudeste,Rio de Janeiro,Rio de Janeiro,GUADALUPE,,,-22.8401095000,-43.3780741000,"24/11/2018, 19:32:00",false,false,,Não identificado,,,false,0,0,0,0,0,0,0,0,0,0,0,0,0,0
21926,"Karatê, Cidade de Deus, Rio de Janeiro - RJ, Brasil",Sudeste,Rio de Janeiro,Rio de Janeiro,CIDADE DE DEUS,,CIDADE DE DEUS,-22.9481688000,-43.3626721000,"24/11/2018, 20:38:00",false,false,,Não identificado,,,false,0,0,0,0,0,0,0,0,0,0,0,0,0,0
21929,"Centro, Rio de Janeiro - RJ, Brasil",Sudeste,Rio de Janeiro,Rio de Janeiro,CENTRO,,,-22.9070828000,-43.1819148000,"24/11/2018, 20:39:00",false,false,,Não identificado,,,false,0,0,0,0,0,0,0,0,0,0,0,0,0,0
21928,"R. Tenente Hélio do Amaral - Padre Miguel, Rio de Janeiro - RJ, Brasil",Sudeste,Rio de Janeiro,Rio de Janeiro,PADRE MIGUEL,,JARDIM AGUA BRANCA,-22.8589327000,-43.4470351000,"24/11/2018, 21:11:00",false,false,,Não identificado,,,false,0,0,0,0,0,0,0,0,0,0,0,0,0,0
22519,"R. Cap. Menezes - Praça Seca, Rio de Janeiro - RJ, Brasil",Sudeste,Rio de Janeiro,Rio de Janeiro,PRACA SECA,,,-22.8923402000,-43.3482302000,"24/11/2018, 22:00:00",false,false,,Homicidio/Tentativa,,,false,0,0,0,0,0,0,0,0,0,0,0,0,0,0
21964,"Manguinhos, Rio de Janeiro - RJ, Brasil",Sudeste,Rio de Janeiro,Rio de Janeiro,MANGUINHOS,,COMPLEXO DE MANGUINHOS,-22.8830377000,-43.2457507000,"25/11/2018, 01:00:00",false,false,,Disparo Acidental,,,false,1,0,0,0,0,0,0,0,0,0,0,0,0,0
21934,"Complexo do Chapadão - Guadalupe, Rio de Janeiro - RJ, 21665-320, Brasil",Sudeste,Rio de Janeiro,Rio de Janeiro,GUADALUPE,,COMPLEXO DO CHAPADAO,-22.8357980000,-43.3826729000,"25/11/2018, 06:47:00",false,false,,Não identificado,,,false,0,0,0,0,0,0,0,0,0,0,0,0,0,0
21956,"Av. Brasil - Parada de Lucas, Rio de Janeiro - RJ, Brasil",Sudeste,Rio de Janeiro,Rio de Janeiro,PARADA DE LUCAS,,,-22.8159819000,-43.3024192000,"25/11/2018, 10:30:00",false,true,,Tentativa/Roubo,,,false,0,1,0,0,0,0,0,0,0,0,0,0,0,0
21949,"R. Belizário Pena - Penha, Rio de Janeiro - RJ, 21020-010, Brasil",Sudeste,Rio de Janeiro,Rio de Janeiro,PENHA,,,-22.8342769000,-43.2760391000,"25/11/2018, 13:00:00",true,true,UPP (Complexo da Penha),Ação policial,,Perseguição,false,0,0,0,0,0,0,0,0,0,0,0,0,0,0
21948,"15, Cidade de Deus, Rio de Janeiro - RJ, 22773-320, Brasil",Sudeste,Rio de Janeiro,Rio de Janeiro,CIDADE DE DEUS,,CIDADE DE DEUS,-22.9461653000,-43.3644891000,"25/11/2018, 14:32:00",true,true,PM,Operação policial,,,false,1,1,0,0,0,0,0,0,0,0,0,0,0,0
21950,"13, Cidade de Deus, Rio de Janeiro - RJ, 22772-320, Brasil",Sudeste,Rio de Janeiro,Rio de Janeiro,CIDADE DE DEUS,,CIDADE DE DEUS,-22.9516060000,-43.3597370000,"25/11/2018, 15:43:00",false,false,,Não identificado,,,false,0,0,0,0,0,0,0,0,0,0,0,0,0,0
21951,"Morro da Caixa D'água - Tanque, Rio de Janeiro - RJ, 22735-020, Brasil",Sudeste,Rio de Janeiro,Rio de Janeiro,TANQUE,,MORRO DA CAIXA D'AGUA (TANQUE),-22.9185270000,-43.3572050000,"25/11/2018, 15:52:00",false,false,,Não identificado,,,false,0,0,0,0,0,0,0,0,0,0,0,0,0,0
21959,"Lazer e 69, Cidade de Deus, Rio de Janeiro - RJ, Brasil",Sudeste,Rio de Janeiro,Rio de Janeiro,CIDADE DE DEUS,,CIDADE DE DEUS,-22.9481688000,-43.3626721000,"25/11/2018, 16:59:00",true,true,N�o identificado,Ação policial,,,false,0,0,0,0,0,0,0,0,0,0,0,0,0,0
21962,"R. da Paz - Paciência, Rio de Janeiro - RJ, 23585-813, Brasil",Sudeste,Rio de Janeiro,Rio de Janeiro,PACIENCIA,,COMUNIDADE 31 DE OUTUBRO (OU DIVINEIA),-22.9235651000,-43.6406957000,"25/11/2018, 18:55:00",false,false,,Não identificado,,,false,0,0,0,0,0,0,0,0,0,0,0,0,0,0
21966,"Av. Dom Hélder Câmara - Jacarezinho, Rio de Janeiro - RJ, Brasil",Sudeste,Rio de Janeiro,Rio de Janeiro,JACAREZINHO,,JACAREZINHO,-22.8863238000,-43.2514552000,"25/11/2018, 19:33:00",false,false,,Não identificado,,,false,0,0,0,0,0,0,0,0,0,0,0,0,0,0
21970,"Morro do Borel, Tijuca, Rio de Janeiro - RJ, 20530-420, Brasil",Sudeste,Rio de Janeiro,Rio de Janeiro,TIJUCA,,MORRO DO BOREL,-22.9393905000,-43.2515274000,"25/11/2018, 21:16:00",false,false,,Não identificado,,,false,0,0,0,0,0,0,0,0,0,0,0,0,0,0
21972,"Vila Aliança, Bangu, Rio de Janeiro - RJ, 21842-360, Brasil",Sudeste,Rio de Janeiro,Rio de Janeiro,BANGU,,VILA ALIANCA,-22.8705360000,-43.4797640000,"26/11/2018, 03:23:00",false,false,,Não identificado,,,false,0,0,0,0,0,0,0,0,0,0,0,0,0,0
21973,"Complexo do Lins, Lins de Vasconcelos, Rio de Janeiro - RJ, 20725-090, Brasil",Sudeste,Rio de Janeiro,Rio de Janeiro,LINS DE VASCONCELOS,,COMPLEXO DO LINS,-22.9196001000,-43.2855347000,"26/11/2018, 03:40:00",true,true,PM,Operação policial,,,false,0,0,0,0,0,0,0,0,0,0,0,0,0,0
21974,"Bairro 13, Vila Cruzeiro, Penha, Rio de Janeiro - RJ, 21071-250, Brasil",Sudeste,Rio de Janeiro,Rio de Janeiro,PENHA,,VILA CRUZEIRO (COMPLEXO DA PENHA),-22.8487886000,-43.2813008000,"26/11/2018, 04:21:00",false,false,,Não identificado,,,false,0,0,0,0,0,0,0,0,0,0,0,0,0,0
21977,"Ilha do Governador, Rio de Janeiro - RJ, Brasil",Sudeste,Rio de Janeiro,Rio de Janeiro,NI,,,-22.8052385000,-43.2086085000,"26/11/2018, 04:43:00",false,false,,Não identificado,,,false,0,0,0,0,0,0,0,0,0,0,0,0,0,0
21975,"Cantão e Mesinha, Complexo da Penha, Penha, Rio de Janeiro - RJ, Brasil",Sudeste,Rio de Janeiro,Rio de Janeiro,PENHA,,COMPLEXO DA PENHA,-22.8433820000,-43.2688865000,"26/11/2018, 05:08:00",false,false,,Não identificado,,,false,0,0,0,0,0,0,0,0,0,0,0,0,0,0
21978,"4 Bicas, Complexo da Penha, Rio de Janeiro - RJ, Brazil",Sudeste,Rio de Janeiro,Rio de Janeiro,PENHA,,VILA CRUZEIRO (COMPLEXO DA PENHA),-22.8462421000,-43.2796292000,"26/11/2018, 05:48:00",false,false,,Não identificado,,,false,0,0,0,0,0,0,0,0,0,0,0,0,0,0
21976,"Baixa do Sapateiro, Maré, Rio de Janeiro - RJ, 21042-431, Brasil",Sudeste,Rio de Janeiro,Rio de Janeiro,MARE,,BAIXA DO SAPATEIRO (COMPLEXO DA MARE),-22.8608550000,-43.2444050000,"26/11/2018, 05:50:00",false,false,,Não identificado,,,false,0,0,0,0,0,0,0,0,0,0,0,0,0,0
21979,"Campinho, Rio de Janeiro - RJ, Brasil",Sudeste,Rio de Janeiro,Rio de Janeiro,CAMPINHO,,,-22.8856237000,-43.3481044000,"26/11/2018, 06:22:00",false,false,,Não identificado,,,false,0,0,0,0,0,0,0,0,0,0,0,0,0,0
21980,"Acari, Rio de Janeiro - RJ, Brasil",Sudeste,Rio de Janeiro,Rio de Janeiro,ACARI,,,-22.8255312000,-43.3444600000,"26/11/2018, 07:25:00",true,true,N�o identificado,Ação policial,,,false,0,0,0,0,0,0,0,0,0,0,0,0,0,0
21984,"Irajá, Rio de Janeiro - RJ, Brasil",Sudeste,Rio de Janeiro,Rio de Janeiro,IRAJA,,,-22.8387571000,-43.3241817000,"26/11/2018, 07:46:00",false,false,,Não identificado,,,false,0,0,0,0,0,0,0,0,0,0,0,0,0,0
22021,"R. Pedro Alves, 240 - Santo Cristo, Rio de Janeiro - RJ, 20220-284, Brasil",Sudeste,Rio de Janeiro,Rio de Janeiro,SANTO CRISTO,,,-22.9074449000,-43.2088837000,"26/11/2018, 16:00:00",false,false,,Tentativa/Roubo,,,false,0,0,0,0,0,0,0,0,0,0,0,0,0,0
21995,"R. Juíz Jorge Salomão - Engenho Novo, Rio de Janeiro - RJ, 20950-360, Brasil",Sudeste,Rio de Janeiro,Rio de Janeiro,ENGENHO NOVO,,MORRO SAO JOAO,-22.9075126000,-43.2668791000,"26/11/2018, 17:00:00",true,true,UPP (S�o Jo�o),Ação policial,,,false,0,0,0,0,0,0,0,0,0,0,0,0,0,0
22001,"Vila Aliança, Bangu, Rio de Janeiro - RJ, 21842-740, Brasil",Sudeste,Rio de Janeiro,Rio de Janeiro,BANGU,,VILA ALIANCA,-22.8648170000,-43.4769450000,"26/11/2018, 17:29:00",true,true,14 BPM,Operação policial,,,true,5,1,0,0,0,0,0,0,0,0,0,0,0,0
21992,"Vila Aliança,  Bangu, Rio de Janeiro - RJ, 21842-030, Brasil",Sudeste,Rio de Janeiro,Rio de Janeiro,BANGU,,VILA ALIANCA,-22.8686480000,-43.4773050000,"26/11/2018, 17:29:00",false,false,,Não identificado,,,false,0,0,0,0,0,0,0,0,0,0,0,0,0,0
21993,"AP, Cidade de Deus, Rio de Janeiro - RJ, 22763-010, Brasil",Sudeste,Rio de Janeiro,Rio de Janeiro,CIDADE DE DEUS,,CIDADE DE DEUS,-22.9473031000,-43.3594905000,"26/11/2018, 17:40:00",false,false,,Não identificado,,,false,0,0,0,0,0,0,0,0,0,0,0,0,0,0
21997,"Morro do Fubá, Campinho, Rio de Janeiro - RJ, 21341-370, Brasil",Sudeste,Rio de Janeiro,Rio de Janeiro,CAMPINHO,,MORRO DO FUBA (COMPLEXO DO FUBA),-22.8868567000,-43.3412253000,"26/11/2018, 18:40:00",false,false,,Não identificado,,,false,0,0,0,0,0,0,0,0,0,0,0,0,0,0
21998,"Quafá, Vila Kennedy - Bangu, Rio de Janeiro - RJ, 21850-020, Brasil",Sudeste,Rio de Janeiro,Rio de Janeiro,VILA KENNEDY,,VILA KENNEDY,-22.8604006000,-43.4884116000,"26/11/2018, 19:10:00",false,false,,Não identificado,,,false,0,0,0,0,0,0,0,0,0,0,0,0,0,0
22003,"Vila Aliança, Bangu, Rio de Janeiro - RJ, 21842-740, Brasil",Sudeste,Rio de Janeiro,Rio de Janeiro,BANGU,,VILA ALIANCA,-22.8648423000,-43.4771013000,"26/11/2018, 21:00:00",true,true,N�o identificado,Ação policial,,,false,0,0,0,0,0,0,0,0,0,0,0,0,0,0
22005,"Vila Aliança, Bangu, Rio de Janeiro - RJ, 21842-740, Brasil",Sudeste,Rio de Janeiro,Rio de Janeiro,BANGU,,VILA ALIANCA,-22.8703315000,-43.4796700000,"27/11/2018, 00:07:00",true,true,N�o identificado,Ação policial,,,false,0,0,0,0,0,0,0,0,0,0,0,0,0,0
22017,"Mangueira, Rio de Janeiro - RJ, Brasil",Sudeste,Rio de Janeiro,Rio de Janeiro,MANGUEIRA,,MANGUEIRA,-22.9055851000,-43.2341620000,"27/11/2018, 05:19:00",false,false,,Não identificado,,,false,0,0,0,0,0,0,0,0,0,0,0,0,0,0
22031,"Estr. do Mendanha, Campo Grande, Rio de Janeiro - RJ, 23095-842, Brasil",Sudeste,Rio de Janeiro,Rio de Janeiro,CAMPO GRANDE,,,-22.8627374000,-43.5418142000,"27/11/2018, 09:00:00",true,true,N�o identificado,Tentativa/Roubo,,Perseguição,false,0,2,0,0,0,0,0,0,0,0,0,0,0,0
22025,"Ladeira Santa Maria - Taquara, Rio de Janeiro - RJ, 22723-175, Brasil",Sudeste,Rio de Janeiro,Rio de Janeiro,TAQUARA,,COMUNIDADE SANTA MARIA,-22.9151971000,-43.4210123000,"27/11/2018, 14:04:00",false,false,,Disputa,,,false,0,0,0,0,0,0,0,0,0,0,0,0,0,0
22028,"Complexo do Alemão, Rio de Janeiro - RJ, 21060-540, Brasil",Sudeste,Rio de Janeiro,Rio de Janeiro,COMPLEXO DO ALEMAO,,MORRO DO ADEUS (COMPLEXO DO ALEMAO),-22.8630442000,-43.2651599000,"27/11/2018, 15:25:00",true,true,UPP (Complexo do Alem�o),Ação policial,,,false,0,0,0,1,0,0,0,0,0,0,0,0,0,0
22033,"Morro do Himalaia, Complexo do Chapadão, Rio de Janeiro - RJ, 21655-480, Brasil",Sudeste,Rio de Janeiro,Rio de Janeiro,ANCHIETA,,MORRO DO HIMALAIA (COMPLEXO DO CHAPADAO),-22.8194260000,-43.3867100000,"27/11/2018, 15:43:00",true,true,PM,Operação policial,,,false,0,1,0,0,0,0,0,0,0,0,0,0,0,0
22029,"Morro do Quitungo, Brás De Pina, Rio de Janeiro - RJ, 21215-250, Brasil",Sudeste,Rio de Janeiro,Rio de Janeiro,BRAS DE PINA,,QUITUNGO-GUAPORE,-22.8329820000,-43.3013700000,"27/11/2018, 17:40:00",false,false,,Não identificado,,,false,0,0,0,0,0,0,0,0,0,0,0,0,0,0
22034,"R. Dona Romana - Engenho Novo, Rio de Janeiro - RJ, 20710-200, Brasil",Sudeste,Rio de Janeiro,Rio de Janeiro,ENGENHO NOVO,,,-22.9113788000,-43.2723909000,"27/11/2018, 19:56:00",true,true,N�o identificado,Tentativa/Roubo,,Perseguição,false,0,1,0,0,0,0,0,0,0,0,0,0,0,0
22035,"Morro do Dendê - Jardim Carioca, Rio de Janeiro - RJ, 21921-325, Brasil",Sudeste,Rio de Janeiro,Rio de Janeiro,JARDIM CARIOCA,,MORRO DO DENDE,-22.8016667000,-43.1902778000,"27/11/2018, 20:37:00",true,true,BOPE,Operação policial,,,false,1,0,0,0,0,0,0,0,0,0,0,0,0,0
22038,"R. Crundiúba - Guarabu/Jardim Carioca, Rio de Janeiro - RJ, 21931-500, Brasil",Sudeste,Rio de Janeiro,Rio de Janeiro,JARDIM CARIOCA,,,-22.8074410000,-43.1955009000,"27/11/2018, 21:08:00",false,false,,Não identificado,,,false,0,0,0,0,0,0,0,0,0,0,0,0,0,0
22046,"R. Água Doce, 40 - Cordovil, Rio de Janeiro - RJ, 21010-200, Brasil",Sudeste,Rio de Janeiro,Rio de Janeiro,CORDOVIL,,CIDADE ALTA (COMPLEXO DE ISRAEL),-22.8196976000,-43.2943395000,"28/11/2018, 05:00:00",true,true,N�o identificado,Ação policial,,,false,0,0,0,0,0,0,0,0,0,0,0,0,0,0
22045,"Barreira, Acari, Rio de Janeiro - RJ, Brasil",Sudeste,Rio de Janeiro,Rio de Janeiro,ACARI,,FAVELA DE ACARI,-22.8255312000,-43.3444600000,"28/11/2018, 05:15:00",false,false,,Não identificado,,,false,0,0,0,0,0,0,0,0,0,0,0,0,0,0
22058,"Acari, Rio de Janeiro - RJ, Brasil",Sudeste,Rio de Janeiro,Rio de Janeiro,ACARI,,,-22.8255312000,-43.3444600000,"28/11/2018, 07:28:00",true,true,N�o identificado,Ação policial,,,false,0,0,0,0,0,0,0,0,0,0,0,0,0,0
22121,"R. da Relação - Centro, Rio de Janeiro - RJ, 20231-110, Brasil",Sudeste,Rio de Janeiro,Rio de Janeiro,CENTRO,,,-22.9103994000,-43.1840365000,"28/11/2018, 08:00:00",true,true,PM,Sequestro/Cárcere Privado,,,false,2,1,0,0,0,0,0,0,0,0,1,0,0,0
22060,"Amarelinho - Acari, Rio de Janeiro - RJ, 21531-315, Brasil",Sudeste,Rio de Janeiro,Rio de Janeiro,ACARI,,CONJUNTO AMARELINHO,-22.8253485000,-43.3385607000,"28/11/2018, 08:53:00",true,true,N�o identificado,Ação policial,,,false,0,0,0,0,0,0,0,0,0,0,0,0,0,0
22062,"Merendiba - Vila Cruzeiro - Penha, Rio de Janeiro - RJ, 21070-730, Brasil",Sudeste,Rio de Janeiro,Rio de Janeiro,OLARIA,,MORRO DA MERENDIBA (COMPLEXO DA PENHA),-22.8472161000,-43.2754407000,"28/11/2018, 13:52:00",true,true,N�o identificado,Ação policial,,,false,0,0,0,0,0,0,0,0,0,0,0,0,0,0
22064,"B 13 - Vila Cruzeiro - Penha, Rio de Janeiro - RJ, 21070-000, Brasil",Sudeste,Rio de Janeiro,Rio de Janeiro,PENHA CIRCULAR,,VILA CRUZEIRO (COMPLEXO DA PENHA),-22.8398257000,-43.2875010000,"28/11/2018, 14:42:00",false,false,,Não identificado,,,false,0,0,0,0,0,0,0,0,0,0,0,0,0,0
22066,"Morro do Juramento - Vicente de Carvalho, Rio de Janeiro - RJ, Brasil",Sudeste,Rio de Janeiro,Rio de Janeiro,VICENTE DE CARVALHO,,MORRO DO JURAMENTO (COMPLEXO DO JURAMENTO),-22.8627778000,-43.3152778000,"28/11/2018, 16:32:00",true,true,N�o identificado,Ação policial,,,false,0,0,0,0,0,0,0,0,0,0,0,0,0,0
22073,"Comunidade Kelson - Penha Circular, Rio de Janeiro - RJ, 21011-723, Brasil",Sudeste,Rio de Janeiro,Rio de Janeiro,PENHA CIRCULAR,,FAVELA DA KELSONS,-22.8238810000,-43.2747500000,"28/11/2018, 20:00:00",true,true,PM,Tentativa/Roubo de cargas,,,false,0,0,0,0,0,0,0,0,0,0,0,0,0,0
22518,"Cidade de Deus, Rio de Janeiro - RJ, Brasil",Sudeste,Rio de Janeiro,Rio de Janeiro,CIDADE DE DEUS,,CIDADE DE DEUS,-22.9481688000,-43.3626721000,"28/11/2018, 22:00:00",false,false,,Briga,,,false,0,1,0,0,0,0,0,0,0,0,0,0,0,0
22072,"Via B Três (B3), Vila do Pinheiro, Complexo da Maré, Rio de Janeiro - RJ, 21046-290, Brasil",Sudeste,Rio de Janeiro,Rio de Janeiro,MARE,,VILA DO PINHEIRO (COMPLEXO DA MARE),-22.8684010000,-43.2356530000,"29/11/2018, 02:33:00",false,false,,Não identificado,,,false,0,0,0,0,0,0,0,0,0,0,0,0,0,0
22074,"Vila do Pinheiro, Complexo da Maré, Rio de Janeiro - RJ, 21040-000, Brasil",Sudeste,Rio de Janeiro,Rio de Janeiro,MARE,,VILA DO PINHEIRO (COMPLEXO DA MARE),-22.8691074000,-43.2377013000,"29/11/2018, 05:26:00",true,true,N�o identificado,Operação policial,,,false,0,2,0,0,0,0,0,0,0,0,0,0,0,0
22081,"Morro Pau da Bandeira - Vila Isabel, Rio de Janeiro - RJ, 20551-230, Brasil",Sudeste,Rio de Janeiro,Rio de Janeiro,VILA ISABEL,,MORRO PAU DA BANDEIRA,-22.9141667000,-43.2577778000,"29/11/2018, 06:00:00",true,true,UPP (Macacos),Tentativa/Roubo,,,false,0,0,0,0,0,0,0,0,0,0,0,0,0,0
22076,"R. da Grota - Complexo do Alemão, Rio de Janeiro - RJ, Brasil",Sudeste,Rio de Janeiro,Rio de Janeiro,COMPLEXO DO ALEMAO,,GROTA (COMPLEXO DO ALEMAO),-22.8608162000,-43.2741950000,"29/11/2018, 06:47:00",false,false,,Não identificado,,,false,0,0,0,0,0,0,0,0,0,0,0,0,0,0
22084,"Av. Brasil, 21258 - Barros Filho, Rio de Janeiro - RJ, 21515-000, Brasil",Sudeste,Rio de Janeiro,Rio de Janeiro,BARROS FILHO,,COMPLEXO DA PEDREIRA,-22.8360470000,-43.3632930000,"29/11/2018, 09:05:00",false,false,,Não identificado,,,false,0,0,0,0,0,0,0,0,0,0,0,0,0,0
22088,"Comunidade da Pedreira - Costa Barros, Rio de Janeiro - RJ, 21515-650, Brasil",Sudeste,Rio de Janeiro,Rio de Janeiro,COSTA BARROS,,MORRO DA PEDREIRA (COMPLEXO DA PEDREIRA),-22.8241149000,-43.3641975000,"29/11/2018, 10:20:00",false,false,,Não identificado,,,false,0,0,0,0,0,0,0,0,0,0,0,0,0,0
22085,"Morro da Formiga - Tijuca, Rio de Janeiro - RJ, 20530-003, Brasil",Sudeste,Rio de Janeiro,Rio de Janeiro,TIJUCA,,MORRO DA FORMIGA,-22.9441667000,-43.2408333000,"29/11/2018, 10:43:00",false,false,,Não identificado,,,false,0,0,0,0,0,0,0,0,0,0,0,0,0,0
22090,"Av. das Américas - Barra da Tijuca, Rio de Janeiro - RJ, 22790-701, Brasil",Sudeste,Rio de Janeiro,Rio de Janeiro,BARRA DA TIJUCA,,,-23.0020470000,-43.4236186000,"29/11/2018, 12:30:00",false,false,,Não identificado,,,false,0,0,0,0,0,0,0,0,0,0,0,0,0,0
22100,"Viaduto de Deodoro  - Deodoro, Rio de Janeiro - RJ, 21670-511, Brasil",Sudeste,Rio de Janeiro,Rio de Janeiro,DEODORO,,,-22.8552344000,-43.3841182000,"29/11/2018, 13:40:00",false,false,,Não identificado,,,false,0,0,0,0,0,0,0,0,0,0,0,0,0,0
22092,"Morro do Juramento - Vicente de Carvalho, Rio de Janeiro - RJ, Brasil",Sudeste,Rio de Janeiro,Rio de Janeiro,VICENTE DE CARVALHO,,MORRO DO JURAMENTO (COMPLEXO DO JURAMENTO),-22.8627778000,-43.3152778000,"29/11/2018, 13:55:00",false,false,,Não identificado,,,false,0,0,0,0,0,0,0,0,0,0,0,0,0,0
22093,"R. Vicente Caneco - Bráz De Pina, Rio de Janeiro - RJ, 21215-550, Brasil",Sudeste,Rio de Janeiro,Rio de Janeiro,BRAS DE PINA,,QUITUNGO-GUAPORE,-22.8344777000,-43.3007872000,"29/11/2018, 14:46:00",false,false,,Não identificado,,,false,0,0,0,0,0,0,0,0,0,0,0,0,0,0
22096,"Vila do João - Maré, Rio de Janeiro - RJ, 21046-670, Brasil",Sudeste,Rio de Janeiro,Rio de Janeiro,MARE,,VILA DO JOAO (COMPLEXO DA MARE),-22.8727123000,-43.2418670000,"29/11/2018, 14:54:00",true,true,N�o identificado,Ação policial,,,false,0,0,0,0,0,0,0,0,0,0,0,0,0,0
22099,"Morro do Juramento - Vicente de Carvalho, Rio de Janeiro - RJ, Brasil",Sudeste,Rio de Janeiro,Rio de Janeiro,VICENTE DE CARVALHO,,MORRO DO JURAMENTO (COMPLEXO DO JURAMENTO),-22.8627778000,-43.3152778000,"29/11/2018, 16:18:00",false,false,,Não identificado,,,false,0,0,0,0,0,0,0,0,0,0,0,0,0,0
22104,"Av. Brasil, Passarela 28 - Acari",Sudeste,Rio de Janeiro,Rio de Janeiro,ACARI,,,-22.8276950000,-43.3430120000,"29/11/2018, 18:32:00",false,false,,Não identificado,,,false,0,0,0,0,0,0,0,0,0,0,0,0,0,0
22105,"Maré, Rio de Janeiro - RJ, Brasil",Sudeste,Rio de Janeiro,Rio de Janeiro,MARE,,COMPLEXO DA MARE,-22.8574971000,-43.2430137000,"29/11/2018, 19:25:00",false,false,,Não identificado,,,false,0,0,0,0,0,0,0,0,0,0,0,0,0,0
22109,"Trevo das Margaridas, Irajá, Rio de Janeiro - RJ, 21230-330, Brasil",Sudeste,Rio de Janeiro,Rio de Janeiro,IRAJA,,,-22.8204814000,-43.3204012000,"29/11/2018, 21:00:00",true,true,N�o identificado,Ação policial,,Perseguição,false,1,2,0,0,0,0,0,0,0,0,0,0,0,0
22110,"Quitungo, Brás de Pina, Rio de Janeiro - RJ, 21215-563, Brasil",Sudeste,Rio de Janeiro,Rio de Janeiro,BRAS DE PINA,,QUITUNGO-GUAPORE,-22.8305648000,-43.3015643000,"29/11/2018, 23:11:00",false,false,,Não identificado,,,false,0,0,0,0,0,0,0,0,0,0,0,0,0,0
22115,"Morro do Dendê - Jardim Carioca, Rio de Janeiro - RJ, 21921-325, Brasil",Sudeste,Rio de Janeiro,Rio de Janeiro,JARDIM CARIOCA,,MORRO DO DENDE,-22.8016667000,-43.1902778000,"30/11/2018, 03:00:00",true,true,PM,Operação policial,,,false,0,3,0,0,0,0,0,0,0,0,0,0,0,0
22111,"Vila do João - Maré, Rio de Janeiro - RJ, 21046-670, Brasil",Sudeste,Rio de Janeiro,Rio de Janeiro,MARE,,VILA DO JOAO (COMPLEXO DA MARE),-22.8732658000,-43.2415803000,"30/11/2018, 04:08:00",true,true,N�o identificado,Operação policial,,,false,0,0,0,0,0,0,0,0,0,0,0,0,0,0
22112,"Vila do Pinheiro, Maré, Rio de Janeiro - RJ, 21046-035, Brasil",Sudeste,Rio de Janeiro,Rio de Janeiro,MARE,,VILA DO PINHEIRO (COMPLEXO DA MARE),-22.8691074000,-43.2377013000,"30/11/2018, 04:45:00",true,true,N�o identificado,Ação policial,,,false,0,0,0,0,0,0,0,0,0,0,0,0,0,0
22113,"Morro da Formiga - Tijuca, Rio de Janeiro - RJ, 20530-003, Brasil",Sudeste,Rio de Janeiro,Rio de Janeiro,TIJUCA,,MORRO DA FORMIGA,-22.9441667000,-43.2408333000,"30/11/2018, 04:58:00",false,false,,Não identificado,,,false,0,0,0,0,0,0,0,0,0,0,0,0,0,0
22114,"Malvinas, Vila Kennedy Bangu, Rio de Janeiro - RJ, 21850-260, Brasil",Sudeste,Rio de Janeiro,Rio de Janeiro,VILA KENNEDY,,VILA KENNEDY,-22.8622904000,-43.4865673000,"30/11/2018, 05:00:00",false,false,,Não identificado,,,false,0,0,0,0,0,0,0,0,0,0,0,0,0,0
22124,"Morro do Timbau - Maré, Rio de Janeiro - RJ, 21040-000, Brasil",Sudeste,Rio de Janeiro,Rio de Janeiro,MARE,,MORRO DO TIMBAU (COMPLEXO DA MARE),-22.8622222000,-43.2405556000,"30/11/2018, 08:36:00",true,true,N�o identificado,Ação policial,,,false,0,0,0,0,0,0,0,0,0,0,0,0,0,0
22126,"Av. Dom Hélder Câmara - Jacarezinho, Rio de Janeiro - RJ, Brasil",Sudeste,Rio de Janeiro,Rio de Janeiro,JACAREZINHO,,JACAREZINHO,-22.8863238000,-43.2514552000,"30/11/2018, 08:46:00",false,false,,Não identificado,,,false,0,0,0,0,0,0,0,0,0,0,0,0,0,0
22129,"Manguinhos, Rio de Janeiro - RJ, 21041-250, Brasil",Sudeste,Rio de Janeiro,Rio de Janeiro,MANGUINHOS,,MORRO DO AMORIM (COMPLEXO DE MANGUINHOS),-22.8750399000,-43.2496800000,"30/11/2018, 08:52:00",false,false,,Disputa,,,false,0,0,0,0,0,0,0,0,0,0,0,0,0,0
22131,"R. da Grota - Complexo do Alemão, Rio de Janeiro - RJ, Brasil",Sudeste,Rio de Janeiro,Rio de Janeiro,COMPLEXO DO ALEMAO,,GROTA (COMPLEXO DO ALEMAO),-22.8608162000,-43.2741950000,"30/11/2018, 11:27:00",false,false,,Não identificado,,,false,0,0,0,0,0,0,0,0,0,0,0,0,0,0
22132,"Morro da Formiga - Tijuca, Rio de Janeiro - RJ, 20530-120, Brasil",Sudeste,Rio de Janeiro,Rio de Janeiro,TIJUCA,,MORRO DA FORMIGA,-22.9435434000,-43.2412996000,"30/11/2018, 12:53:00",false,false,,Não identificado,,,false,0,0,0,0,0,0,0,0,0,0,0,0,0,0
22137,"Morro do São João - Engenho Novo, Rio de Janeiro - RJ, 20950-370, Brasil",Sudeste,Rio de Janeiro,Rio de Janeiro,ENGENHO NOVO,,MORRO SAO JOAO,-22.9076390000,-43.2655850000,"30/11/2018, 13:39:00",true,true,UPP (S�o Jo�o),Operação policial,,,false,0,0,0,0,0,0,0,0,0,0,0,0,0,0
22133,"Estr. do Quitungo - Bráz De Pina, Rio de Janeiro - RJ, 21215-562, Brasil",Sudeste,Rio de Janeiro,Rio de Janeiro,BRAS DE PINA,,QUITUNGO-GUAPORE,-22.8306970000,-43.3017610000,"30/11/2018, 14:00:00",false,false,,Não identificado,,,false,0,0,0,0,0,0,0,0,0,0,0,0,0,0
22134,"R. Alvarenga Peixoto - Vigário Geral, Rio de Janeiro - RJ, 21240-690, Brasil",Sudeste,Rio de Janeiro,Rio de Janeiro,VIGARIO GERAL,,,-22.8065320000,-43.3070680000,"30/11/2018, 14:20:00",true,true,N�o identificado,Ação policial,,,false,0,0,0,0,0,0,0,0,0,0,0,0,0,0
22136,"Estr. dos Teixeiras - Taquara, Rio de Janeiro - RJ, Brasil",Sudeste,Rio de Janeiro,Rio de Janeiro,TAQUARA,,,-22.9133843000,-43.4156717000,"30/11/2018, 16:35:00",false,false,,Não identificado,,,false,0,0,0,0,0,0,0,0,0,0,0,0,0,0
22139,"Rua Abélia - Jardim Guanabara, Rio de Janeiro - RJ, Brasil",Sudeste,Rio de Janeiro,Rio de Janeiro,JARDIM GUANABARA,,,-22.8100462000,-43.1964148000,"30/11/2018, 18:40:00",false,false,,Não identificado,,,false,0,0,0,0,0,0,0,0,0,0,0,0,0,0
22138,"Fevela da Formiga,  Tijuca, Rio de Janeiro - RJ, 20530-100, Brasil",Sudeste,Rio de Janeiro,Rio de Janeiro,TIJUCA,,MORRO DA FORMIGA,-22.9409190000,-43.2432380000,"30/11/2018, 18:41:00",false,false,,Não identificado,,,false,0,0,0,0,0,0,0,0,0,0,0,0,0,0
22142,"Amarelinho,  Acari, Rio de Janeiro - RJ, 21531-315, Brasil",Sudeste,Rio de Janeiro,Rio de Janeiro,ACARI,,CONJUNTO AMARELINHO,-22.8257676000,-43.3389194000,"30/11/2018, 19:20:00",false,false,,Não identificado,,,false,0,0,0,0,0,0,0,0,0,0,0,0,0,0
22144,"Bangu, Rio de Janeiro - RJ, Brasil",Sudeste,Rio de Janeiro,Rio de Janeiro,BANGU,,,-22.8742263000,-43.4685442000,"30/11/2018, 20:09:00",false,false,,Não identificado,,,false,0,0,0,0,0,0,0,0,0,0,0,0,0,0
22147,"Ladeira Santa Maria - Taquara, Rio de Janeiro - RJ, 22723-175, Brasil",Sudeste,Rio de Janeiro,Rio de Janeiro,TAQUARA,,COMUNIDADE SANTA MARIA,-22.9150773000,-43.4207282000,"01/12/2018, 00:46:00",true,true,PM,Operação policial,,,false,0,0,0,0,0,0,0,0,0,0,0,0,0,0
22163,"Eng. Leal, Rio de Janeiro - RJ, Brasil",Sudeste,Rio de Janeiro,Rio de Janeiro,ENGENHEIRO LEAL,,,-22.8742633000,-43.3258445000,"01/12/2018, 04:00:00",false,false,,Não identificado,,,false,0,0,0,0,0,0,0,0,0,0,0,0,0,0
22162,"Estr. do Camboatá - Costa Barros, Rio de Janeiro - RJ, Brasil",Sudeste,Rio de Janeiro,Rio de Janeiro,COSTA BARROS,,FAVELA DA MANHAMA (COMPLEXO DO CHAPADAO),-22.8266688000,-43.3724423000,"01/12/2018, 06:36:00",true,true,N�o identificado,Ação policial,,,false,0,0,0,0,0,0,0,0,0,0,0,0,0,0
22167,"Cavalcanti, Rio de Janeiro - RJ, Brasil",Sudeste,Rio de Janeiro,Rio de Janeiro,CAVALCANTI,,,-22.8725957000,-43.3136000000,"01/12/2018, 07:00:00",true,true,PM,Ação policial,,,false,0,0,0,0,0,0,0,0,0,0,0,0,0,0
22165,"Estr. dos Teixeiras - Taquara, Rio de Janeiro - RJ, Brasil",Sudeste,Rio de Janeiro,Rio de Janeiro,TAQUARA,,TEIXEIRAS,-22.9133843000,-43.4156717000,"01/12/2018, 10:05:00",false,false,,Não identificado,,,false,0,0,0,0,0,0,0,0,0,0,0,0,0,0
22166,"Tangará  - Cidade de Deus, Rio de Janeiro - RJ, 22775-640, Brasil",Sudeste,Rio de Janeiro,Rio de Janeiro,CIDADE DE DEUS,,CIDADE DE DEUS,-22.9435070000,-43.3693609000,"01/12/2018, 10:35:00",false,false,,Não identificado,,,false,0,0,0,0,0,0,0,0,0,0,0,0,0,0
22169,"Caixa D'Água - Tanque, Rio de Janeiro - RJ, 22735-020, Brasil",Sudeste,Rio de Janeiro,Rio de Janeiro,TANQUE,,MORRO DA CAIXA D'AGUA (TANQUE),-22.9185270000,-43.3572050000,"01/12/2018, 16:34:00",false,false,,Não identificado,,,false,0,0,0,0,0,0,0,0,0,0,0,0,0,0
22172,"Guadalupe, Rio de Janeiro - RJ, Brasil",Sudeste,Rio de Janeiro,Rio de Janeiro,GUADALUPE,,,-22.8401095000,-43.3780741000,"01/12/2018, 18:06:00",false,false,,Não identificado,,,false,0,0,0,0,0,0,0,0,0,0,0,0,0,0
22183,"Taquara, Rio de Janeiro - RJ, Brasil",Sudeste,Rio de Janeiro,Rio de Janeiro,TAQUARA,,,-22.9230494000,-43.3739788000,"01/12/2018, 23:59:00",false,false,,Não identificado,,,false,0,0,0,0,0,0,0,0,0,0,0,0,0,0
22197,"R. Itamarati - Cascadura, Rio de Janeiro - RJ, 21350-050, Brasil",Sudeste,Rio de Janeiro,Rio de Janeiro,CASCADURA,,COMUNIDADE TAVARES BELFORD,-22.8771232000,-43.3267491000,"02/12/2018, 07:00:00",false,true,,Tentativa/Roubo,,,false,0,0,0,1,0,0,0,0,0,0,0,0,0,0
22185,"Vila Verde - Rocinha, Rio de Janeiro - RJ, 22451-971, Brasil",Sudeste,Rio de Janeiro,Rio de Janeiro,ROCINHA,,ROCINHA,-22.9894878000,-43.2529579000,"02/12/2018, 07:15:00",false,false,,Não identificado,,,false,0,0,0,0,0,0,0,0,0,0,0,0,0,0
22200,"R. Lome - Bangu, Rio de Janeiro - RJ, 21853-460, Brasil",Sudeste,Rio de Janeiro,Rio de Janeiro,VILA KENNEDY,,VILA KENNEDY,-22.8529855000,-43.4942364000,"02/12/2018, 16:58:00",false,false,,Não identificado,,,false,0,0,0,0,0,0,0,0,0,0,0,0,0,0
22210,"Rod. Pres. Dutra - Pavuna, Rio de Janeiro - RJ, Brasil",Sudeste,Rio de Janeiro,Rio de Janeiro,PAVUNA,,,-22.8081000000,-43.3392034000,"02/12/2018, 19:00:00",true,true,N�o identificado,Ação policial,,,false,0,0,0,0,0,0,0,0,0,0,0,0,0,0
22205,"Favela do Boogie Woogie, Pitangueiras, Rio de Janeiro - RJ, 21930-350, Brasil",Sudeste,Rio de Janeiro,Rio de Janeiro,PITANGUEIRAS,,MORRO DO BOOGIE WOOGIE,-22.8164677000,-43.1836207000,"02/12/2018, 19:14:00",true,true,N�o identificado,Operação policial,,,false,0,2,0,0,0,0,0,0,0,0,0,0,0,0
22206,"Irajá, Rio de Janeiro - RJ, Brasil",Sudeste,Rio de Janeiro,Rio de Janeiro,IRAJA,,,-22.8387571000,-43.3241817000,"02/12/2018, 19:23:00",false,false,,Não identificado,,,false,0,0,0,0,0,0,0,0,0,0,0,0,0,0
22209,"Favela do Boogie Woogie,  Pitangueiras, Rio de Janeiro - RJ, 21932-160, Brasil",Sudeste,Rio de Janeiro,Rio de Janeiro,PITANGUEIRAS,,MORRO DO BOOGIE WOOGIE,-22.8172484000,-43.1834131000,"02/12/2018, 21:13:00",true,true,N�o identificado,Ação policial,,,false,0,0,0,0,0,0,0,0,0,0,0,0,0,0
22224,"Complexo do Alemão, Rio de Janeiro - RJ, Brasil",Sudeste,Rio de Janeiro,Rio de Janeiro,COMPLEXO DO ALEMAO,,COMPLEXO DO ALEMAO,-22.8593331000,-43.2754759000,"03/12/2018, 07:00:00",true,true,PM,Ação policial,,,false,0,0,0,0,0,0,0,0,0,0,0,0,0,0
22238,"Morro Santo André, Bangu",Sudeste,Rio de Janeiro,Rio de Janeiro,BANGU,,MORRO SANTO ANDRE,-22.8957683000,-43.4779691000,"03/12/2018, 09:00:00",true,true,14 BPM,Operação policial,,,true,4,0,0,0,0,0,0,0,0,0,0,0,0,0
22240,"R. Paturi - Tanque, Rio de Janeiro - RJ, 22730-270, Brasil",Sudeste,Rio de Janeiro,Rio de Janeiro,TANQUE,,,-22.9224327000,-43.3651636000,"03/12/2018, 12:12:00",false,false,,Tentativa/Roubo,,,false,0,0,0,0,0,0,0,0,0,0,0,0,0,0
22225,"Vila Cruzeiro - Penha, Rio de Janeiro - RJ, 21072-350, Brasil",Sudeste,Rio de Janeiro,Rio de Janeiro,PENHA,,VILA CRUZEIRO (COMPLEXO DA PENHA),-22.8484071000,-43.2843551000,"03/12/2018, 13:01:00",false,false,,Não identificado,,,false,0,0,0,0,0,0,0,0,0,0,0,0,0,0
22228,"Morro Santo André (48) - Bangu, Rio de Janeiro - RJ, 21820-310, Brasil",Sudeste,Rio de Janeiro,Rio de Janeiro,BANGU,,MORRO SANTO ANDRE,-22.8957682000,-43.4782333000,"03/12/2018, 14:49:00",false,false,,Não identificado,,,false,0,0,0,0,0,0,0,0,0,0,0,0,0,0
22239,"R. Monte Sião - Cidade de Deus, Rio de Janeiro - RJ, 22770-370, Brasil",Sudeste,Rio de Janeiro,Rio de Janeiro,CIDADE DE DEUS,,CIDADE DE DEUS,-22.9439800000,-43.3615179000,"03/12/2018, 16:00:00",true,true,N�o identificado,Tentativa/Roubo,,Perseguição,false,0,0,0,0,0,0,0,0,0,0,0,0,0,0
22231,"Vila Aliança  - Bangu, Rio de Janeiro - RJ, 21842-100, Brasil",Sudeste,Rio de Janeiro,Rio de Janeiro,BANGU,,VILA ALIANCA,-22.8695890000,-43.4785090000,"03/12/2018, 17:08:00",false,false,,Não identificado,,,false,0,0,0,0,0,0,0,0,0,0,0,0,0,0
22235,"Vila Aliança - Bangu, Rio de Janeiro - RJ, 21842-100, Brasil",Sudeste,Rio de Janeiro,Rio de Janeiro,BANGU,,VILA ALIANCA,-22.8703265000,-43.4797993000,"03/12/2018, 19:50:00",false,false,,Não identificado,,,false,0,0,0,0,0,0,0,0,0,0,0,0,0,0
22253,"R. Bonsucesso - Bonsucesso, Rio de Janeiro - RJ, 21040-320, Brasil",Sudeste,Rio de Janeiro,Rio de Janeiro,BONSUCESSO,,,-22.8627576000,-43.2538923000,"04/12/2018, 02:00:00",false,false,,Tentativa/Roubo a banco,,,false,0,0,0,0,0,0,0,0,0,0,0,0,0,0
22241,"Vila do Pinheiro, Salsa e Merengue e  Conj.Esperança -Complexo da Maré, Rio de Janeiro - RJ, 21042-000, Brasil",Sudeste,Rio de Janeiro,Rio de Janeiro,MARE,,COMPLEXO DA MARE,-22.8678082000,-43.2392174000,"04/12/2018, 02:58:00",true,true,PM,Operação policial,,,false,0,0,0,0,0,0,0,0,0,0,0,0,0,0
22242,"Vila do João, Complexo da Maré, Rio de Janeiro - RJ, 21046-575, Brasil",Sudeste,Rio de Janeiro,Rio de Janeiro,MARE,,VILA DO JOAO (COMPLEXO DA MARE),-22.8732658000,-43.2415803000,"04/12/2018, 03:20:00",true,true,N�o identificado,Ação policial,,,false,0,0,0,0,0,0,0,0,0,0,0,0,0,0
22243,"R. Zâmbia, Vila Kennedy, Bangu, Rio de Janeiro - RJ, 21850-510, Brasil",Sudeste,Rio de Janeiro,Rio de Janeiro,VILA KENNEDY,,VILA KENNEDY,-22.8583771000,-43.4893408000,"04/12/2018, 04:00:00",false,false,,Não identificado,,,false,0,0,0,0,0,0,0,0,0,0,0,0,0,0
22244,"Vila Aliança, Bangu, Rio de Janeiro - RJ, 21842-360, Brasil",Sudeste,Rio de Janeiro,Rio de Janeiro,BANGU,,VILA ALIANCA,-22.8705360000,-43.4797640000,"04/12/2018, 04:16:00",false,false,,Não identificado,,,false,0,0,0,0,0,0,0,0,0,0,0,0,0,0
22246,"Senador Camará, Rio de Janeiro - RJ, Brasil",Sudeste,Rio de Janeiro,Rio de Janeiro,SENADOR CAMARA,,,-22.8968333000,-43.4877927000,"04/12/2018, 04:32:00",false,false,,Não identificado,,,false,0,0,0,0,0,0,0,0,0,0,0,0,0,0
22249,"R. Zâmbia, Vila Kennedy, Bangu, Rio de Janeiro - RJ, 21850-510, Brasil",Sudeste,Rio de Janeiro,Rio de Janeiro,VILA KENNEDY,,VILA KENNEDY,-22.8583771000,-43.4893408000,"04/12/2018, 05:40:00",true,true,PM,Ação policial,,,false,1,0,0,0,0,0,0,0,0,0,0,0,0,0
22254,"Salsa e Merengue,  Complexo da Maré, Rio de Janeiro - RJ, 21046-145, Brasil",Sudeste,Rio de Janeiro,Rio de Janeiro,MARE,,SALSA E MERENGUE (COMPLEXO DA MARE),-22.8701170000,-43.2361080000,"04/12/2018, 09:14:00",true,true,N�o identificado,Ação policial,,,false,0,0,0,0,0,0,0,0,0,0,0,0,0,0
22257,"Jacarepagua, Rio de Janeiro - RJ, Brasil",Sudeste,Rio de Janeiro,Rio de Janeiro,BARRA OLIMPICA,,,-22.9681736000,-43.3907025000,"04/12/2018, 09:14:00",false,false,,Não identificado,,,false,0,0,0,0,0,0,0,0,0,0,0,0,0,0
22258,"R. Viêira de Araújo - Realengo, Rio de Janeiro - RJ, Brasil",Sudeste,Rio de Janeiro,Rio de Janeiro,REALENGO,,FAVELA DO ALMIRANTE,-22.8921253000,-43.4277953000,"04/12/2018, 11:24:00",false,false,,Não identificado,,,false,0,0,0,0,0,0,0,0,0,0,0,0,0,0
22276,"R. Lins de Vasconcelos - Lins de Vasconcelos, Rio de Janeiro - RJ, 20710-130, Brasil",Sudeste,Rio de Janeiro,Rio de Janeiro,LINS DE VASCONCELOS,,,-22.9083194000,-43.2792119000,"04/12/2018, 13:30:00",true,true,M�ier Presente,Ação policial,,,false,0,1,0,0,0,0,0,0,0,0,0,0,0,0
22260,"Comunidade da Pedreira - Costa Barros, Rio de Janeiro - RJ, 21515-710, Brasil",Sudeste,Rio de Janeiro,Rio de Janeiro,COSTA BARROS,,MORRO DA PEDREIRA (COMPLEXO DA PEDREIRA),-22.8244810000,-43.3638301000,"04/12/2018, 16:03:00",false,false,,Não identificado,,,false,0,0,0,0,0,0,0,0,0,0,0,0,0,0
22261,"Quitungo, Brás De Pina, Rio de Janeiro - RJ, 21215-563, Brasil",Sudeste,Rio de Janeiro,Rio de Janeiro,BRAS DE PINA,,QUITUNGO-GUAPORE,-22.8305648000,-43.3015643000,"04/12/2018, 17:02:00",true,true,PM,Operação policial,,,false,1,0,0,0,0,0,0,0,0,0,0,0,0,0
22265,"Bangu, Rio de Janeiro - RJ, Brasil",Sudeste,Rio de Janeiro,Rio de Janeiro,BANGU,,,-22.8742263000,-43.4685442000,"04/12/2018, 17:26:00",false,false,,Não identificado,,,false,0,0,0,0,0,0,0,0,0,0,0,0,0,0
22262,"Rodo,  Santa Cruz, Rio de Janeiro - RJ, 23591-250, Brasil",Sudeste,Rio de Janeiro,Rio de Janeiro,SANTA CRUZ,,COMPLEXO DO RODO,-22.9285800000,-43.6641430000,"04/12/2018, 17:37:00",false,false,,Não identificado,,,false,0,0,0,0,0,0,0,0,0,0,0,0,0,0
22263,"Quitundo,  Brás De Pina, Rio de Janeiro - RJ, 21215-563, Brasil",Sudeste,Rio de Janeiro,Rio de Janeiro,BRAS DE PINA,,QUITUNGO-GUAPORE,-22.8305648000,-43.3015643000,"04/12/2018, 18:00:00",false,false,,Não identificado,,,false,0,0,0,0,0,0,0,0,0,0,0,0,0,0
22264,"Morro do Sereno - Penha Circular, Rio de Janeiro - RJ, 21210-154, Brasil",Sudeste,Rio de Janeiro,Rio de Janeiro,PENHA CIRCULAR,,MORRO DO SERENO (COMPLEXO DA PENHA),-22.8436111000,-43.2936111000,"04/12/2018, 18:01:00",false,false,,Não identificado,,,false,0,0,0,0,0,0,0,0,0,0,0,0,0,0
22266,"Cidade de Deus, Rio de Janeiro - RJ, Brasil",Sudeste,Rio de Janeiro,Rio de Janeiro,CIDADE DE DEUS,,CIDADE DE DEUS,-22.9481688000,-43.3626721000,"04/12/2018, 18:47:00",false,false,,Não identificado,,,false,0,0,0,0,0,0,0,0,0,0,0,0,0,0
22268,"Morro da Providencia - Gambôa, Rio de Janeiro - RJ, 20221-310, Brasil",Sudeste,Rio de Janeiro,Rio de Janeiro,GAMBOA,,MORRO DA PROVIDENCIA,-22.9002778000,-43.1952778000,"04/12/2018, 20:02:00",true,true,PM,Operação policial,,,false,0,0,0,0,0,0,0,0,0,0,0,0,0,0
22272,"Av. Brasil, 17673 - Irajá, Rio de Janeiro - RJ, 21230-042, Brasil",Sudeste,Rio de Janeiro,Rio de Janeiro,IRAJA,,,-22.8245855000,-43.3317732000,"04/12/2018, 21:08:00",false,false,,Não identificado,,,false,0,0,0,0,0,0,0,0,0,0,0,0,0,0
22273,"Morro do Sereno - Penha Circular, Rio de Janeiro - RJ, 21210-154, Brasil",Sudeste,Rio de Janeiro,Rio de Janeiro,PENHA CIRCULAR,,MORRO DO SERENO (COMPLEXO DA PENHA),-22.8436111000,-43.2936111000,"04/12/2018, 21:19:00",false,false,,Não identificado,,,false,0,0,0,0,0,0,0,0,0,0,0,0,0,0
22274,"Campo Grande, Rio de Janeiro - RJ, Brasil",Sudeste,Rio de Janeiro,Rio de Janeiro,CAMPO GRANDE,,,-22.9035842000,-43.5662438000,"04/12/2018, 21:59:00",false,false,,Não identificado,,,false,0,0,0,0,0,0,0,0,0,0,0,0,0,0
22275,"Cidade Alta - Cordovil, Rio de Janeiro - RJ, 21010-200, Brasil",Sudeste,Rio de Janeiro,Rio de Janeiro,CORDOVIL,,CIDADE ALTA (COMPLEXO DE ISRAEL),-22.8198296000,-43.2949147000,"05/12/2018, 04:29:00",true,true,PM,Ação policial,,,false,0,1,0,0,0,0,0,0,0,0,0,0,0,0
22281,"Morro da Caixa D'água - Tanque, Rio de Janeiro - RJ, 22733-001, Brasil",Sudeste,Rio de Janeiro,Rio de Janeiro,TANQUE,,MORRO DA CAIXA D'AGUA (TANQUE),-22.9154324000,-43.3505827000,"05/12/2018, 06:05:00",false,false,,Não identificado,,,false,0,0,0,0,0,0,0,0,0,0,0,0,0,0
22282,"Buraco do Lacerda - Jacarezinho, Rio de Janeiro - RJ, Brasil",Sudeste,Rio de Janeiro,Rio de Janeiro,JACAREZINHO,,JACAREZINHO,-22.8875673000,-43.2527972000,"05/12/2018, 07:08:00",true,true,N�o identificado,Ação policial,,,false,0,0,0,0,0,0,0,0,0,0,0,0,0,0
22283,"Rua Santa Alexandrina, Rio Comprido",Sudeste,Rio de Janeiro,Rio de Janeiro,RIO COMPRIDO,,SANTA ALEXANDRINA,-22.9343170000,-43.2093680000,"05/12/2018, 08:05:00",false,false,,Não identificado,,,false,0,0,0,0,0,0,0,0,0,0,0,0,0,0
22285,"Vila Cruzeiro - Penha, Rio de Janeiro - RJ, 21070-100, Brasil",Sudeste,Rio de Janeiro,Rio de Janeiro,PENHA,,VILA CRUZEIRO (COMPLEXO DA PENHA),-22.8405910000,-43.2876160000,"05/12/2018, 11:00:00",true,true,UPP (Complexo da Penha),Operação policial,,,false,0,0,0,0,0,0,0,0,0,0,0,0,0,0
22287,"Pedra Rasa - Guadalupe, Rio de Janeiro - RJ, 21665-170, Brasil",Sudeste,Rio de Janeiro,Rio de Janeiro,GUADALUPE,,PEDRA RASA (COMPLEXO DO CHAPADAO),-22.8312388000,-43.3858268000,"05/12/2018, 17:17:00",false,false,,Não identificado,,,false,0,0,0,0,0,0,0,0,0,0,0,0,0,0
22288,"R. Morais Pinheiro - Ricardo de Albuquerque, Rio de Janeiro - RJ, Brasil",Sudeste,Rio de Janeiro,Rio de Janeiro,RICARDO DE ALBUQUERQUE,,MORRO DA TIRADENTES (COMPLEXO DO CHAPADAO),-22.8322403000,-43.3904486000,"05/12/2018, 18:14:00",false,false,,Não identificado,,,false,0,0,0,0,0,0,0,0,0,0,0,0,0,0
22294,"Caju, Rio de Janeiro - RJ, Brasil",Sudeste,Rio de Janeiro,Rio de Janeiro,CAJU,,COMPLEXO DO CAJU,-22.8792069000,-43.2155524000,"05/12/2018, 21:06:00",false,false,,Não identificado,,,false,0,0,0,0,0,0,0,0,0,0,0,0,0,0
22297,"R. Figueiredo Camargo - Bangu, Rio de Janeiro - RJ, Brasil",Sudeste,Rio de Janeiro,Rio de Janeiro,BANGU,,IAPI DE PADRE MIGUEL,-22.8714448000,-43.4560493000,"05/12/2018, 22:01:00",false,false,,Não identificado,,,false,0,0,0,0,0,0,0,0,0,0,0,0,0,0
22298,"Rocinha, Rio de Janeiro - State of Rio de Janeiro, Brazil",Sudeste,Rio de Janeiro,Rio de Janeiro,ROCINHA,,ROCINHA,-22.9879841000,-43.2479825000,"05/12/2018, 22:27:00",false,false,,Não identificado,,,false,0,0,0,0,0,0,0,0,0,0,0,0,0,0
22299,"Estr. do Realengo - Padre Miguel, Rio de Janeiro - RJ, Brasil",Sudeste,Rio de Janeiro,Rio de Janeiro,PADRE MIGUEL,,,-22.8800265000,-43.4500078000,"06/12/2018, 02:32:00",false,false,,Não identificado,,,false,0,0,0,0,0,0,0,0,0,0,0,0,0,0
22301,"Fazendinha, Complexo do Alemão, Rio de Janeiro - RJ, 21061-610, Brasil",Sudeste,Rio de Janeiro,Rio de Janeiro,COMPLEXO DO ALEMAO,,FAZENDINHA (COMPLEXO DO ALEMAO),-22.8594273000,-43.2754363000,"06/12/2018, 04:00:00",false,false,,Não identificado,,,false,0,0,0,0,0,0,0,0,0,0,0,0,0,0
22302,"Engenho da Rainha, Rio de Janeiro - State of Rio de Janeiro, Brazil",Sudeste,Rio de Janeiro,Rio de Janeiro,ENGENHO DA RAINHA,,,-22.8650532000,-43.2940226000,"06/12/2018, 04:15:00",true,true,N�o identificado,Ação policial,,,false,0,0,0,0,0,0,0,0,0,0,0,0,0,0
22306,"Morro do Juramento - Vicente de Carvalho, Rio de Janeiro - RJ, Brasil",Sudeste,Rio de Janeiro,Rio de Janeiro,VICENTE DE CARVALHO,,MORRO DO JURAMENTO (COMPLEXO DO JURAMENTO),-22.8600128000,-43.3159810000,"06/12/2018, 05:11:00",false,false,,Não identificado,,,false,0,0,0,0,0,0,0,0,0,0,0,0,0,0
22317,"Galeria Machado de Assis - R. Machado de Assis, 31 A - Flamengo, Rio de Janeiro - RJ, 22220-060, Brasil",Sudeste,Rio de Janeiro,Rio de Janeiro,FLAMENGO,,,-22.9318825000,-43.1754351000,"06/12/2018, 10:46:00",true,true,N�o identificado,Tentativa/Roubo,,Perseguição,false,0,0,0,0,0,0,0,0,0,0,0,0,0,0
22332,"Chapéu Mangueira - Leme, Rio de Janeiro - RJ, 22010-060, Brasil",Sudeste,Rio de Janeiro,Rio de Janeiro,LEME,,CHAPEU-MANGUEIRA,-22.9605684000,-43.1698559000,"06/12/2018, 12:00:00",true,true,N�o identificado,Operação policial,,Bar,false,0,1,0,1,0,0,0,0,0,0,0,0,0,0
22333,"Av. dos Democráticos - Higienópolis, Rio de Janeiro - RJ, Brasil",Sudeste,Rio de Janeiro,Rio de Janeiro,HIGIENOPOLIS,,COMPLEXO DE MANGUINHOS,-22.8739294000,-43.2579158000,"06/12/2018, 13:00:00",false,false,,Tentativa/Roubo,,,false,1,1,0,0,0,0,0,0,0,0,0,0,0,0
22351,"Av. Brasil - Caju, Rio de Janeiro - RJ, Brasil",Sudeste,Rio de Janeiro,Rio de Janeiro,CAJU,,,-22.8883637000,-43.2232706000,"06/12/2018, 13:00:00",false,false,,Tentativa/Roubo,,,false,0,1,0,0,0,0,0,0,0,0,0,0,0,1
22328,"Morro Azul - Flamengo, Rio de Janeiro - RJ, 22231-000, Brasil",Sudeste,Rio de Janeiro,Rio de Janeiro,FLAMENGO,,MORRO AZUL,-22.9378080000,-43.1794626000,"06/12/2018, 14:50:00",false,false,,Não identificado,,,false,0,0,0,0,0,0,0,0,0,0,0,0,0,0
22329,"Morro da Caixa D'água - Tanque, Rio de Janeiro - RJ, 22735-020, Brasil",Sudeste,Rio de Janeiro,Rio de Janeiro,TANQUE,,MORRO DA CAIXA D'AGUA (TANQUE),-22.9184643000,-43.3578756000,"06/12/2018, 15:12:00",true,true,N�o identificado,Ação policial,,,false,0,0,0,0,0,0,0,0,0,0,0,0,0,0
22330,"Furquim Mendes - Jardim America, Rio de Janeiro - RJ, 21240-400, Brasil",Sudeste,Rio de Janeiro,Rio de Janeiro,JARDIM AMERICA,,FURQUIM MENDES,-22.8068850000,-43.3216890000,"06/12/2018, 15:22:00",true,true,N�o identificado,Ação policial,,,false,0,0,0,0,0,0,0,0,0,0,0,0,0,0
22342,"Penha, Rio de Janeiro - RJ, Brasil",Sudeste,Rio de Janeiro,Rio de Janeiro,PENHA,,,-22.8308535000,-43.2698184000,"06/12/2018, 17:25:00",false,false,,Não identificado,,,false,0,0,0,0,0,0,0,0,0,0,0,0,0,0
22340,"Av. Brasil - Barros Filho, Rio de Janeiro - RJ, Brasil",Sudeste,Rio de Janeiro,Rio de Janeiro,BARROS FILHO,,,-22.8380034000,-43.3656283000,"06/12/2018, 18:30:00",false,false,,Não identificado,,,false,0,0,0,0,0,0,0,0,0,0,0,0,0,0
22337,"Morro do Borel,  Tijuca, Rio de Janeiro - RJ, 20530-003, Brasil",Sudeste,Rio de Janeiro,Rio de Janeiro,TIJUCA,,MORRO DO BOREL,-22.9395041000,-43.2515359000,"06/12/2018, 18:38:00",true,true,PM,Ação policial,,,false,1,3,0,0,0,0,0,0,0,0,0,0,0,0
22341,"Av. Ten. Rebelo, 416 - Irajá, Rio de Janeiro - RJ, 21230-075, Brasil",Sudeste,Rio de Janeiro,Rio de Janeiro,IRAJA,,CONJUNTO IAPC DE IRAJA,-22.8196559000,-43.3326860000,"06/12/2018, 19:22:00",false,false,,Não identificado,,,false,0,0,0,0,0,0,0,0,0,0,0,0,0,0
22343,"Mal. Hermes, Rio de Janeiro - RJ, Brasil",Sudeste,Rio de Janeiro,Rio de Janeiro,MARECHAL HERMES,,,-22.8599462000,-43.3698377000,"06/12/2018, 19:58:00",false,false,,Não identificado,,,false,0,0,0,0,0,0,0,0,0,0,0,0,0,0
22349,"Furquim Mendes, Vigário Geral, Rio de Janeiro - RJ, 21241-340, Brasil",Sudeste,Rio de Janeiro,Rio de Janeiro,VIGARIO GERAL,,FURQUIM MENDES,-22.8064383000,-43.3161743000,"06/12/2018, 21:47:00",false,false,,Não identificado,,,false,0,0,0,0,0,0,0,0,0,0,0,0,0,0
22352,"Morro da Formiga - Tijuca, Rio de Janeiro - RJ, 20530-120, Brasil",Sudeste,Rio de Janeiro,Rio de Janeiro,TIJUCA,,MORRO DA FORMIGA,-22.9441667000,-43.2408333000,"07/12/2018, 01:37:00",false,false,,Não identificado,,,false,0,0,0,0,0,0,0,0,0,0,0,0,0,0
22353,"Complexo do Lins, Lins de Vasconcelos, Rio de Janeiro - RJ, 20725-140, Brasil",Sudeste,Rio de Janeiro,Rio de Janeiro,LINS DE VASCONCELOS,,COMPLEXO DO LINS,-22.9196001000,-43.2855347000,"07/12/2018, 03:18:00",false,false,,Não identificado,,,false,0,0,0,0,0,0,0,0,0,0,0,0,0,0
22354,"Morro do Borel, Tijuca, Rio de Janeiro - RJ, 20530-003, Brasil",Sudeste,Rio de Janeiro,Rio de Janeiro,TIJUCA,,MORRO DO BOREL,-22.9395041000,-43.2515359000,"07/12/2018, 04:15:00",true,true,N�o identificado,Ação policial,,,false,0,0,0,0,0,0,0,0,0,0,0,0,0,0
22355,"Rua da Passagem, 135 - Botafogo, Rio de Janeiro - RJ, 22290-030, Brasil",Sudeste,Rio de Janeiro,Rio de Janeiro,BOTAFOGO,,,-22.9542059000,-43.1810154000,"07/12/2018, 04:25:00",true,true,PM,Tentativa/Roubo,,,false,1,0,0,0,0,0,0,0,0,0,0,0,0,0
22356,"Manilha e R. Zâmbia, Vila Kennedy, Bangu, Rio de Janeiro - RJ, 21850-510, Brasil",Sudeste,Rio de Janeiro,Rio de Janeiro,VILA KENNEDY,,VILA KENNEDY,-22.8583771000,-43.4893408000,"07/12/2018, 04:35:00",false,false,,Não identificado,,,false,0,0,0,0,0,0,0,0,0,0,0,0,0,0
22357,"Bateau Mouche (Batô) - Praça Seca, Rio de Janeiro - RJ, 22733-001, Brasil",Sudeste,Rio de Janeiro,Rio de Janeiro,PRACA SECA,,FAVELA BATEAU MOUCHE,-22.9048084000,-43.3550791000,"07/12/2018, 04:47:00",false,false,,Não identificado,,,false,0,0,0,0,0,0,0,0,0,0,0,0,0,0
22362,"Barrão e Metral, Vila Kennedy, Bangu, Rio de Janeiro - RJ, 21853-600, Brasil",Sudeste,Rio de Janeiro,Rio de Janeiro,VILA KENNEDY,,VILA KENNEDY,-22.8550195000,-43.4971339000,"07/12/2018, 05:59:00",false,false,,Não identificado,,,false,0,0,0,0,0,0,0,0,0,0,0,0,0,0
22367,"Av. Pres. Vargas, 2349 - Centro, Rio de Janeiro - RJ, 20210-030, Brasil",Sudeste,Rio de Janeiro,Rio de Janeiro,CENTRO,,,-22.9073313000,-43.1963678000,"07/12/2018, 07:00:00",false,false,,Tentativa/Roubo,,,false,0,1,0,0,0,0,0,0,0,0,0,0,0,0
22370,"Parque Royal - Ilha do Governador, Rio de Janeiro - RJ, Brasil",Sudeste,Rio de Janeiro,Rio de Janeiro,PORTUGUESA,,PARQUE ROYAL,-22.7948772000,-43.2085524000,"07/12/2018, 09:19:00",false,false,,Não identificado,,,false,0,0,0,0,0,0,0,0,0,0,0,0,0,0
22371,"Vila Verde - Rocinha, Rio de Janeiro - RJ, 22451-971, Brasil",Sudeste,Rio de Janeiro,Rio de Janeiro,ROCINHA,,ROCINHA,-22.9894878000,-43.2529579000,"07/12/2018, 09:45:00",true,true,UPP (Rocinha),Ação policial,,,false,0,0,0,0,0,0,0,0,0,0,0,0,0,0
22373,"Bateau Mouche (Batô) - Praça Seca, Rio de Janeiro - RJ, 22733-001, Brasil",Sudeste,Rio de Janeiro,Rio de Janeiro,PRACA SECA,,FAVELA BATEAU MOUCHE,-22.9048084000,-43.3550791000,"07/12/2018, 10:15:00",false,false,,Não identificado,,,false,0,0,0,0,0,0,0,0,0,0,0,0,0,0
22376,"Av. Chrisóstomo Pimentel de Oliveira, Anchieta, Rio de Janeiro - RJ, 21645-522, Brasil",Sudeste,Rio de Janeiro,Rio de Janeiro,ANCHIETA,,,-22.8186766000,-43.3931102000,"07/12/2018, 11:39:00",false,false,,Não identificado,,,false,0,0,0,0,0,0,0,0,0,0,0,0,0,0
22379,"Anchieta, Rio de Janeiro - RJ, Brasil",Sudeste,Rio de Janeiro,Rio de Janeiro,ANCHIETA,,,-22.8238795000,-43.3981236000,"07/12/2018, 13:30:00",true,true,N�o identificado,Ação policial,,,false,0,0,0,0,0,0,0,0,0,0,0,0,0,0
22327,"Manguinhos, Rio de Janeiro - RJ, Brasil",Sudeste,Rio de Janeiro,Rio de Janeiro,MANGUINHOS,,COMPLEXO DE MANGUINHOS,-22.8830377000,-43.2457507000,"07/12/2018, 14:04:00",false,false,,Não identificado,,,false,0,0,0,0,0,0,0,0,0,0,0,0,0,0
22381,"Pavão-Pavãozinho, Copacabana, Rio de Janeiro - RJ, 22071-060, Brasil",Sudeste,Rio de Janeiro,Rio de Janeiro,COPACABANA,,MORRO DO PAVAO-PAVAOZINHO,-22.9817368000,-43.1961889000,"07/12/2018, 15:26:00",false,false,,Não identificado,,,false,0,0,0,0,0,0,0,0,0,0,0,0,0,0
22383,"Estr. dos Teixeiras - Taquara, Rio de Janeiro - RJ, Brasil",Sudeste,Rio de Janeiro,Rio de Janeiro,TAQUARA,,TEIXEIRAS,-22.9133843000,-43.4156717000,"07/12/2018, 16:20:00",false,false,,Não identificado,,,false,0,0,0,0,0,0,0,0,0,0,0,0,0,0
22386,"Morro do Jordão, Taquara, Rio de Janeiro - RJ, 22725-549, Brasil",Sudeste,Rio de Janeiro,Rio de Janeiro,TAQUARA,,MORRO DO JORDAO,-22.9109200000,-43.3721620000,"07/12/2018, 17:25:00",false,false,,Não identificado,,,false,0,0,0,0,0,0,0,0,0,0,0,0,0,0
22387,"Morro do Batô, Praça Seca, Rio de Janeiro - RJ, 22733-120, Brasil",Sudeste,Rio de Janeiro,Rio de Janeiro,PRACA SECA,,FAVELA BATEAU MOUCHE,-22.9050377000,-43.3552483000,"07/12/2018, 17:42:00",false,false,,Não identificado,,,false,0,0,0,0,0,0,0,0,0,0,0,0,0,0
22389,"Vidigal, Rio de Janeiro - RJ, Brasil",Sudeste,Rio de Janeiro,Rio de Janeiro,VIDIGAL,,VIDIGAL,-22.9939022000,-43.2358343000,"07/12/2018, 18:03:00",false,false,,Não identificado,,,false,0,0,0,0,0,0,0,0,0,0,0,0,0,0
22415,"Nova Brasília - Complexo do Alemão, Rio de Janeiro - RJ, Brasil",Sudeste,Rio de Janeiro,Rio de Janeiro,COMPLEXO DO ALEMAO,,NOVA BRASILIA (COMPLEXO DO ALEMAO),-22.8659512000,-43.2724853000,"07/12/2018, 19:30:00",false,true,,Tentativa/Roubo,,,false,0,0,0,1,0,0,0,0,0,0,0,0,0,0
22396,"Rua Barão - Praça Seca, Rio de Janeiro - RJ, Brasil",Sudeste,Rio de Janeiro,Rio de Janeiro,PRACA SECA,,MORRO SAO JOSE OPERARIO (OU MORRO DA BARAO),-22.8986468000,-43.3523871000,"07/12/2018, 21:42:00",false,false,,Não identificado,,,false,0,0,0,0,0,0,0,0,0,0,0,0,0,0
22398,"Rio Comprido, Rio de Janeiro - RJ, Brasil",Sudeste,Rio de Janeiro,Rio de Janeiro,RIO COMPRIDO,,,-22.9252336000,-43.2053404000,"07/12/2018, 21:56:00",false,false,,Não identificado,,,false,0,0,0,0,0,0,0,0,0,0,0,0,0,0
22399,"Av. das Américas, 4000 - Barra da Tijuca, Rio de Janeiro - RJ, 22640-102, Brasil",Sudeste,Rio de Janeiro,Rio de Janeiro,BARRA DA TIJUCA,,,-22.9999969000,-43.3661785000,"07/12/2018, 22:05:00",true,true,PM,Tentativa/Roubo,,,false,0,1,0,0,0,0,0,0,0,0,0,0,0,0
22403,"Vila Isabel, Rio de Janeiro - RJ, Brasil",Sudeste,Rio de Janeiro,Rio de Janeiro,VILA ISABEL,,,-22.9167328000,-43.2508337000,"08/12/2018, 04:44:00",false,false,,Não identificado,,,false,0,0,0,0,0,0,0,0,0,0,0,0,0,0
22409,"Estr. do Catonho - Jardim Sulacap, Rio de Janeiro - RJ, 22725-000, Brasil",Sudeste,Rio de Janeiro,Rio de Janeiro,JARDIM SULACAP,,,-22.8989795000,-43.3891211000,"08/12/2018, 05:00:00",false,true,,Briga,,,false,0,2,1,0,0,0,0,0,0,0,0,0,0,0
22400,"R. Dom Pedro I, 83 - Santa Cruz, Rio de Janeiro - RJ, 23510-010, Brasil",Sudeste,Rio de Janeiro,Rio de Janeiro,SANTA CRUZ,,,-22.9157913000,-43.6813685000,"08/12/2018, 05:07:00",false,false,,Não identificado,,,false,0,0,0,0,0,0,0,0,0,0,0,0,0,0
22401,"Av. Pastor Martin Luther King Junior - Acari, Rio de Janeiro - RJ, 20765-630, Brasil",Sudeste,Rio de Janeiro,Rio de Janeiro,ACARI,,,-22.8252469000,-43.3488196000,"08/12/2018, 05:09:00",false,false,,Não identificado,,,false,0,0,0,0,0,0,0,0,0,0,0,0,0,0
22419,"Morro dos Macacos, Vila Isabel, Rio de Janeiro - RJ, 20551-630, Brasil",Sudeste,Rio de Janeiro,Rio de Janeiro,VILA ISABEL,,MORRO DOS MACACOS,-22.9130119000,-43.2534860000,"08/12/2018, 06:00:00",true,true,UPP (Macacos),Ação policial,,,false,0,0,0,0,0,0,0,0,0,0,0,0,0,0
22408,"Estrada dos Teixeiras, Santa Maria, Taquara, Rio de Janeiro - RJ, Brasil",Sudeste,Rio de Janeiro,Rio de Janeiro,TAQUARA,,COMUNIDADE SANTA MARIA,-22.9133843000,-43.4156717000,"08/12/2018, 07:23:00",false,false,,Não identificado,,,false,0,0,0,0,0,0,0,0,0,0,0,0,0,0
22412,"Beira, Jacarezinho, Rio de Janeiro - RJ, 20972-450, Brasil",Sudeste,Rio de Janeiro,Rio de Janeiro,JACAREZINHO,,JACAREZINHO,-22.8854294000,-43.2579641000,"08/12/2018, 11:49:00",true,true,N�o identificado,Operação policial,,,false,0,0,0,2,0,0,0,0,0,0,0,0,0,0
22413,"Morro do Borel, Tijuca, Rio de Janeiro - RJ, 20530-003, Brasil",Sudeste,Rio de Janeiro,Rio de Janeiro,TIJUCA,,MORRO DO BOREL,-22.9367157000,-43.2625533000,"08/12/2018, 12:15:00",false,false,,Não identificado,,,false,0,0,0,0,0,0,0,0,0,0,0,0,0,0
22414,"R. Conselheiro Galvão - Madureira, Rio de Janeiro - RJ, Brasil",Sudeste,Rio de Janeiro,Rio de Janeiro,TURIACU,,,-22.8666510000,-43.3413528000,"08/12/2018, 12:54:00",false,false,,Não identificado,,,false,0,0,0,0,0,0,0,0,0,0,0,0,0,0
22416,"Praça quinze de Agosto, Jacaré, Rio de Janeiro - RJ, 20970-190, Brasil",Sudeste,Rio de Janeiro,Rio de Janeiro,JACARE,,,-22.8922090000,-43.2525240000,"08/12/2018, 13:20:00",true,true,N�o identificado,Ação policial,,,false,0,0,0,0,0,0,0,0,0,0,0,0,0,0
22418,"Buraco do Lacerda - Jacarezinho, Rio de Janeiro - RJ, Brasil",Sudeste,Rio de Janeiro,Rio de Janeiro,JACAREZINHO,,JACAREZINHO,-22.8875673000,-43.2527972000,"08/12/2018, 15:27:00",true,true,N�o identificado,Ação policial,,,false,0,0,0,0,0,0,0,0,0,0,0,0,0,0
22421,"Síria e 15, Jacarezinho, Rio de Janeiro - RJ, Brasil",Sudeste,Rio de Janeiro,Rio de Janeiro,JACAREZINHO,,JACAREZINHO,-22.8875573000,-43.2581953000,"08/12/2018, 16:58:00",true,true,N�o identificado,Ação policial,,,false,0,0,0,0,0,0,0,0,0,0,0,0,0,0
22423,"Bangu, Rio de Janeiro - RJ, Brasil",Sudeste,Rio de Janeiro,Rio de Janeiro,BANGU,,,-22.8742263000,-43.4685442000,"08/12/2018, 18:24:00",false,false,,Não identificado,,,false,0,0,0,0,0,0,0,0,0,0,0,0,0,0
22425,"Santa Maria, Taquara, Rio de Janeiro - RJ, 22723-690, Brasil",Sudeste,Rio de Janeiro,Rio de Janeiro,TAQUARA,,COMUNIDADE SANTA MARIA,-22.9134710000,-43.4221680000,"08/12/2018, 19:34:00",false,false,,Não identificado,,,false,0,0,0,0,0,0,0,0,0,0,0,0,0,0
22430,"Jacaré, Rio de Janeiro - RJ, Brasil",Sudeste,Rio de Janeiro,Rio de Janeiro,JACARE,,,-22.8923272000,-43.2581953000,"08/12/2018, 20:08:00",false,false,,Não identificado,,,false,0,0,0,0,0,0,0,0,0,0,0,0,0,0
22433,"Realengo, Rio de Janeiro - RJ, Brasil",Sudeste,Rio de Janeiro,Rio de Janeiro,REALENGO,,,-22.8763107000,-43.4302937000,"08/12/2018, 21:51:00",false,false,,Não identificado,,,false,0,0,0,0,0,0,0,0,0,0,0,0,0,0
22434,"Manilha, Vila Kennedy - Rio de Janeiro - RJ, 21850-007, Brasil",Sudeste,Rio de Janeiro,Rio de Janeiro,VILA KENNEDY,,VILA KENNEDY,-22.8604006000,-43.4884116000,"08/12/2018, 23:37:00",false,false,,Não identificado,,,false,0,0,0,0,0,0,0,0,0,0,0,0,0,0
22435,"Beira, Jacarezinho, Rio de Janeiro - RJ, 20972-450, Brasil",Sudeste,Rio de Janeiro,Rio de Janeiro,JACAREZINHO,,JACAREZINHO,-22.8852465000,-43.2590046000,"09/12/2018, 04:04:00",true,true,N�o identificado,Operação policial,,,false,0,1,0,1,0,0,0,0,0,0,0,0,0,0
22443,"Vila São Pedro, Manguinhos, Rio de Janeiro - RJ, 21050-755, Brasil",Sudeste,Rio de Janeiro,Rio de Janeiro,MANGUINHOS,,FAVELA VILA SAO PEDRO (COMPLEXO DE MANGUINHOS),-22.8711554000,-43.2545924000,"09/12/2018, 06:00:00",true,true,PM,Ação policial,,,false,0,0,0,0,0,0,0,0,0,0,0,0,0,0
22438,"R. Barão do Bom Retiro, Rio de Janeiro - RJ, Brasil",Sudeste,Rio de Janeiro,Rio de Janeiro,ENGENHO NOVO,,,-22.9134962000,-43.2646047000,"09/12/2018, 06:12:00",true,true,N�o identificado,Ação policial,,,false,0,0,0,0,0,0,0,0,0,0,0,0,0,0
22439,"Morro da Formiga - Tijuca, Rio de Janeiro - RJ, 20530-003, Brasil",Sudeste,Rio de Janeiro,Rio de Janeiro,TIJUCA,,MORRO DA FORMIGA,-22.9441667000,-43.2408333000,"09/12/2018, 07:09:00",false,false,,Não identificado,,,false,0,0,0,0,0,0,0,0,0,0,0,0,0,0
22441,"Marechal Hermes, Rio de Janeiro - RJ, 21555-550, Brasil",Sudeste,Rio de Janeiro,Rio de Janeiro,MARECHAL HERMES,,,-22.8607795000,-43.3712208000,"09/12/2018, 08:20:00",false,false,,Não identificado,,,false,0,0,0,0,0,0,0,0,0,0,0,0,0,0
22476,"Av. Olegário Maciel - Barra da Tijuca, Rio de Janeiro - RJ, 22620-171, Brasil",Sudeste,Rio de Janeiro,Rio de Janeiro,BARRA DA TIJUCA,,,-23.0118117000,-43.3050444000,"09/12/2018, 08:30:00",true,true,N�o identificado,Tentativa/Roubo,,,false,0,0,0,0,0,0,0,0,0,0,0,0,0,0
22442,"Estr. Mal. Alencastro - Anchieta, Rio de Janeiro - RJ, Brasil",Sudeste,Rio de Janeiro,Rio de Janeiro,PARQUE ANCHIETA,,MORRO DO PLANALTO (COMPLEXO DO CHAPADAO),-22.8282242000,-43.4004298000,"09/12/2018, 08:31:00",true,true,PM,Operação policial,,,false,1,0,0,0,0,0,0,0,0,0,0,0,0,0
22450,"Largo do Bicão - Vila da Penha, Rio de Janeiro - RJ, Brasil",Sudeste,Rio de Janeiro,Rio de Janeiro,VILA DA PENHA,,,-22.8388894000,-43.3109772000,"09/12/2018, 13:00:00",false,false,,Não identificado,,,false,0,0,0,0,0,0,0,0,0,0,0,0,0,0
22453,"Karatê, Cidade de Deus, Rio de Janeiro - RJ, Brasil",Sudeste,Rio de Janeiro,Rio de Janeiro,CIDADE DE DEUS,,CIDADE DE DEUS,-22.9518380000,-43.3546000000,"09/12/2018, 14:30:00",true,true,PM,Operação policial,,,false,0,0,0,0,0,0,0,0,0,0,0,0,0,0
22454,"Praça do Carmo, Penha Circular, Rio de Janeiro - RJ, 21210-280, Brasil",Sudeste,Rio de Janeiro,Rio de Janeiro,PENHA CIRCULAR,,,-22.8388125000,-43.2950253000,"09/12/2018, 15:13:00",false,false,,Não identificado,,,false,0,0,0,0,0,0,0,0,0,0,0,0,0,0
22456,"13 e 15, Cidade de Deus, Rio de Janeiro - RJ, Brasil",Sudeste,Rio de Janeiro,Rio de Janeiro,CIDADE DE DEUS,,CIDADE DE DEUS,-22.9481688000,-43.3626721000,"09/12/2018, 17:06:00",false,false,,Não identificado,,,false,0,0,0,0,0,0,0,0,0,0,0,0,0,0
22457,"13 e 15, Cidade de Deus, Rio de Janeiro - RJ, Brasil",Sudeste,Rio de Janeiro,Rio de Janeiro,CIDADE DE DEUS,,CIDADE DE DEUS,-22.9481688000,-43.3626721000,"09/12/2018, 18:07:00",false,false,,Não identificado,,,false,0,0,0,0,0,0,0,0,0,0,0,0,0,0
22458,"Av. Cidade de Deus, 13 - Cidade de Deus, Rio de Janeiro - RJ, 22773-514, Brasil",Sudeste,Rio de Janeiro,Rio de Janeiro,CIDADE DE DEUS,,CIDADE DE DEUS,-22.9442116000,-43.3678663000,"09/12/2018, 18:47:00",false,false,,Não identificado,,,false,0,0,0,0,0,0,0,0,0,0,0,0,0,0
22468,"Complexo do Chapadão, Anchieta, Rio de Janeiro - RJ, 21655-173, Brasil",Sudeste,Rio de Janeiro,Rio de Janeiro,ANCHIETA,,COMPLEXO DO CHAPADAO,-22.8246060000,-43.3863384000,"09/12/2018, 19:35:00",false,false,,Não identificado,,,false,0,0,0,0,0,0,0,0,0,0,0,0,0,0
22460,"R. Alexandre Calaza - Vila Isabel, Rio de Janeiro - RJ, 20560-110, Brasil",Sudeste,Rio de Janeiro,Rio de Janeiro,VILA ISABEL,,,-22.9184906000,-43.2599066000,"09/12/2018, 20:11:00",false,false,,Não identificado,,,false,0,0,0,0,0,0,0,0,0,0,0,0,0,0
22463,"Santíssimo, Rio de Janeiro - RJ, Brasil",Sudeste,Rio de Janeiro,Rio de Janeiro,SANTISSIMO,,,-22.8759688000,-43.5263140000,"09/12/2018, 20:21:00",false,false,,Não identificado,,,false,0,0,0,0,0,0,0,0,0,0,0,0,0,0
22464,"15, Cidade de Deus, Rio de Janeiro - RJ, Brasil",Sudeste,Rio de Janeiro,Rio de Janeiro,CIDADE DE DEUS,,CIDADE DE DEUS,-22.9481688000,-43.3626721000,"09/12/2018, 20:42:00",false,false,,Não identificado,,,false,0,0,0,0,0,0,0,0,0,0,0,0,0,0
22470,"Morro da Primavera, Cavalcanti",Sudeste,Rio de Janeiro,Rio de Janeiro,CAVALCANTI,,MORRO DA PRIMAVERA,-22.8671869000,-43.3179839000,"09/12/2018, 23:37:00",true,true,N�o identificado,Ação policial,,,false,0,0,0,0,0,0,0,0,0,0,0,0,0,0
22475,"Morro da Primavera - Cavalcanti, Rio de Janeiro - RJ, Brasil",Sudeste,Rio de Janeiro,Rio de Janeiro,CAVALCANTI,,MORRO DA PRIMAVERA,-22.8682940000,-43.3210880000,"10/12/2018, 00:30:00",true,true,N�o identificado,Ação policial,,,false,0,0,0,0,0,0,0,0,0,0,0,0,0,0
22473,"R. Gurupi - Grajau, Rio de Janeiro - RJ, 20561-100, Brasil",Sudeste,Rio de Janeiro,Rio de Janeiro,GRAJAU,,,-22.9219067000,-43.2605104000,"10/12/2018, 02:16:00",false,false,,Não identificado,,,false,0,0,0,0,0,0,0,0,0,0,0,0,0,0
22474,"Jacarezinho, Rio de Janeiro - RJ, 20973-300, Brasil",Sudeste,Rio de Janeiro,Rio de Janeiro,JACAREZINHO,,JACAREZINHO,-22.8875573000,-43.2581953000,"10/12/2018, 03:45:00",true,true,N�o identificado,Operação policial,,,false,0,0,0,0,0,0,0,0,0,0,0,0,0,0
22477,"Merendiba - Vila Cruzeiro - Penha, Rio de Janeiro - RJ, 21070-730, Brasil",Sudeste,Rio de Janeiro,Rio de Janeiro,OLARIA,,MORRO DA MERENDIBA (COMPLEXO DA PENHA),-22.8472420000,-43.2754330000,"10/12/2018, 07:30:00",false,false,,Não identificado,,,false,0,0,0,0,0,0,0,0,0,0,0,0,0,0
22481,"Merendiba - Vila Cruzeiro - Penha, Rio de Janeiro - RJ, 21070-730, Brasil",Sudeste,Rio de Janeiro,Rio de Janeiro,OLARIA,,MORRO DA MERENDIBA (COMPLEXO DA PENHA),-22.8474530000,-43.2754700000,"10/12/2018, 08:30:00",false,false,,Não identificado,,,false,0,0,0,0,0,0,0,0,0,0,0,0,0,0
22483,"R. Sá Viana, 251 - Grajau, Rio de Janeiro - RJ, 20540-260, Brasil",Sudeste,Rio de Janeiro,Rio de Janeiro,GRAJAU,,FAVELA PARQUE JOAO PAULO II (OU SA VIANA),-22.9291252000,-43.2612882000,"10/12/2018, 10:00:00",true,true,UPP (Andara�),Operação policial,,,false,0,1,0,0,0,0,0,0,0,0,0,0,0,0
22484,"Morro do Amor - Lins de Vasconcelos, Rio de Janeiro - RJ, 20710-310, Brasil",Sudeste,Rio de Janeiro,Rio de Janeiro,LINS DE VASCONCELOS,,MORRO DO AMOR (COMPLEXO DO LINS),-22.9127311000,-43.2777181000,"10/12/2018, 10:00:00",true,true,UPP (Lins),Operação policial,,,false,0,0,0,0,0,0,0,0,0,0,0,0,0,0
22482,"Alvorada - Complexo do Alemão, Rio de Janeiro - RJ, Brasil",Sudeste,Rio de Janeiro,Rio de Janeiro,COMPLEXO DO ALEMAO,,ALVORADA (COMPLEXO DO ALEMAO),-22.8628410000,-43.2791586000,"10/12/2018, 11:26:00",false,false,,Não identificado,,,false,0,0,0,0,0,0,0,0,0,0,0,0,0,0
22495,"Largo da Preguiça,  Curicica, Rio de Janeiro - RJ, 22710-190, Brasil",Sudeste,Rio de Janeiro,Rio de Janeiro,CURICICA,,,-22.9420223000,-43.3841393000,"10/12/2018, 19:53:00",false,false,,Não identificado,,,false,0,0,0,0,0,0,0,0,0,0,0,0,0,0
22503,"Realengo, Rio de Janeiro - RJ, Brasil",Sudeste,Rio de Janeiro,Rio de Janeiro,REALENGO,,,-22.8763107000,-43.4302937000,"10/12/2018, 20:56:00",false,false,,Não identificado,,,false,0,0,0,0,0,0,0,0,0,0,0,0,0,0
22507,"R. Zâmbia, Vila Kennedy, Bangu, Rio de Janeiro - RJ, 21850-510, Brasil",Sudeste,Rio de Janeiro,Rio de Janeiro,VILA KENNEDY,,VILA KENNEDY,-22.8583771000,-43.4893408000,"10/12/2018, 20:56:00",false,false,,Não identificado,,,false,0,0,0,0,0,0,0,0,0,0,0,0,0,0
22505,"Ladeira dos Tabajaras - Copacabana, Rio de Janeiro - RJ, 22031-072, Brasil",Sudeste,Rio de Janeiro,Rio de Janeiro,COPACABANA,,LADEIRA DOS TABAJARAS,-22.9645712000,-43.1897517000,"10/12/2018, 22:07:00",false,false,,Não identificado,,,false,0,0,0,0,0,0,0,0,0,0,0,0,0,0
22508,"Boogie Woogie, Pitangueiras, Ilha do Governador, Rio de Janeiro - RJ, 21932-160, Brasil",Sudeste,Rio de Janeiro,Rio de Janeiro,PITANGUEIRAS,,MORRO DO BOOGIE WOOGIE,-22.8172484000,-43.1834131000,"11/12/2018, 02:57:00",true,true,N�o identificado,Operação policial,,,false,0,0,0,0,0,0,0,0,0,0,0,0,0,0
22506,"Morro do Dendê, Jardim Carioca, Ilha do Governador, Rio de Janeiro - RJ, 21921-325, Brasil",Sudeste,Rio de Janeiro,Rio de Janeiro,JARDIM CARIOCA,,MORRO DO DENDE,-22.8016667000,-43.1902778000,"11/12/2018, 03:10:00",true,true,N�o identificado,Operação policial,,,false,0,0,0,0,0,0,0,0,0,0,0,0,0,0
22520,"Acari, Rio de Janeiro - RJ, Brasil",Sudeste,Rio de Janeiro,Rio de Janeiro,ACARI,,,-22.8255312000,-43.3444600000,"11/12/2018, 08:00:00",true,true,N�o identificado,Operação policial,,,false,2,0,0,0,0,0,0,0,0,0,0,0,0,0
22527,"Av. Ayrton Senna - Barra da Tijuca, Rio de Janeiro - RJ, 22775-002, Brasil",Sudeste,Rio de Janeiro,Rio de Janeiro,BARRA DA TIJUCA,,,-22.9937750000,-43.3665000000,"11/12/2018, 13:00:00",true,true,N�o identificado,Ação policial,,Perseguição,false,0,0,0,0,0,0,0,0,0,0,0,0,0,0
22524,"Morro da Fé  - Penha Circular, Rio de Janeiro - RJ, 21210-360, Brasil",Sudeste,Rio de Janeiro,Rio de Janeiro,PENHA CIRCULAR,,MORRO DA FE (COMPLEXO DA PENHA),-22.8466659000,-43.2967788000,"11/12/2018, 14:30:00",false,false,,Não identificado,,,false,0,0,0,0,0,0,0,0,0,0,0,0,0,0
22528,"Estr. Cel. Vieira - Irajá, Rio de Janeiro - RJ, Brasil",Sudeste,Rio de Janeiro,Rio de Janeiro,IRAJA,,FAVELA RIO D'OURO,-22.8474390000,-43.3199852000,"11/12/2018, 16:24:00",false,false,,Não identificado,,,false,0,0,0,0,0,0,0,0,0,0,0,0,0,0
22534,"Cidade de Deus, Rio de Janeiro - RJ, Brasil",Sudeste,Rio de Janeiro,Rio de Janeiro,CIDADE DE DEUS,,CIDADE DE DEUS,-22.9481688000,-43.3626721000,"11/12/2018, 17:17:00",false,false,,Não identificado,,,false,0,0,0,0,0,0,0,0,0,0,0,0,0,0
22532,"Estr. do Quitungo - Bráz De Pina, Rio de Janeiro - RJ, 21215-562, Brasil",Sudeste,Rio de Janeiro,Rio de Janeiro,BRAS DE PINA,,QUITUNGO-GUAPORE,-22.8319059000,-43.3022090000,"11/12/2018, 17:36:00",false,false,,Não identificado,,,false,0,0,0,0,0,0,0,0,0,0,0,0,0,0
22537,"Bonsucesso, Rio de Janeiro - RJ, Brasil",Sudeste,Rio de Janeiro,Rio de Janeiro,BONSUCESSO,,,-22.8626395000,-43.2539991000,"11/12/2018, 19:06:00",false,false,,Não identificado,,,false,0,0,0,0,0,0,0,0,0,0,0,0,0,0
22538,"R. Gonçalves Crespo - Tijuca, Rio de Janeiro - RJ, 20270-320, Brasil",Sudeste,Rio de Janeiro,Rio de Janeiro,TIJUCA,,,-22.9160826000,-43.2176776000,"11/12/2018, 19:40:00",true,true,N�o identificado,Tentativa/Roubo,,,false,0,2,0,0,0,0,0,0,0,0,0,0,0,0
22541,"Av. Brasil - Bonsucesso, Rio de Janeiro - RJ, Brasil",Sudeste,Rio de Janeiro,Rio de Janeiro,BONSUCESSO,,,-22.8639186000,-43.2476439000,"11/12/2018, 20:57:00",false,false,,Não identificado,,,false,0,0,0,0,0,0,0,0,0,0,0,0,0,0
22542,"Boogie Woogie, Pitangueiras, Rio de Janeiro - RJ, 21932-160, Brasil",Sudeste,Rio de Janeiro,Rio de Janeiro,PITANGUEIRAS,,MORRO DO BOOGIE WOOGIE,-22.8172484000,-43.1834131000,"11/12/2018, 21:14:00",false,false,,Não identificado,,,false,0,0,0,0,0,0,0,0,0,0,0,0,0,0
22544,"Favela da Coréia,  Senador Camará, Rio de Janeiro - RJ, 21842-590, Brasil",Sudeste,Rio de Janeiro,Rio de Janeiro,SENADOR CAMARA,,FAVELA DA COREIA (COMPLEXO DA COREIA DE SENADOR CAMARA),-22.8725099000,-43.5009190000,"11/12/2018, 21:32:00",false,false,,Não identificado,,,false,0,0,0,0,0,0,0,0,0,0,0,0,0,0
22546,"R. Praia do Parque Royal - Portuguesa, Rio de Janeiro - RJ, Brasil",Sudeste,Rio de Janeiro,Rio de Janeiro,PORTUGUESA,,PARQUE ROYAL,-22.7946849000,-43.2086681000,"11/12/2018, 23:20:00",false,false,,Não identificado,,,false,0,0,0,0,0,0,0,0,0,0,0,0,0,0
22560,"Morro São João, Engenho Novo, Rio de Janeiro - RJ, 20715-040, Brasil",Sudeste,Rio de Janeiro,Rio de Janeiro,ENGENHO NOVO,,MORRO SAO JOAO,-22.9112839000,-43.2666753000,"11/12/2018, 23:30:00",true,true,N�o identificado,Ação policial,,Perseguição,false,0,0,0,0,0,0,0,0,0,0,0,0,0,0
22548,Morro do Salgueiro - Tijuca,Sudeste,Rio de Janeiro,Rio de Janeiro,TIJUCA,,MORRO DO SALGUEIRO,-22.9306099000,-43.2260990000,"12/12/2018, 04:00:00",false,false,,Não identificado,,,false,0,0,0,0,0,0,0,0,0,0,0,0,0,0
22586,"Morro da Serrinha, Madureira, Rio de Janeiro - RJ, Brasil",Sudeste,Rio de Janeiro,Rio de Janeiro,MADUREIRA,,MORRO DA SERRINHA (COMPLEXO DA SERRINHA),-22.8618574000,-43.3235007000,"12/12/2018, 04:00:00",true,true,N�o identificado,Ação policial,,,false,0,0,0,0,0,0,0,0,0,0,0,0,0,0
22550,"Morro Dona Marta - Botafogo, Rio de Janeiro - RJ, 22260-140, Brasil",Sudeste,Rio de Janeiro,Rio de Janeiro,BOTAFOGO,,SANTA MARTA,-22.9477552000,-43.1941034000,"12/12/2018, 04:46:00",true,true,N�o identificado,Ação policial,,,false,0,0,0,1,0,0,0,0,0,0,0,0,0,0
22555,"Morro do Juramento - Vicente de Carvalho, Rio de Janeiro - RJ, Brasil",Sudeste,Rio de Janeiro,Rio de Janeiro,VICENTE DE CARVALHO,,MORRO DO JURAMENTO (COMPLEXO DO JURAMENTO),-22.8600128000,-43.3159810000,"12/12/2018, 06:09:00",true,true,N�o identificado,Operação policial,,,false,0,0,0,0,0,0,0,0,0,0,0,0,0,0
22559,"Morro Dona Marta - Botafogo, Rio de Janeiro - RJ, 22260-140, Brasil",Sudeste,Rio de Janeiro,Rio de Janeiro,BOTAFOGO,,SANTA MARTA,-22.9478344000,-43.1940703000,"12/12/2018, 06:19:00",true,true,N�o identificado,Ação policial,,,false,0,0,0,0,0,0,0,0,0,0,0,0,0,0
22561,"Sapo, Senador Camará, Rio de Janeiro - RJ, Brasil",Sudeste,Rio de Janeiro,Rio de Janeiro,SENADOR CAMARA,,FAVELA DO SAPO DE CAMARA (COMPLEXO DO SAPO DE CAMARA),-22.8864743000,-43.4864356000,"12/12/2018, 08:12:00",false,false,,Não identificado,,,false,0,0,0,0,0,0,0,0,0,0,0,0,0,0
22563,"Jardim Novo - Realengo, Rio de Janeiro - RJ, 21760-000, Brasil",Sudeste,Rio de Janeiro,Rio de Janeiro,REALENGO,,,-22.8915772000,-43.4186007000,"12/12/2018, 11:38:00",false,false,,Não identificado,,,false,0,0,0,0,0,0,0,0,0,0,0,0,0,0
22565,"Jardim Novo - Realengo, Rio de Janeiro - RJ, 21745-630, Brasil",Sudeste,Rio de Janeiro,Rio de Janeiro,REALENGO,,,-22.8920369000,-43.4190270000,"12/12/2018, 12:40:00",false,false,,Não identificado,,,false,0,0,0,0,0,0,0,0,0,0,0,0,0,0
22566,"R. Prof. Henrique Costa - Pechincha, Rio de Janeiro - RJ, 22770-233, Brasil",Sudeste,Rio de Janeiro,Rio de Janeiro,PECHINCHA,,,-22.9282667000,-43.3598704000,"12/12/2018, 12:40:00",false,false,,Homicidio/Tentativa,,,false,0,1,0,0,0,0,0,0,0,0,0,0,0,0
22568,"Cavalo de Aço, Senador Camará, Rio de Janeiro - RJ, 21832-227, Brasil",Sudeste,Rio de Janeiro,Rio de Janeiro,SENADOR CAMARA,,COMUNIDADE CAVALO DE ACO,-22.8911969000,-43.4897310000,"12/12/2018, 18:49:00",false,false,,Não identificado,,,false,0,0,0,0,0,0,0,0,0,0,0,0,0,0
22581,"R. Turiaçu, Madureira, Rio de Janeiro - RJ, 21540-050, Brasil",Sudeste,Rio de Janeiro,Rio de Janeiro,TURIACU,,,-22.8627850000,-43.3439810000,"12/12/2018, 19:00:00",false,false,,Homicidio/Tentativa,,,false,0,1,0,0,0,0,0,0,0,0,0,0,0,0
22573,"Guadalupe, Rio de Janeiro - RJ, Brasil",Sudeste,Rio de Janeiro,Rio de Janeiro,GUADALUPE,,,-22.8401095000,-43.3780741000,"12/12/2018, 19:27:00",false,false,,Não identificado,,,false,0,0,0,0,0,0,0,0,0,0,0,0,0,0
22572,"R. Getúlio - Cachambi, Rio de Janeiro - RJ, Brasil",Sudeste,Rio de Janeiro,Rio de Janeiro,CACHAMBI,,,-22.8930940000,-43.2788958000,"12/12/2018, 19:34:00",false,false,,Não identificado,,,false,0,0,0,0,0,0,0,0,0,0,0,0,0,0
22576,"Abolição, Rio de Janeiro - RJ, Brasil",Sudeste,Rio de Janeiro,Rio de Janeiro,ABOLICAO,,,-22.8880020000,-43.2992789000,"12/12/2018, 20:41:00",false,false,,Não identificado,,,false,0,0,0,0,0,0,0,0,0,0,0,0,0,0
22578,"Estrada Macembu - Taquara, Rio de Janeiro - RJ, 22725-000, Brasil",Sudeste,Rio de Janeiro,Rio de Janeiro,TAQUARA,,,-22.9258511000,-43.3792180000,"12/12/2018, 21:44:00",false,false,,Não identificado,,,false,0,0,0,0,0,0,0,0,0,0,0,0,0,0
22579,"Bateau Mouche (Batô), Praça Seca, Rio de Janeiro - RJ, 22733-120, Brasil",Sudeste,Rio de Janeiro,Rio de Janeiro,PRACA SECA,,FAVELA BATEAU MOUCHE,-22.9048084000,-43.3550791000,"13/12/2018, 03:22:00",true,true,"BOPE, BPChq",Operação policial,,,false,1,4,0,0,0,0,0,0,0,0,0,0,0,0
22580,"Taquara, Rio de Janeiro - RJ, Brasil",Sudeste,Rio de Janeiro,Rio de Janeiro,TAQUARA,,,-22.9230494000,-43.3739788000,"13/12/2018, 03:46:00",true,true,N�o identificado,Ação policial,,,false,0,0,0,0,0,0,0,0,0,0,0,0,0,0
22582,"R. Camarista Méier - Engenho de Dentro, Rio de Janeiro - RJ, Brasil",Sudeste,Rio de Janeiro,Rio de Janeiro,ENGENHO DE DENTRO,,COMPLEXO DO LINS,-22.9090719000,-43.2965639000,"13/12/2018, 05:03:00",false,false,,Não identificado,,,false,0,0,0,0,0,0,0,0,0,0,0,0,0,0
22593,"Túnel santa bárbara, Catumbi, Rio de Janeiro - RJ, Brasil",Sudeste,Rio de Janeiro,Rio de Janeiro,CATUMBI,,,-22.9256072000,-43.1899768000,"13/12/2018, 08:00:00",true,true,N�o identificado,Ação policial,,Perseguição,false,0,1,0,0,0,0,0,0,0,0,0,0,0,0
22587,"Vila Aliança, Bangu, Rio de Janeiro - RJ, 21842-360, Brasil",Sudeste,Rio de Janeiro,Rio de Janeiro,BANGU,,VILA ALIANCA,-22.8681460000,-43.4797490000,"13/12/2018, 08:26:00",false,false,,Não identificado,,,false,0,0,0,0,0,0,0,0,0,0,0,0,0,0
22590,"R. Guaiba - Bráz De Pina, Rio de Janeiro - RJ, Brasil",Sudeste,Rio de Janeiro,Rio de Janeiro,BRAS DE PINA,,QUITUNGO-GUAPORE,-22.8363611000,-43.2946259000,"13/12/2018, 10:55:00",false,false,,Não identificado,,,false,0,0,0,0,0,0,0,0,0,0,0,0,0,0
22592,"Morro do Sereno - Penha Circular, Rio de Janeiro - RJ, 21210-154, Brasil",Sudeste,Rio de Janeiro,Rio de Janeiro,PENHA CIRCULAR,,MORRO DO SERENO (COMPLEXO DA PENHA),-22.8436111000,-43.2936111000,"13/12/2018, 11:41:00",false,false,,Não identificado,,,false,0,0,0,0,0,0,0,0,0,0,0,0,0,0
22595,"Bateau Mouche (Batô), Praça Seca, Rio de Janeiro - RJ, 22733-120, Brasil",Sudeste,Rio de Janeiro,Rio de Janeiro,PRACA SECA,,FAVELA BATEAU MOUCHE,-22.9048084000,-43.3550791000,"13/12/2018, 16:33:00",false,false,,Não identificado,,,false,0,0,0,0,0,0,0,0,0,0,0,0,0,0
22596,"Metral, Vila Kennedy, Rio de Janeiro - RJ, 21850-020, Brasil",Sudeste,Rio de Janeiro,Rio de Janeiro,VILA KENNEDY,,VILA KENNEDY,-22.8604006000,-43.4884116000,"13/12/2018, 17:00:00",false,false,,Não identificado,,,false,0,0,0,0,0,0,0,0,0,0,0,0,0,0
22597,"Divisa, Complexo da Maré, Rio de Janeiro - RJ, Brasil",Sudeste,Rio de Janeiro,Rio de Janeiro,MARE,,BAIXA DO SAPATEIRO (COMPLEXO DA MARE),-22.8574971000,-43.2430137000,"13/12/2018, 17:11:00",false,false,,Não identificado,,,false,0,0,0,0,0,0,0,0,0,0,0,0,0,0
22599,"Bateau Mouche, Praça Seca, Rio de Janeiro - RJ, 22733-120, Brasil",Sudeste,Rio de Janeiro,Rio de Janeiro,PRACA SECA,,FAVELA BATEAU MOUCHE,-22.9048084000,-43.3550791000,"13/12/2018, 18:59:00",true,true,PM,Operação policial,,,false,0,1,0,0,0,0,0,0,0,0,0,0,0,0
22601,"Cidade Alta,  Cordovil, Rio de Janeiro - RJ, 21010-150, Brasil",Sudeste,Rio de Janeiro,Rio de Janeiro,CORDOVIL,,CIDADE ALTA (COMPLEXO DE ISRAEL),-22.8197204000,-43.2956836000,"13/12/2018, 20:01:00",false,false,,Não identificado,,,false,0,0,0,0,0,0,0,0,0,0,0,0,0,0
22602,"Vila Aliança, Bangu, Rio de Janeiro - RJ, 21842-740, Brasil",Sudeste,Rio de Janeiro,Rio de Janeiro,BANGU,,VILA ALIANCA,-22.8648423000,-43.4771013000,"13/12/2018, 20:18:00",false,false,,Não identificado,,,false,0,0,0,0,0,0,0,0,0,0,0,0,0,0
22603,"Morro da Patolinha,  Madureira, Rio de Janeiro - RJ, 21370-030, Brasil",Sudeste,Rio de Janeiro,Rio de Janeiro,MADUREIRA,,MORRO DA PATOLINHA (COMPLEXO DA SERRINHA),-22.8736901000,-43.3322156000,"13/12/2018, 20:47:00",false,false,,Não identificado,,,false,0,0,0,0,0,0,0,0,0,0,0,0,0,0
22604,"Praça Barão de Guajará, Lins de Vasconcelos, Rio de Janeiro - RJ, 20710-160, Brasil",Sudeste,Rio de Janeiro,Rio de Janeiro,LINS DE VASCONCELOS,,BARREIRA DO LINS,-22.9054553000,-43.2732354000,"14/12/2018, 00:50:00",false,false,,Tentativa/Roubo,,,false,1,0,0,0,0,0,0,0,0,0,0,0,0,0
22607,"Av. Paulo de Frontin, Rio Comprido, Rio de Janeiro - RJ, 20261-040, Brasil",Sudeste,Rio de Janeiro,Rio de Janeiro,RIO COMPRIDO,,,-22.9241285000,-43.2098329000,"14/12/2018, 03:30:00",false,false,,Arrastão,,,false,0,1,0,0,0,0,0,0,0,0,0,0,0,0
22605,"Morro do Urubu - Pilares, Rio de Janeiro - RJ, 20750-150, Brasil",Sudeste,Rio de Janeiro,Rio de Janeiro,PILARES,,MORRO DO URUBU (COMPLEXO DO URUBU),-22.8763889000,-43.3033333000,"14/12/2018, 04:19:00",false,false,,Não identificado,,,false,0,0,0,0,0,0,0,0,0,0,0,0,0,0
22606,"Fallet/Fogueteiro, Santa Teresa, Rio de Janeiro - RJ, 20241-360, Brasil",Sudeste,Rio de Janeiro,Rio de Janeiro,SANTA TERESA,,FALLET/FOGUETEIRO,-22.9273536000,-43.1956935000,"14/12/2018, 04:28:00",true,true,PM,Operação policial,,,false,0,1,0,0,0,0,0,0,0,0,0,0,0,0
22613,"Acari, Rio de Janeiro - RJ, Brasil",Sudeste,Rio de Janeiro,Rio de Janeiro,ACARI,,,-22.8255312000,-43.3444600000,"14/12/2018, 05:52:00",true,true,PM,Operação policial,,,false,0,1,0,0,0,0,0,0,0,0,0,0,0,0
22611,"Morro da Coroa, Catumbi, Rio de Janeiro - RJ, Brasil",Sudeste,Rio de Janeiro,Rio de Janeiro,CATUMBI,,MORRO DA COROA,-22.9234424000,-43.1952802000,"14/12/2018, 06:44:00",false,false,,Não identificado,,,false,0,0,0,0,0,0,0,0,0,0,0,0,0,0
22615,"Rua Boaçú - Ricardo de Albuquerque, Rio de Janeiro - RJ, 21620-130, Brasil",Sudeste,Rio de Janeiro,Rio de Janeiro,RICARDO DE ALBUQUERQUE,,,-22.8452403000,-43.4053595000,"14/12/2018, 09:20:00",false,false,,Não identificado,,,false,0,0,0,0,0,0,0,0,0,0,0,0,0,0
22617,"Estr. dos Teixeiras - Taquara, Rio de Janeiro - RJ, Brasil",Sudeste,Rio de Janeiro,Rio de Janeiro,TAQUARA,,TEIXEIRAS,-22.9133843000,-43.4156717000,"14/12/2018, 10:22:00",false,false,,Não identificado,,,false,0,0,0,0,0,0,0,0,0,0,0,0,0,0
22623,"Cidade Alta - Cordovil, Rio de Janeiro - RJ, 21010-150, Brasil",Sudeste,Rio de Janeiro,Rio de Janeiro,CORDOVIL,,CIDADE ALTA (COMPLEXO DE ISRAEL),-22.8197204000,-43.2956836000,"14/12/2018, 11:00:00",false,false,,Não identificado,,,false,0,0,0,0,0,0,0,0,0,0,0,0,0,0
22619,"Estr. da Olaria Velha - Santíssimo, Rio de Janeiro - RJ, 23010-110, Brasil",Sudeste,Rio de Janeiro,Rio de Janeiro,SENADOR CAMARA,,REBU (COMPLEXO DO REBU DE SENADOR CAMARA),-22.8780345000,-43.5007300000,"14/12/2018, 12:11:00",false,false,,Não identificado,,,false,0,0,0,0,0,0,0,0,0,0,0,0,0,0
22620,"Cachoeira Grande - Complexo do Lins - Lins de Vasconcelos, Rio de Janeiro - RJ, 20725-220, Brasil",Sudeste,Rio de Janeiro,Rio de Janeiro,LINS DE VASCONCELOS,,MORRO DA CACHOEIRA GRANDE (COMPLEXO DO LINS),-22.9129638000,-43.2847816000,"14/12/2018, 12:24:00",false,false,,Não identificado,,,false,0,0,0,0,0,0,0,0,0,0,0,0,0,0
22625,"Morro do Banco - Itanhangá, Rio de Janeiro - RJ, 22641-190, Brasil",Sudeste,Rio de Janeiro,Rio de Janeiro,ITANHANGA,,MORRO DO BANCO,-22.9875520000,-43.2949280000,"14/12/2018, 12:26:00",true,true,PM,Operação policial,,,false,0,1,0,0,0,0,0,0,0,0,0,0,0,0
22624,"Morro dos Macacos - Vila Isabel, Rio de Janeiro - RJ, 20551-630, Brasil",Sudeste,Rio de Janeiro,Rio de Janeiro,VILA ISABEL,,MORRO DOS MACACOS,-22.9130119000,-43.2534860000,"14/12/2018, 12:34:00",true,true,UPP (Macacos),Operação policial,,,false,0,0,0,0,0,0,0,0,0,0,0,0,0,0
22621,"Cavalo de Aço,  Santíssimo, Rio de Janeiro - RJ, 23010-295, Brasil",Sudeste,Rio de Janeiro,Rio de Janeiro,SANTISSIMO,,COMUNIDADE CAVALO DE ACO,-22.8830579000,-43.5093320000,"14/12/2018, 13:09:00",true,true,FFAA,Ação policial,,,false,0,0,0,0,0,0,0,0,0,0,0,0,0,0
22670,"Senador Camará, Rio de Janeiro - RJ, Brasil",Sudeste,Rio de Janeiro,Rio de Janeiro,SENADOR CAMARA,,,-22.8968333000,-43.4877927000,"14/12/2018, 13:21:00",false,false,,Não identificado,,,false,0,0,0,0,0,0,0,0,0,0,0,0,0,0
22629,"Bonsucesso, Rio de Janeiro - RJ, Brasil",Sudeste,Rio de Janeiro,Rio de Janeiro,BONSUCESSO,,,-22.8626395000,-43.2539991000,"14/12/2018, 19:48:00",false,false,,Não identificado,,,false,0,0,0,0,0,0,0,0,0,0,0,0,0,0
22630,"Estr. dos Teixeiras - Jacarepagua, Rio de Janeiro - RJ, Brasil",Sudeste,Rio de Janeiro,Rio de Janeiro,TAQUARA,,TEIXEIRAS,-22.9102923000,-43.4180603000,"14/12/2018, 21:42:00",false,false,,Não identificado,,,false,0,0,0,0,0,0,0,0,0,0,0,0,0,0
22634,"Maria da Graça, Rio de Janeiro - RJ, Brasil",Sudeste,Rio de Janeiro,Rio de Janeiro,MARIA DA GRACA,,,-22.8853427000,-43.2653950000,"14/12/2018, 21:59:00",false,false,,Não identificado,,,false,0,0,0,0,0,0,0,0,0,0,0,0,0,0
22636,"Vila Aliança  - Bangu, Rio de Janeiro - RJ, 21842-740, Brasil",Sudeste,Rio de Janeiro,Rio de Janeiro,BANGU,,VILA ALIANCA,-22.8648423000,-43.4771013000,"15/12/2018, 00:19:00",false,false,,Não identificado,,,false,0,0,0,0,0,0,0,0,0,0,0,0,0,0
22637,"Av. Amaro Cavalcanti - Meier, Rio de Janeiro - RJ, 20735-040, Brasil",Sudeste,Rio de Janeiro,Rio de Janeiro,MEIER,,,-22.9008404000,-43.2794021000,"15/12/2018, 02:50:00",false,false,,Não identificado,,,false,0,0,0,0,0,0,0,0,0,0,0,0,0,0
22639,"Ladeira Santa Maria - Taquara, Rio de Janeiro - RJ, 22723-175, Brasil",Sudeste,Rio de Janeiro,Rio de Janeiro,TAQUARA,,COMUNIDADE SANTA MARIA,-22.9151971000,-43.4210123000,"15/12/2018, 03:00:00",false,true,,Briga,,,false,1,0,0,0,0,0,0,0,0,0,0,0,0,0
22652,"Morro da Conceição - Saúde, Rio de Janeiro - RJ, 20081-140, Brasil",Sudeste,Rio de Janeiro,Rio de Janeiro,SAUDE,,MORRO DA CONCEICAO,-22.8981700000,-43.1843800000,"15/12/2018, 03:00:00",false,false,,Não identificado,,,false,0,0,0,0,0,0,0,0,0,0,0,0,0,0
22638,"Boogie Woogie Pitangueiras - Pitangueiras , Rio de Janeiro - RJ, 21932-160, Brasil",Sudeste,Rio de Janeiro,Rio de Janeiro,PITANGUEIRAS,,MORRO DO BOOGIE WOOGIE,-22.8172642000,-43.1834657000,"15/12/2018, 03:30:00",false,false,,Não identificado,,,false,0,0,0,0,0,0,0,0,0,0,0,0,0,0
22643,"Engenho da Rainha, Rio de Janeiro - RJ, 20765-630, Brasil",Sudeste,Rio de Janeiro,Rio de Janeiro,ENGENHO DA RAINHA,,,-22.8678684000,-43.2974984000,"15/12/2018, 04:35:00",false,false,,Não identificado,,,false,0,0,0,0,0,0,0,0,0,0,0,0,0,0
22642,"Alvorada - Complexo do Alemão, Rio de Janeiro - RJ, 21061-180, Brasil",Sudeste,Rio de Janeiro,Rio de Janeiro,COMPLEXO DO ALEMAO,,ALVORADA (COMPLEXO DO ALEMAO),-22.8613970000,-43.2739730000,"15/12/2018, 05:45:00",false,false,,Não identificado,,,false,0,0,0,0,0,0,0,0,0,0,0,0,0,0
22650,"Favela do Muquiço - Guadalupe, Rio de Janeiro - RJ, 21670-040, Brasil",Sudeste,Rio de Janeiro,Rio de Janeiro,GUADALUPE,,FAVELA DO MUQUICO,-22.8501368000,-43.3798039000,"15/12/2018, 06:13:00",false,false,,Não identificado,,,false,0,0,0,0,0,0,0,0,0,0,0,0,0,0
22651,"Morro do Juramento - Vicente de Carvalho, Rio de Janeiro - RJ, Brasil",Sudeste,Rio de Janeiro,Rio de Janeiro,VICENTE DE CARVALHO,,MORRO DO JURAMENTO (COMPLEXO DO JURAMENTO),-22.8627778000,-43.3152778000,"15/12/2018, 06:46:00",false,false,,Não identificado,,,false,0,0,0,0,0,0,0,0,0,0,0,0,0,0
22657,"Rua Jansen de Melo - São Cristóvão, Rio de Janeiro - RJ, Brasil",Sudeste,Rio de Janeiro,Rio de Janeiro,SAO CRISTOVAO,,,-22.8967655000,-43.2317590000,"15/12/2018, 08:00:00",true,true,UPP (Barreira do Vasco),Ação policial,,,false,0,0,0,0,0,0,0,0,0,0,0,0,0,0
22653,"Pavão-Pavãozinho - Copacabana, Rio de Janeiro - RJ, 22071-060, Brasil",Sudeste,Rio de Janeiro,Rio de Janeiro,COPACABANA,,MORRO DO PAVAO-PAVAOZINHO,-22.9806365000,-43.1950302000,"15/12/2018, 08:46:00",false,false,,Não identificado,,,false,0,0,0,0,0,0,0,0,0,0,0,0,0,0
22656,"Vila Vintém - Padre Miguel, Rio de Janeiro - RJ, 21721-022, Brasil",Sudeste,Rio de Janeiro,Rio de Janeiro,PADRE MIGUEL,,VILA VINTEM,-22.8709633000,-43.4426703000,"15/12/2018, 13:02:00",false,false,,Não identificado,,,false,0,0,0,0,0,0,0,0,0,0,0,0,0,0
22658,"Bateau Mouche (Batô), Praça Seca, Rio de Janeiro - RJ, 22733-120, Brasil",Sudeste,Rio de Janeiro,Rio de Janeiro,PRACA SECA,,FAVELA BATEAU MOUCHE,-22.9048084000,-43.3550791000,"15/12/2018, 15:25:00",false,false,,Não identificado,,,false,0,0,0,0,0,0,0,0,0,0,0,0,0,0
22659,"Parque União, Complexo da Maré, Rio de Janeiro - RJ, 21044-420, Brasil",Sudeste,Rio de Janeiro,Rio de Janeiro,MARE,,PARQUE UNIAO (COMPLEXO DA MARE),-22.8505933000,-43.2428936000,"15/12/2018, 16:09:00",false,false,,Não identificado,,,false,0,0,0,0,0,0,0,0,0,0,0,0,0,0
22664,"Anchieta, Rio de Janeiro - RJ, 21645-010, Brasil",Sudeste,Rio de Janeiro,Rio de Janeiro,ANCHIETA,,,-22.8253697000,-43.4017252000,"15/12/2018, 18:40:00",false,false,,Não identificado,,,false,0,0,0,0,0,0,0,0,0,0,0,0,0,0
22666,"Rio Comprido, Rio de Janeiro - RJ, Brasil",Sudeste,Rio de Janeiro,Rio de Janeiro,RIO COMPRIDO,,,-22.9252336000,-43.2053404000,"15/12/2018, 20:05:00",false,false,,Não identificado,,,false,0,0,0,0,0,0,0,0,0,0,0,0,0,0
22667,"Manilha, Vila Kennedy - Rio de Janeiro - RJ, 21850-007, Brasil",Sudeste,Rio de Janeiro,Rio de Janeiro,VILA KENNEDY,,VILA KENNEDY,-22.8604006000,-43.4884116000,"15/12/2018, 23:09:00",false,false,,Não identificado,,,false,0,0,0,0,0,0,0,0,0,0,0,0,0,0
22672,"Complexo do Chapadão, Anchieta, Rio de Janeiro - RJ, 21655-172, Brasil",Sudeste,Rio de Janeiro,Rio de Janeiro,ANCHIETA,,COMPLEXO DO CHAPADAO,-22.8251430000,-43.3864090000,"16/12/2018, 04:58:00",false,false,,Não identificado,,,false,0,0,0,0,0,0,0,0,0,0,0,0,0,0
22671,"Alvorada, Complexo do Alemão, Rio de Janeiro - RJ, Brasil",Sudeste,Rio de Janeiro,Rio de Janeiro,COMPLEXO DO ALEMAO,,ALVORADA (COMPLEXO DO ALEMAO),-22.8612593000,-43.2758573000,"16/12/2018, 05:26:00",false,false,,Não identificado,,,false,0,0,0,0,0,0,0,0,0,0,0,0,0,0
22681,"Teixeiras  e Santa Maria- Taquara, Rio de Janeiro - RJ, Brasil",Sudeste,Rio de Janeiro,Rio de Janeiro,TAQUARA,,TEIXEIRAS,-22.9133843000,-43.4156717000,"16/12/2018, 16:59:00",false,false,,Não identificado,,,false,0,0,0,0,0,0,0,0,0,0,0,0,0,0
22683,"Vila Vintém - Padre Miguel, Rio de Janeiro - RJ, 21721-022, Brasil",Sudeste,Rio de Janeiro,Rio de Janeiro,PADRE MIGUEL,,VILA VINTEM,-22.8705350000,-43.4426908000,"16/12/2018, 19:42:00",false,false,,Não identificado,,,false,0,0,0,0,0,0,0,0,0,0,0,0,0,0
22699,"Píer Lagoa Rodrigo de Freitas, Av. Rodrigo Otávio - Lagoa, Rio de Janeiro - RJ, 22470-001, Brasil",Sudeste,Rio de Janeiro,Rio de Janeiro,LAGOA,,,-22.9629706000,-43.2096315000,"16/12/2018, 23:30:00",false,false,,Tentativa/Roubo,,,false,1,0,0,0,0,0,0,0,0,0,0,0,1,0
22700,"Vila Cruzeiro, Compledo da Penha, Rio de Janeiro - RJ, 21070-370, Brasil",Sudeste,Rio de Janeiro,Rio de Janeiro,PENHA,,VILA CRUZEIRO (COMPLEXO DA PENHA),-22.8487256000,-43.2818674000,"17/12/2018, 06:44:00",false,false,,Não identificado,,,false,0,0,0,0,0,0,0,0,0,0,0,0,0,0
22710,"Mercado São Sebastião - Penha Circular, Rio de Janeiro - RJ, 21011-070, Brasil",Sudeste,Rio de Janeiro,Rio de Janeiro,PENHA CIRCULAR,,,-22.8188419000,-43.2795846000,"17/12/2018, 13:00:00",false,true,,Tentativa/Roubo,,,false,0,0,1,0,0,0,0,0,0,0,0,0,0,0
22718,"R. Nova do Amorim - Bento Ribeiro, Rio de Janeiro - RJ, Brasil",Sudeste,Rio de Janeiro,Rio de Janeiro,BENTO RIBEIRO,,,-22.8752834000,-43.3591368000,"17/12/2018, 14:50:00",false,false,,Homicidio/Tentativa,,,false,1,0,0,0,0,0,0,0,0,0,0,0,0,0
22711,"Estrada Intendente Magalhães - Vila Valqueire, Rio de Janeiro - RJ, Brasil",Sudeste,Rio de Janeiro,Rio de Janeiro,VILA VALQUEIRE,,,-22.8776739000,-43.3634806000,"17/12/2018, 15:00:00",true,true,N�o identificado,Homicidio/Tentativa,,Perseguição,false,0,0,0,0,0,0,0,0,0,0,0,0,0,0
22809,"Av. Padre Guilherme Decaminada - Santa Cruz, Rio de Janeiro - RJ, Brasil",Sudeste,Rio de Janeiro,Rio de Janeiro,SANTA CRUZ,,,-22.8985868000,-43.6788461000,"17/12/2018, 16:00:00",false,false,,Ataque a civis,,,false,0,1,0,0,0,0,0,0,0,0,0,0,0,0
22717,"Morro do Adeus, Complexo do Alemão, Rio de Janeiro - RJ, Brasil",Sudeste,Rio de Janeiro,Rio de Janeiro,COMPLEXO DO ALEMAO,,MORRO DO ADEUS (COMPLEXO DO ALEMAO),-22.8654866000,-43.2619815000,"17/12/2018, 18:09:00",false,false,,Não identificado,,,false,0,0,0,0,0,0,0,0,0,0,0,0,0,0
22720,"Rua Abelardo Chacrinha Barbosa - Tijuca, Rio de Janeiro - RJ, 20530-003, Brasil",Sudeste,Rio de Janeiro,Rio de Janeiro,TIJUCA,,,-22.9267710000,-43.2342888000,"17/12/2018, 19:25:00",false,false,,Não identificado,,,false,0,0,0,0,0,0,0,0,0,0,0,0,0,0
22721,"Morro da Fé, Complexo da Penha, Rio de Janeiro - RJ, 21211-480, Brasil",Sudeste,Rio de Janeiro,Rio de Janeiro,PENHA CIRCULAR,,MORRO DA FE (COMPLEXO DA PENHA),-22.8469239000,-43.2969005000,"17/12/2018, 19:26:00",false,false,,Não identificado,,,false,0,0,0,0,0,0,0,0,0,0,0,0,0,0
22724,"Cidade de Deus, Rio de Janeiro - RJ, Brasil",Sudeste,Rio de Janeiro,Rio de Janeiro,CIDADE DE DEUS,,CIDADE DE DEUS,-22.9481688000,-43.3626721000,"17/12/2018, 21:44:00",false,false,,Não identificado,,,false,0,0,0,0,0,0,0,0,0,0,0,0,0,0
22725,"APs - Cidade de Deus, Rio de Janeiro - RJ, Brasil",Sudeste,Rio de Janeiro,Rio de Janeiro,CIDADE DE DEUS,,CIDADE DE DEUS,-22.9487017000,-43.3688870000,"18/12/2018, 02:12:00",false,false,,Não identificado,,,false,0,0,0,0,0,0,0,0,0,0,0,0,0,0
22727,"R. Maia de Lacerda - Estácio, Rio de Janeiro - RJ, 20250-000, Brasil",Sudeste,Rio de Janeiro,Rio de Janeiro,ESTACIO,,,-22.9171030000,-43.2060102000,"18/12/2018, 04:10:00",true,true,PC,Ação policial,,,false,0,0,0,1,0,0,0,0,0,0,0,0,0,0
22729,"R. Canitar - Complexo do Alemão, Rio de Janeiro - RJ, Brasil",Sudeste,Rio de Janeiro,Rio de Janeiro,COMPLEXO DO ALEMAO,,MORRO DAS PALMEIRAS (COMPLEXO DO ALEMAO),-22.8603411000,-43.2812304000,"18/12/2018, 05:44:00",false,false,,Não identificado,,,false,0,0,0,0,0,0,0,0,0,0,0,0,0,0
22732,"Vila Aliança - Bangu, Rio de Janeiro - RJ, 21842-000, Brasil",Sudeste,Rio de Janeiro,Rio de Janeiro,BANGU,,VILA ALIANCA,-22.8677300000,-43.4796200000,"18/12/2018, 07:31:00",false,false,,Não identificado,,,false,0,0,0,0,0,0,0,0,0,0,0,0,0,0
22733,"Estr. do Quitungo - Bráz De Pina, Rio de Janeiro - RJ, 21215-550, Brasil",Sudeste,Rio de Janeiro,Rio de Janeiro,BRAS DE PINA,,QUITUNGO-GUAPORE,-22.8344079000,-43.3026098000,"18/12/2018, 09:50:00",false,false,,Não identificado,,,false,0,1,0,0,0,0,0,0,0,0,0,0,0,0
22737,"Rua Fernando Lobo - Guadalupe, Rio de Janeiro - RJ, 21665-070, Brasil",Sudeste,Rio de Janeiro,Rio de Janeiro,GUADALUPE,,GOGO DA EMA (COMPLEXO DO CHAPADAO),-22.8328106000,-43.3823075000,"18/12/2018, 11:30:00",true,true,PM,Ação policial,,,false,1,0,0,0,0,0,0,0,0,0,0,0,1,0
22736,"Santa Marta  - Botafogo, Rio de Janeiro - RJ, 22260-140, Brasil",Sudeste,Rio de Janeiro,Rio de Janeiro,BOTAFOGO,,SANTA MARTA,-22.9481682000,-43.1931245000,"18/12/2018, 13:20:00",false,false,,Não identificado,,,false,0,0,0,0,0,0,0,0,0,0,0,0,0,0
22738,"R. Joaquim Rodrigues - Parada de Lucas, Rio de Janeiro - RJ, 21250-420, Brasil",Sudeste,Rio de Janeiro,Rio de Janeiro,PARADA DE LUCAS,,,-22.8206677000,-43.3029751000,"18/12/2018, 15:28:00",false,false,,Não identificado,,,false,0,0,0,0,0,0,0,0,0,0,0,0,0,0
22740,"Complexo do Caju,  Caju, Rio de Janeiro - RJ, Brasil",Sudeste,Rio de Janeiro,Rio de Janeiro,CAJU,,COMPLEXO DO CAJU,-22.8795598000,-43.2225915000,"18/12/2018, 17:21:00",false,false,,Não identificado,,,false,0,0,0,0,0,0,0,0,0,0,0,0,0,0
22744,"Morro da Providencia - Gambôa, Rio de Janeiro - RJ, 20221-310, Brasil",Sudeste,Rio de Janeiro,Rio de Janeiro,GAMBOA,,MORRO DA PROVIDENCIA,-22.9002778000,-43.1952778000,"18/12/2018, 19:54:00",false,false,,Não identificado,,,false,0,0,0,0,0,0,0,0,0,0,0,0,0,0
22752,"Light, Av. Etiópia, Vila Kennedy, Bangu, Rio de Janeiro - RJ, 21852-010, Brasil",Sudeste,Rio de Janeiro,Rio de Janeiro,VILA KENNEDY,,VILA KENNEDY,-22.8563671000,-43.4898556000,"18/12/2018, 20:34:00",false,false,,Não identificado,,,false,0,0,0,0,0,0,0,0,0,0,0,0,0,0
22760,"Grota - Complexo do Alemão, Rio de Janeiro - RJ, Brasil",Sudeste,Rio de Janeiro,Rio de Janeiro,COMPLEXO DO ALEMAO,,GROTA (COMPLEXO DO ALEMAO),-22.8608240000,-43.2742080000,"19/12/2018, 06:17:00",false,false,,Não identificado,,,false,0,0,0,0,0,0,0,0,0,0,0,0,0,0
22765,"Alvorada, Complexo do Alemão, Rio de Janeiro - RJ, Brasil",Sudeste,Rio de Janeiro,Rio de Janeiro,COMPLEXO DO ALEMAO,,ALVORADA (COMPLEXO DO ALEMAO),-22.8624406000,-43.2747796000,"19/12/2018, 06:50:00",false,false,,Não identificado,,,false,0,0,0,0,0,0,0,0,0,0,0,0,0,0
22773,"Morro do Sereno - Penha Circular, Rio de Janeiro - RJ, 21210-154, Brasil",Sudeste,Rio de Janeiro,Rio de Janeiro,PENHA CIRCULAR,,MORRO DO SERENO (COMPLEXO DA PENHA),-22.8429787000,-43.2938186000,"19/12/2018, 14:12:00",false,false,,Não identificado,,,false,0,0,0,0,0,0,0,0,0,0,0,0,0,0
22772,"R. Pequiri - Bráz De Pina, Rio de Janeiro - RJ, 21215-110, Brasil",Sudeste,Rio de Janeiro,Rio de Janeiro,BRAS DE PINA,,QUITUNGO-GUAPORE,-22.8359390000,-43.2935440000,"19/12/2018, 14:16:00",false,false,,Não identificado,,,false,0,0,0,0,0,0,0,0,0,0,0,0,0,0
22784,"Engenho da Rainha, Rio de Janeiro - RJ, 20765-630, Brasil",Sudeste,Rio de Janeiro,Rio de Janeiro,ENGENHO DA RAINHA,,,-22.8678684000,-43.2974984000,"19/12/2018, 18:07:00",false,false,,Não identificado,,,false,0,0,0,0,0,0,0,0,0,0,0,0,0,0
22783,"Metral, Vila Kennedy - Bangu, Rio de Janeiro - RJ, 21853-600, Brasil",Sudeste,Rio de Janeiro,Rio de Janeiro,VILA KENNEDY,,VILA KENNEDY,-22.8550195000,-43.4971339000,"19/12/2018, 18:48:00",false,false,,Não identificado,,,false,0,0,0,0,0,0,0,0,0,0,0,0,0,0
22785,"R. Morais Pinheiro - Ricardo de Albuquerque, Rio de Janeiro - RJ, Brasil",Sudeste,Rio de Janeiro,Rio de Janeiro,RICARDO DE ALBUQUERQUE,,MORRO DA TIRADENTES (COMPLEXO DO CHAPADAO),-22.8322403000,-43.3904486000,"19/12/2018, 19:39:00",false,false,,Não identificado,,,false,0,0,0,0,0,0,0,0,0,0,0,0,0,0
22787,"R. Getúlio - Cachambi, Rio de Janeiro - RJ, Brasil",Sudeste,Rio de Janeiro,Rio de Janeiro,CACHAMBI,,,-22.8930940000,-43.2788958000,"19/12/2018, 20:19:00",true,true,N�o identificado,Arrastão,,Perseguição,false,0,0,0,0,0,0,0,0,0,0,0,0,0,0
22789,"Complexo da Coreia - Senador Camará, Rio de Janeiro - RJ, 21830-511, Brasil",Sudeste,Rio de Janeiro,Rio de Janeiro,SENADOR CAMARA,,COMPLEXO DA COREIA DE SENADOR CAMARA,-22.8717820000,-43.5014250000,"19/12/2018, 22:20:00",true,true,PM,Ação policial,,,false,0,3,0,0,0,0,0,0,0,0,0,0,0,0
22797,"Santa Marta, Botafogo",Sudeste,Rio de Janeiro,Rio de Janeiro,BOTAFOGO,,SANTA MARTA,-22.9470298000,-43.1944075000,"20/12/2018, 00:25:00",false,false,,Não identificado,,,false,0,0,0,0,0,0,0,0,0,0,0,0,0,0
22791,"Vila Cruzeiro, Complexo da Penha, Rio de Janeiro - RJ, 21070-370, Brasil",Sudeste,Rio de Janeiro,Rio de Janeiro,PENHA,,VILA CRUZEIRO (COMPLEXO DA PENHA),-22.8484853000,-43.2830598000,"20/12/2018, 03:38:00",true,true,N�o identificado,Operação policial,,,false,0,0,0,0,0,0,0,0,0,0,0,0,0,0
22799,"Av. Brasil - Bangu, Rio de Janeiro - RJ, Brasil",Sudeste,Rio de Janeiro,Rio de Janeiro,VILA KENNEDY,,VILA KENNEDY,-22.8553624000,-43.4881383000,"20/12/2018, 06:00:00",false,true,,Briga,,,false,1,0,0,0,0,0,0,0,0,0,0,0,0,0
22800,"R. Marcos de Macedo, Guadalupe, Rio de Janeiro - RJ, 21660-020, Brasil",Sudeste,Rio de Janeiro,Rio de Janeiro,GUADALUPE,,,-22.8363320000,-43.3806640000,"20/12/2018, 07:30:00",true,true,N�o identificado,Tentativa/Roubo a banco,,Shopping,false,0,4,0,0,0,0,0,0,0,0,0,0,0,0
22801,"Vila Cruzeiro, Complexo da Penha, Rio de Janeiro - RJ, 21070-370, Brasil",Sudeste,Rio de Janeiro,Rio de Janeiro,PENHA,,VILA CRUZEIRO (COMPLEXO DA PENHA),-22.8487441000,-43.2828813000,"20/12/2018, 07:50:00",true,true,N�o identificado,Ação policial,,,false,0,0,0,0,0,0,0,0,0,0,0,0,0,0
22806,"Morro do Gambá  - Lins de Vasconcelos, Rio de Janeiro - RJ, 20725-140, Brasil",Sudeste,Rio de Janeiro,Rio de Janeiro,LINS DE VASCONCELOS,,MORRO DO GAMBA (COMPLEXO DO LINS),-22.9149190000,-43.2851320000,"20/12/2018, 08:30:00",true,true,UPP (Lins),Operação policial,,,false,0,0,0,0,0,0,0,0,0,0,0,0,0,0
22807,"Av. Marrocos, Vila Kennedy - Bangu, Rio de Janeiro - RJ, 21852-590, Brasil",Sudeste,Rio de Janeiro,Rio de Janeiro,VILA KENNEDY,,VILA KENNEDY,-22.8598920000,-43.4917100000,"20/12/2018, 15:03:00",false,false,,Não identificado,,,false,0,0,0,0,0,0,0,0,0,0,0,0,0,0
22810,"Morro da Serrinha, Madureira, Rio de Janeiro - RJ, Brasil",Sudeste,Rio de Janeiro,Rio de Janeiro,MADUREIRA,,MORRO DA SERRINHA (COMPLEXO DA SERRINHA),-22.8693129000,-43.3283347000,"20/12/2018, 18:19:00",true,true,PM,Operação policial,,,false,1,1,0,0,0,0,0,0,0,0,0,0,0,0
22815,"Rua  Castelonuovo  Tijuca, Rio de Janeiro - RJ, 20530-040, Brasil",Sudeste,Rio de Janeiro,Rio de Janeiro,TIJUCA,,MORRO DA FORMIGA,-22.9377061000,-43.2453120000,"20/12/2018, 22:03:00",false,false,,Não identificado,,,false,0,0,0,0,0,0,0,0,0,0,0,0,0,0
22820,"Cidade de Deus, Rio de Janeiro - RJ, Brasil",Sudeste,Rio de Janeiro,Rio de Janeiro,CIDADE DE DEUS,,CIDADE DE DEUS,-22.9481688000,-43.3626721000,"21/12/2018, 03:53:00",false,false,,Não identificado,,,false,0,0,0,0,0,0,0,0,0,0,0,0,0,0
22827,"Cantagalo, Copacabana, Rio de Janeiro - RJ, 22051-001, Brasil",Sudeste,Rio de Janeiro,Rio de Janeiro,COPACABANA,,MORRO DO CANTAGALO,-22.9766579000,-43.1938392000,"21/12/2018, 05:00:00",false,false,,Não identificado,,,false,0,0,0,0,0,0,0,0,0,0,0,0,0,0
22835,"Morro do Borel, Tijuca, Rio de Janeiro - RJ, 20530-003, Brasil",Sudeste,Rio de Janeiro,Rio de Janeiro,TIJUCA,,MORRO DO BOREL,-22.9372466000,-43.2573799000,"21/12/2018, 06:00:00",true,true,N�o identificado,Ação policial,,,false,0,1,0,0,0,0,0,0,0,0,0,0,0,0
22826,"Rebu - Senador Camará, Rio de Janeiro - RJ, 21843-040, Brasil",Sudeste,Rio de Janeiro,Rio de Janeiro,SENADOR CAMARA,,REBU (COMPLEXO DO REBU DE SENADOR CAMARA),-22.8713139000,-43.4870391000,"21/12/2018, 06:12:00",false,false,,Não identificado,,,false,0,0,0,0,0,0,0,0,0,0,0,0,0,0
22831,"Av. Gomes Freire,  Centro, Rio de Janeiro - RJ, 20231-014, Brasil",Sudeste,Rio de Janeiro,Rio de Janeiro,CENTRO,,,-22.9097329000,-43.1841809000,"21/12/2018, 09:30:00",true,true,N�o identificado,Ação policial,,,false,1,1,0,2,0,0,0,0,0,0,0,0,1,0
22832,"Morro do Sereno - Penha Circular, Rio de Janeiro - RJ, 21210-154, Brasil",Sudeste,Rio de Janeiro,Rio de Janeiro,PENHA CIRCULAR,,MORRO DO SERENO (COMPLEXO DA PENHA),-22.8429787000,-43.2938186000,"21/12/2018, 13:10:00",false,false,,Não identificado,,,false,0,0,0,0,0,0,0,0,0,0,0,0,0,0
22833,"Bairro Carioca, Triagem, Rio de Janeiro - RJ, 20960-045, Brasil",Sudeste,Rio de Janeiro,Rio de Janeiro,ROCHA,,BAIRRO CARIOCA (TRIAGEM),-22.8951258000,-43.2462836000,"21/12/2018, 14:07:00",false,false,,Não identificado,,,false,0,0,0,0,0,0,0,0,0,0,0,0,0,0
22834,"Parte Alta, Vidigal, Rio de Janeiro - RJ, 22450-270, Brasil",Sudeste,Rio de Janeiro,Rio de Janeiro,VIDIGAL,,VIDIGAL,-22.9931785000,-43.2377632000,"21/12/2018, 15:34:00",false,false,,Não identificado,,,false,0,0,0,0,0,0,0,0,0,0,0,0,0,0
22839,"Bangu, Rio de Janeiro - RJ, Brasil",Sudeste,Rio de Janeiro,Rio de Janeiro,BANGU,,,-22.8742263000,-43.4685442000,"21/12/2018, 19:54:00",false,false,,Não identificado,,,false,0,0,0,0,0,0,0,0,0,0,0,0,0,0
22838,"Mangueira, Rio de Janeiro - RJ, Brasil",Sudeste,Rio de Janeiro,Rio de Janeiro,MANGUEIRA,,MANGUEIRA,-22.9052507000,-43.2340127000,"21/12/2018, 20:22:00",false,false,,Não identificado,,,false,0,0,0,0,0,0,0,0,0,0,0,0,0,0
22841,"Bangu, Rio de Janeiro - RJ, Brasil",Sudeste,Rio de Janeiro,Rio de Janeiro,BANGU,,,-22.8742263000,-43.4685442000,"21/12/2018, 20:29:00",false,false,,Não identificado,,,false,0,0,0,0,0,0,0,0,0,0,0,0,0,0
22844,"Bonsucesso, Rio de Janeiro - RJ, Brasil",Sudeste,Rio de Janeiro,Rio de Janeiro,BONSUCESSO,,,-22.8626395000,-43.2539991000,"21/12/2018, 21:13:00",false,false,,Não identificado,,,false,0,0,0,0,0,0,0,0,0,0,0,0,0,0
22846,"Batô (Bateau Mouche) - Praça Seca, Rio de Janeiro - RJ, 22733-120, Brasil",Sudeste,Rio de Janeiro,Rio de Janeiro,PRACA SECA,,FAVELA BATEAU MOUCHE,-22.9048084000,-43.3550791000,"21/12/2018, 22:49:00",false,false,,Não identificado,,,false,0,0,0,0,0,0,0,0,0,0,0,0,0,0
22849,"Morro do Jordão, Taquara, Rio de Janeiro - RJ, 22725-610, Brasil",Sudeste,Rio de Janeiro,Rio de Janeiro,TAQUARA,,MORRO DO JORDAO,-22.9093209000,-43.3731160000,"22/12/2018, 04:30:00",false,false,,Disputa,,,false,0,0,0,0,0,0,0,0,0,0,0,0,0,0
22863,"Manguinhos, Rio de Janeiro - RJ, 23097-606, Brasil",Sudeste,Rio de Janeiro,Rio de Janeiro,MANGUINHOS,,COMPLEXO DE MANGUINHOS,-22.8831350000,-43.2485400000,"22/12/2018, 05:00:00",true,true,N�o identificado,Operação policial,,,false,0,1,0,0,0,0,0,0,0,0,0,0,0,0
22860,"Jacaré, Rio de Janeiro - RJ, Brasil",Sudeste,Rio de Janeiro,Rio de Janeiro,JACARE,,,-22.8923272000,-43.2581953000,"22/12/2018, 05:05:00",true,true,PM,Ação policial,,,false,0,1,0,0,0,0,0,0,0,0,0,0,0,0
22855,"Congo e Zâmbia, Vila Kennedy - Bangu, Rio de Janeiro - RJ, 21850-020, Brasil",Sudeste,Rio de Janeiro,Rio de Janeiro,VILA KENNEDY,,VILA KENNEDY,-22.8604006000,-43.4884116000,"22/12/2018, 07:16:00",false,false,,Não identificado,,,false,0,0,0,0,0,0,0,0,0,0,0,0,0,0
22858,"Jacaré, Rio de Janeiro - RJ, Brasil",Sudeste,Rio de Janeiro,Rio de Janeiro,JACARE,,,-22.8923272000,-43.2581953000,"22/12/2018, 07:16:00",false,false,,Não identificado,,,false,0,0,0,0,0,0,0,0,0,0,0,0,0,0
22864,"Cidade Alta - Cordovil, Rio de Janeiro - RJ, 21010-200, Brasil",Sudeste,Rio de Janeiro,Rio de Janeiro,CORDOVIL,,CIDADE ALTA (COMPLEXO DE ISRAEL),-22.8196976000,-43.2943395000,"22/12/2018, 13:12:00",true,true,N�o identificado,Ação policial,,,false,0,0,0,0,0,0,0,0,0,0,0,0,0,0
22869,"R. Açu - Realengo, Rio de Janeiro - RJ, 21765-640, Brasil",Sudeste,Rio de Janeiro,Rio de Janeiro,REALENGO,,,-22.8952727000,-43.4390479000,"22/12/2018, 20:25:00",false,false,,Não identificado,,,false,0,0,0,0,0,0,0,0,0,0,0,0,0,0
22880,"Estr. Velha da Pavuna  - Engenho da Rainha, Rio de Janeiro - RJ, 20765-170, Brasil",Sudeste,Rio de Janeiro,Rio de Janeiro,ENGENHO DA RAINHA,,,-22.8652258000,-43.2941639000,"23/12/2018, 16:05:00",false,false,,Não identificado,,,false,0,0,0,0,0,0,0,0,0,0,0,0,0,0
22886,"Morro São João, Engenho Novo, Rio de Janeiro - RJ, 20950-370, Brasil",Sudeste,Rio de Janeiro,Rio de Janeiro,ENGENHO NOVO,,MORRO SAO JOAO,-22.9078627000,-43.2659281000,"23/12/2018, 18:19:00",false,false,,Disputa,,,false,0,0,0,0,0,0,0,0,0,0,0,0,0,0
22899,"R. Afonso Ferreira - Engenho de Dentro, Rio de Janeiro - RJ, 20750-000, Brasil",Sudeste,Rio de Janeiro,Rio de Janeiro,ENGENHO DE DENTRO,,,-22.8907561000,-43.2955981000,"24/12/2018, 04:09:00",false,false,,Não identificado,,,false,0,0,0,0,0,0,0,0,0,0,0,0,0,0
22900,"AP,  Cidade de Deus, Rio de Janeiro - RJ, 22763-550, Brasil",Sudeste,Rio de Janeiro,Rio de Janeiro,CIDADE DE DEUS,,CIDADE DE DEUS,-22.9504600000,-43.3536960000,"24/12/2018, 04:33:00",false,false,,Não identificado,,,false,0,0,0,0,0,0,0,0,0,0,0,0,0,0
22906,"Av. Pastor Martin Luther King Junior - Engenho da Rainha, Rio de Janeiro - RJ, 20765-630, Brasil",Sudeste,Rio de Janeiro,Rio de Janeiro,ENGENHO DA RAINHA,,,-22.8677342000,-43.2969478000,"24/12/2018, 08:00:00",false,false,,Não identificado,,,false,0,0,0,0,0,0,0,0,0,0,0,0,0,0
22903,"R. Dias da Cruz - Engenho de Dentro, Rio de Janeiro - RJ, Brasil",Sudeste,Rio de Janeiro,Rio de Janeiro,MEIER,,,-22.9052497000,-43.2921826000,"24/12/2018, 08:11:00",true,true,PM,Tentativa/Roubo,,Perseguição,false,0,3,0,0,0,0,0,0,0,0,0,0,0,2
22908,"99, Rocinha, Rio de Janeiro - RJ, 22610-020, Brasil",Sudeste,Rio de Janeiro,Rio de Janeiro,ROCINHA,,ROCINHA,-22.9858733000,-43.2429747000,"24/12/2018, 11:48:00",false,false,,Não identificado,,,false,0,0,0,0,0,0,0,0,0,0,0,0,0,0
22910,"Curicica, Rio de Janeiro - RJ, Brasil",Sudeste,Rio de Janeiro,Rio de Janeiro,CURICICA,,,-22.9500614000,-43.3832891000,"24/12/2018, 14:11:00",false,false,,Não identificado,,,false,0,0,0,0,0,0,0,0,0,0,0,0,0,0
22919,"Jacaré, Rio de Janeiro - RJ, Brasil",Sudeste,Rio de Janeiro,Rio de Janeiro,JACARE,,,-22.8923272000,-43.2581953000,"24/12/2018, 19:00:00",false,false,,Não identificado,,,false,0,0,0,0,0,0,0,0,0,0,0,0,0,0
22920,"Campo Grande, Rio de Janeiro - RJ, Brasil",Sudeste,Rio de Janeiro,Rio de Janeiro,CAMPO GRANDE,,,-22.9035842000,-43.5662438000,"24/12/2018, 19:10:00",false,false,,Não identificado,,,false,0,0,0,0,0,0,0,0,0,0,0,0,0,0
22918,"Realengo, Rio de Janeiro - RJ, Brasil",Sudeste,Rio de Janeiro,Rio de Janeiro,REALENGO,,,-22.8763107000,-43.4302937000,"24/12/2018, 19:43:00",false,false,,Não identificado,,,false,0,0,0,0,0,0,0,0,0,0,0,0,0,0
22924,"Vila Aliança,  Bangu, Rio de Janeiro - RJ, 21842-740, Brasil",Sudeste,Rio de Janeiro,Rio de Janeiro,BANGU,,VILA ALIANCA,-22.8646450000,-43.4770759000,"24/12/2018, 21:00:00",false,false,,Não identificado,,,false,0,0,0,0,0,0,0,0,0,0,0,0,0,0
22933,"Realengo, Rio de Janeiro - RJ, Brasil",Sudeste,Rio de Janeiro,Rio de Janeiro,REALENGO,,,-22.8763107000,-43.4302937000,"24/12/2018, 21:57:00",false,false,,Não identificado,,,false,0,0,0,0,0,0,0,0,0,0,0,0,0,0
22947,"Estr. Manuel Nogueira de Sá, Rio de Janeiro - RJ, 21745-290, Brasil",Sudeste,Rio de Janeiro,Rio de Janeiro,REALENGO,,MORRO MINHA DEUSA (OU PARQUE DAS NOGUEIRAS),-22.8885564000,-43.4140127000,"24/12/2018, 22:00:00",false,false,,Não identificado,,,false,0,0,0,0,0,0,0,0,0,0,0,0,0,0
22934,"Lins de Vasconcelos, Rio de Janeiro - RJ, Brasil",Sudeste,Rio de Janeiro,Rio de Janeiro,LINS DE VASCONCELOS,,,-22.9128703000,-43.2845545000,"24/12/2018, 22:01:00",false,false,,Não identificado,,,false,0,0,0,0,0,0,0,0,0,0,0,0,0,0
22961,"Favela do Muquiço  - Guadalupe, Rio de Janeiro - RJ, 21670-470, Brasil",Sudeste,Rio de Janeiro,Rio de Janeiro,GUADALUPE,,FAVELA DO MUQUICO,-22.8494100000,-43.3771206000,"24/12/2018, 22:02:00",false,false,,Não identificado,,,false,0,0,0,0,0,0,0,0,0,0,0,0,0,0
22942,"Vila Cruzeiro, Complexo da Penha, Rio de Janeiro - RJ, 21070-370, Brasil",Sudeste,Rio de Janeiro,Rio de Janeiro,PENHA,,VILA CRUZEIRO (COMPLEXO DA PENHA),-22.8487441000,-43.2828813000,"24/12/2018, 22:05:00",false,false,,Não identificado,,,false,0,0,0,0,0,0,0,0,0,0,0,0,0,0
22946,"Batô (Bateau Mouche) - Praça Seca, Rio de Janeiro - RJ, 22733-120, Brasil",Sudeste,Rio de Janeiro,Rio de Janeiro,PRACA SECA,,FAVELA BATEAU MOUCHE,-22.9048084000,-43.3550791000,"24/12/2018, 22:10:00",false,false,,Não identificado,,,false,0,0,0,0,0,0,0,0,0,0,0,0,0,0
22945,"Cidade de Deus, Rio de Janeiro - RJ, Brasil",Sudeste,Rio de Janeiro,Rio de Janeiro,CIDADE DE DEUS,,CIDADE DE DEUS,-22.9481688000,-43.3626721000,"24/12/2018, 22:37:00",false,false,,Não identificado,,,false,0,0,0,0,0,0,0,0,0,0,0,0,0,0
22943,"Morro da Formiga - Tijuca, Rio de Janeiro - RJ, 20530-003, Brasil",Sudeste,Rio de Janeiro,Rio de Janeiro,TIJUCA,,MORRO DA FORMIGA,-22.9438651000,-43.2413015000,"25/12/2018, 00:08:00",false,false,,Não identificado,,,false,0,0,0,0,0,0,0,0,0,0,0,0,0,0
22948,"Vila Aliança, Bangu, Rio de Janeiro - RJ, 21842-740, Brasil",Sudeste,Rio de Janeiro,Rio de Janeiro,BANGU,,VILA ALIANCA,-22.8703855000,-43.4798073000,"25/12/2018, 06:55:00",false,false,,Não identificado,,,false,0,0,0,0,0,0,0,0,0,0,0,0,0,0
22949,"Morro do Urubu - Pilares, Rio de Janeiro - RJ, 20750-150, Brasil",Sudeste,Rio de Janeiro,Rio de Janeiro,PILARES,,MORRO DO URUBU (COMPLEXO DO URUBU),-22.8759836000,-43.3024082000,"25/12/2018, 07:40:00",false,false,,Não identificado,,,false,0,0,0,0,0,0,0,0,0,0,0,0,0,0
22951,"Morro da Serrinha - Madureira, Rio de Janeiro - RJ, 21360-320, Brasil",Sudeste,Rio de Janeiro,Rio de Janeiro,MADUREIRA,,MORRO DA SERRINHA (COMPLEXO DA SERRINHA),-22.8688340000,-43.3280480000,"25/12/2018, 08:00:00",false,false,,Não identificado,,,false,0,0,0,0,0,0,0,0,0,0,0,0,0,0
22956,"Favela do Muquiço - Guadalupe, Rio de Janeiro - RJ, 21670-470, Brasil",Sudeste,Rio de Janeiro,Rio de Janeiro,GUADALUPE,,FAVELA DO MUQUICO,-22.8498430000,-43.3765490000,"25/12/2018, 11:00:00",false,false,,Não identificado,,,false,0,0,0,0,0,0,0,0,0,0,0,0,0,0
22962,"Morro do Andaraí - Andarai, Rio de Janeiro - RJ, 20541-210, Brasil",Sudeste,Rio de Janeiro,Rio de Janeiro,ANDARAI,,MORRO DO ANDARAI,-22.9329668000,-43.2576364000,"25/12/2018, 13:20:00",false,false,,Não identificado,,,false,0,0,0,0,0,0,0,0,0,0,0,0,0,0
22973,"Honório Gurgel, Rio de Janeiro - RJ, Brasil",Sudeste,Rio de Janeiro,Rio de Janeiro,HONORIO GURGEL,,,-22.8453344000,-43.3558285000,"25/12/2018, 13:58:00",false,false,,Não identificado,,,false,0,0,0,0,0,0,0,0,0,0,0,0,0,0
22979,"R. Barão do Bom Retiro - Engenho Novo, Rio de Janeiro - RJ, Brasil",Sudeste,Rio de Janeiro,Rio de Janeiro,ENGENHO NOVO,,,-22.9131483000,-43.2654675000,"25/12/2018, 16:41:00",false,false,,Não identificado,,,false,0,0,0,0,0,0,0,0,0,0,0,0,0,0
22971,"Complexo do Lins, Lins de Vasconcelos, Rio de Janeiro - RJ, 20725-140, Brasil",Sudeste,Rio de Janeiro,Rio de Janeiro,LINS DE VASCONCELOS,,COMPLEXO DO LINS,-22.9196001000,-43.2855347000,"25/12/2018, 17:22:00",false,false,,Não identificado,,,false,0,0,0,0,0,0,0,0,0,0,0,0,0,0
22972,"Complexo do Alemão, Rio de Janeiro - RJ, Brasil",Sudeste,Rio de Janeiro,Rio de Janeiro,COMPLEXO DO ALEMAO,,COMPLEXO DO ALEMAO,-22.8593331000,-43.2754759000,"25/12/2018, 18:06:00",false,false,,Não identificado,,,false,0,0,0,0,0,0,0,0,0,0,0,0,0,0
22986,"Morro Faz Quem Quer - Rocha Miranda, Rio de Janeiro - RJ, 21540-570, Brasil",Sudeste,Rio de Janeiro,Rio de Janeiro,ROCHA MIRANDA,,MORRO DO FAZ QUEM QUER (COMPLEXO DO CAJUEIRO),-22.8540860000,-43.3405690000,"25/12/2018, 19:02:00",false,false,,Não identificado,,,false,0,0,0,0,0,0,0,0,0,0,0,0,0,0
22987,"Penha Circular, Rio de Janeiro - RJ, Brasil",Sudeste,Rio de Janeiro,Rio de Janeiro,PENHA CIRCULAR,,,-22.8341709000,-43.2853431000,"25/12/2018, 19:08:00",false,false,,Não identificado,,,false,0,0,0,0,0,0,0,0,0,0,0,0,0,0
22975,"Linha Amarela - Bonsucesso, Rio de Janeiro - RJ, Brasil",Sudeste,Rio de Janeiro,Rio de Janeiro,BONSUCESSO,,,-22.8716650000,-43.2561132000,"25/12/2018, 19:40:00",false,false,,Não identificado,,,false,0,0,0,0,0,0,0,0,0,0,0,0,0,0
22976,"Batô (Bateau Mouche) - Praça Seca, Rio de Janeiro - RJ, 22733-120, Brasil",Sudeste,Rio de Janeiro,Rio de Janeiro,PRACA SECA,,FAVELA BATEAU MOUCHE,-22.9048084000,-43.3550791000,"25/12/2018, 20:03:00",false,false,,Não identificado,,,false,0,0,0,0,0,0,0,0,0,0,0,0,0,0
22977,"Estrada do Quafá, Vila Kennedy, Rio de Janeiro - RJ, Brasil",Sudeste,Rio de Janeiro,Rio de Janeiro,VILA KENNEDY,,VILA KENNEDY,-22.8532280000,-43.4866460000,"25/12/2018, 20:19:00",false,false,,Não identificado,,,false,0,0,0,0,0,0,0,0,0,0,0,0,0,0
22978,"Morro São João, Engenho Novo, Rio de Janeiro - RJ, 20950-370, Brasil",Sudeste,Rio de Janeiro,Rio de Janeiro,ENGENHO NOVO,,MORRO SAO JOAO,-22.9078627000,-43.2659281000,"25/12/2018, 20:41:00",false,false,,Não identificado,,,false,0,0,0,0,0,0,0,0,0,0,0,0,0,0
22989,"Bandeira 2 - Del Castilho, Rio de Janeiro - RJ, 20771-003, Brasil",Sudeste,Rio de Janeiro,Rio de Janeiro,DEL CASTILHO,,FAVELA BANDEIRA 2,-22.8806896000,-43.2703547000,"25/12/2018, 22:02:00",false,false,,Não identificado,,,false,0,0,0,0,0,0,0,0,0,0,0,0,0,0
22991,"Morro Santa Marta, Botafogo, Rio de Janeiro - RJ, 22260-182, Brasil",Sudeste,Rio de Janeiro,Rio de Janeiro,BOTAFOGO,,SANTA MARTA,-22.9467172000,-43.1945457000,"26/12/2018, 03:32:00",true,true,N�o identificado,Operação policial,,,false,0,0,0,0,0,0,0,0,0,0,0,0,0,0
22992,"Pavão-Pavãozinho, Copacabana, Rio de Janeiro - RJ, 22071-060, Brasil",Sudeste,Rio de Janeiro,Rio de Janeiro,COPACABANA,,MORRO DO PAVAO-PAVAOZINHO,-22.9807270000,-43.1945870000,"26/12/2018, 03:52:00",true,true,N�o identificado,Operação policial,,,false,0,0,0,0,0,0,0,0,0,0,0,0,0,0
23094,"Cohab,  Realengo, Rio de Janeiro - RJ, 21775-000, Brasil",Sudeste,Rio de Janeiro,Rio de Janeiro,REALENGO,,COHAB DE REALENGO,-22.8833990000,-43.4263468000,"26/12/2018, 05:55:00",false,false,,Não identificado,,,false,0,0,0,0,0,0,0,0,0,0,0,0,0,0
23000,"Estrada Das Paineiras - Santa Teresa, Rio de Janeiro - RJ, Brasil",Sudeste,Rio de Janeiro,Rio de Janeiro,SANTA TERESA,,,-22.9454319000,-43.2161379000,"26/12/2018, 11:30:00",true,true,PM,Operação policial,,,false,1,0,0,0,0,0,0,0,0,0,0,0,0,0
23009,"IAPI da Penha - Penha, Rio de Janeiro - RJ, 21021-060, Brasil",Sudeste,Rio de Janeiro,Rio de Janeiro,PENHA,,IAPI DA PENHA,-22.8387576000,-43.2685363000,"26/12/2018, 19:27:00",false,false,,Não identificado,,,false,0,0,0,0,0,0,0,0,0,0,0,0,0,0
23015,"Estr. dos Bandeirantes - Curicica, Rio de Janeiro - RJ, Brasil",Sudeste,Rio de Janeiro,Rio de Janeiro,CURICICA,,,-22.9598523000,-43.3892573000,"26/12/2018, 20:30:00",false,true,,Tentativa/Roubo,,,false,0,0,0,1,0,0,0,0,0,0,0,0,0,0
23011,"R. Leopoldo Bulhões, Manguinhos, Rio de Janeiro - RJ, 20911-300, Brasil",Sudeste,Rio de Janeiro,Rio de Janeiro,MANGUINHOS,,COMPLEXO DE MANGUINHOS,-22.8842759000,-43.2487807000,"26/12/2018, 21:41:00",false,false,,Não identificado,,,false,0,0,0,0,0,0,0,0,0,0,0,0,0,0
23012,"Morro da Serrinha - Váz Lobo, Rio de Janeiro - RJ, Brasil",Sudeste,Rio de Janeiro,Rio de Janeiro,VAZ LOBO,,MORRO DA SERRINHA (COMPLEXO DA SERRINHA),-22.8641667000,-43.3238889000,"26/12/2018, 22:14:00",false,false,,Não identificado,,,false,0,0,0,0,0,0,0,0,0,0,0,0,0,0
23025,"Av. Amaro Cavalcanti  - Meier, Rio de Janeiro - RJ, 20735-040, Brasil",Sudeste,Rio de Janeiro,Rio de Janeiro,MEIER,,,-22.8992555000,-43.2817243000,"27/12/2018, 01:50:00",false,false,,Não identificado,,,false,0,0,0,0,0,0,0,0,0,0,0,0,0,0
23017,"Morro do Jordão, Taquara, Rio de Janeiro - RJ, 22725-610, Brasil",Sudeste,Rio de Janeiro,Rio de Janeiro,TAQUARA,,MORRO DO JORDAO,-22.9086111000,-43.3750000000,"27/12/2018, 04:43:00",false,false,,Não identificado,,,false,0,0,0,0,0,0,0,0,0,0,0,0,0,0
23023,"R. Santa Amélia - Praca da Bandeira, Rio de Janeiro - RJ, 20260-030, Brasil",Sudeste,Rio de Janeiro,Rio de Janeiro,PRACA DA BANDEIRA,,,-22.9142530000,-43.2104331000,"27/12/2018, 08:00:00",false,false,,Tentativa/Roubo,,,false,0,1,0,0,0,0,0,0,0,0,0,0,0,0
23019,"Vila Progresso, Vila Kennedy, Rio de Janeiro - RJ, 21852-424, Brasil",Sudeste,Rio de Janeiro,Rio de Janeiro,VILA KENNEDY,,VILA KENNEDY,-22.8611809000,-43.4958099000,"27/12/2018, 08:18:00",false,false,,Não identificado,,,false,0,0,0,0,0,0,0,0,0,0,0,0,0,0
23020,"R. J. J. Cowsert, 203 - Tomás Coelho, Rio de Janeiro - RJ, 20765-630, Brasil",Sudeste,Rio de Janeiro,Rio de Janeiro,TOMAS COELHO,,FAVELINHA (COMPLEXO DO JURAMENTO),-22.8659594000,-43.3099565000,"27/12/2018, 10:45:00",false,false,,Não identificado,,,false,0,0,0,0,0,0,0,0,0,0,0,0,0,0
23024,"Morro do Turano  - Rio Comprido, Rio de Janeiro - RJ, 21665-360, Brasil",Sudeste,Rio de Janeiro,Rio de Janeiro,RIO COMPRIDO,,MORRO DO TURANO,-22.9270700000,-43.2168830000,"27/12/2018, 12:56:00",false,false,,Não identificado,,,false,0,0,0,0,0,0,0,0,0,0,0,0,0,0
23032,"Linha Vermelha - Maré, Rio de Janeiro - RJ, 20941-001, Brasil",Sudeste,Rio de Janeiro,Rio de Janeiro,MARE,,COMPLEXO DA MARE,-22.8567617000,-43.2382642000,"27/12/2018, 13:30:00",true,true,BPChq,Ação policial,,,false,0,0,0,0,0,0,0,0,0,0,0,0,0,0
23031,"Recreio dos Bandeirantes, Rio de Janeiro - RJ, 22793-081, Brasil",Sudeste,Rio de Janeiro,Rio de Janeiro,RECREIO DOS BANDEIRANTES,,,-23.0080906000,-43.4437427000,"27/12/2018, 13:30:00",false,false,,Não identificado,,,false,0,0,0,0,0,0,0,0,0,0,0,0,0,0
23028,"Av. Pimentel Brandao - Bangu, Rio de Janeiro - RJ, 21830-008, Brasil",Sudeste,Rio de Janeiro,Rio de Janeiro,BANGU,,,-22.8761311000,-43.4706026000,"27/12/2018, 14:00:00",false,false,,Não identificado,,,false,0,0,0,0,0,0,0,0,0,0,0,0,0,0
23029,"Morro da Serrinha - Madureira, Rio de Janeiro - RJ, 21360-320, Brasil",Sudeste,Rio de Janeiro,Rio de Janeiro,MADUREIRA,,MORRO DA SERRINHA (COMPLEXO DA SERRINHA),-22.8688340000,-43.3280480000,"27/12/2018, 14:17:00",false,false,,Não identificado,,,false,0,0,0,0,0,0,0,0,0,0,0,0,0,0
23030,"Congo, Vila Kennedy - Bangu, Rio de Janeiro - RJ, 23545-040, Brasil",Sudeste,Rio de Janeiro,Rio de Janeiro,VILA KENNEDY,,VILA KENNEDY,-22.8626869000,-43.4928566000,"27/12/2018, 14:20:00",false,false,,Não identificado,,,false,0,0,0,0,0,0,0,0,0,0,0,0,0,0
23034,"Bairro Carioca, Triagem, Rio de Janeiro - RJ, 20911-180, Brasil",Sudeste,Rio de Janeiro,Rio de Janeiro,ROCHA,TRIAGEM,BAIRRO CARIOCA (TRIAGEM),-22.8959892000,-43.2448786000,"27/12/2018, 17:16:00",false,false,,Não identificado,,,false,0,0,0,0,0,0,0,0,0,0,0,0,0,0
23035,"Morro do Jordão, Taquara, Rio de Janeiro - RJ, 22720-060, Brasil",Sudeste,Rio de Janeiro,Rio de Janeiro,TAQUARA,,MORRO DO JORDAO,-22.9094711000,-43.3734892000,"27/12/2018, 17:24:00",false,false,,Não identificado,,,false,0,0,0,0,0,0,0,0,0,0,0,0,0,0
23045,"Morro do Barbante,  Galeão, Rio de Janeiro - RJ, 21941-640, Brasil",Sudeste,Rio de Janeiro,Rio de Janeiro,GALEAO,,MORRO DO BARBANTE (OU VILA JOANIZA),-22.8145020000,-43.2304460000,"27/12/2018, 21:39:00",false,false,,Não identificado,,,false,0,0,0,0,0,0,0,0,0,0,0,0,0,0
23048,"Vila Cruzeiro - Penha, Rio de Janeiro - RJ, 21070-370, Brasil",Sudeste,Rio de Janeiro,Rio de Janeiro,PENHA,,VILA CRUZEIRO (COMPLEXO DA PENHA),-22.8493061000,-43.2824054000,"28/12/2018, 03:17:00",true,true,PM,Operação policial,,,false,0,0,0,0,0,0,0,0,0,0,0,0,0,0
23052,"Morro do Urubu - Pilares, Rio de Janeiro - RJ, 20750-150, Brasil",Sudeste,Rio de Janeiro,Rio de Janeiro,PILARES,,MORRO DO URUBU (COMPLEXO DO URUBU),-22.8763889000,-43.3033333000,"28/12/2018, 04:00:00",true,true,3 BPM,Operação policial,,,true,3,1,0,0,0,0,0,0,0,0,0,0,0,0
23053,"Vila Cruzeiro - Complexo da Penha, Rio de Janeiro - RJ, 21070-370, Brasil",Sudeste,Rio de Janeiro,Rio de Janeiro,PENHA,,VILA CRUZEIRO (COMPLEXO DA PENHA),-22.8487441000,-43.2828813000,"28/12/2018, 08:33:00",true,true,N�o identificado,Ação policial,,,false,0,0,0,0,0,0,0,0,0,0,0,0,0,0
23054,"Morro do Jordão, Taquara, Rio de Janeiro - RJ, 22720-060, Brasil",Sudeste,Rio de Janeiro,Rio de Janeiro,TAQUARA,,MORRO DO JORDAO,-22.9091866000,-43.3738278000,"28/12/2018, 09:20:00",true,true,PM,Operação policial,,,false,0,3,0,0,0,0,0,0,0,0,0,0,0,0
23064,"Vila Cruzeiro - Complexo da Penha, Rio de Janeiro - RJ, 21070-370, Brasil",Sudeste,Rio de Janeiro,Rio de Janeiro,PENHA,,VILA CRUZEIRO (COMPLEXO DA PENHA),-22.8487441000,-43.2828813000,"28/12/2018, 11:00:00",true,true,N�o identificado,Ação policial,,,false,1,0,0,0,0,0,0,0,0,0,0,0,0,0
23057,"Morro do Jordão, Taquara, Rio de Janeiro - RJ, 22720-060, Brasil",Sudeste,Rio de Janeiro,Rio de Janeiro,TAQUARA,,MORRO DO JORDAO,-22.9091866000,-43.3738278000,"28/12/2018, 12:23:00",true,true,N�o identificado,Ação policial,,,false,0,0,0,0,0,0,0,0,0,0,0,0,0,0
23058,"Morro do São João - Engenho Novo, Rio de Janeiro - RJ, 20950-370, Brasil",Sudeste,Rio de Janeiro,Rio de Janeiro,ENGENHO NOVO,,MORRO SAO JOAO,-22.9075970000,-43.2659200000,"28/12/2018, 12:55:00",false,false,,Não identificado,,,false,0,0,0,0,0,0,0,0,0,0,0,0,0,0
23062,"Cavalcanti, Rio de Janeiro - RJ, Brasil",Sudeste,Rio de Janeiro,Rio de Janeiro,CAVALCANTI,,,-22.8725957000,-43.3136000000,"28/12/2018, 15:00:00",false,false,,Não identificado,,,false,0,0,0,0,0,0,0,0,0,0,0,0,0,0
23066,"Morro do Juramento - Vicente de Carvalho, Rio de Janeiro - RJ, Brasil",Sudeste,Rio de Janeiro,Rio de Janeiro,VICENTE DE CARVALHO,,MORRO DO JURAMENTO (COMPLEXO DO JURAMENTO),-22.8647573000,-43.3121540000,"28/12/2018, 15:35:00",false,false,,Não identificado,,,false,0,0,0,0,0,0,0,0,0,0,0,0,0,0
23075,"Padre Miguel, Rio de Janeiro - RJ, Brasil",Sudeste,Rio de Janeiro,Rio de Janeiro,PADRE MIGUEL,,,-22.8780979000,-43.4483194000,"28/12/2018, 18:58:00",false,false,,Não identificado,,,false,0,0,0,0,0,0,0,0,0,0,0,0,0,0
23068,"Morro do Urubu, Pilares, Rio de Janeiro - RJ, 20751-300, Brasil",Sudeste,Rio de Janeiro,Rio de Janeiro,PILARES,,MORRO DO URUBU (COMPLEXO DO URUBU),-22.8788410000,-43.3029220000,"28/12/2018, 19:07:00",false,false,,Não identificado,,,false,0,0,0,0,0,0,0,0,0,0,0,0,0,0
23073,"Javata, Complexo do Chapadão,  Costa Barros, Rio de Janeiro - RJ, 21532-184, Brasil",Sudeste,Rio de Janeiro,Rio de Janeiro,COSTA BARROS,,JAVATA (COMPLEXO DO CHAPADAO),-22.8254865000,-43.3781587000,"28/12/2018, 20:52:00",false,false,,Não identificado,,,false,0,0,0,0,0,0,0,0,0,0,0,0,0,0
23074,"Morro do Jordão,  Taquara, Rio de Janeiro - RJ, 22725-800, Brasil",Sudeste,Rio de Janeiro,Rio de Janeiro,TAQUARA,,MORRO DO JORDAO,-22.9091866000,-43.3738278000,"28/12/2018, 21:08:00",false,false,,Não identificado,,,false,0,0,0,0,0,0,0,0,0,0,0,0,0,0
23079,"Morro do Urubu, Pilares, Rio de Janeiro - RJ, Brasil",Sudeste,Rio de Janeiro,Rio de Janeiro,PILARES,,MORRO DO URUBU (COMPLEXO DO URUBU),-22.8773389000,-43.3021275000,"28/12/2018, 21:34:00",false,false,,Não identificado,,,false,0,0,0,0,0,0,0,0,0,0,0,0,0,0
23081,"Tijuca, Rio de Janeiro - RJ, Brasil",Sudeste,Rio de Janeiro,Rio de Janeiro,TIJUCA,,,-22.9325728000,-43.2410248000,"28/12/2018, 22:02:00",false,false,,Não identificado,,,false,0,0,0,0,0,0,0,0,0,0,0,0,0,0
23082,"Karatê, Cidade de Deus, Rio de Janeiro - RJ, Brasil",Sudeste,Rio de Janeiro,Rio de Janeiro,CIDADE DE DEUS,,CIDADE DE DEUS,-22.9519010000,-43.3547310000,"29/12/2018, 05:22:00",true,true,N�o identificado,Operação policial,,,false,0,0,0,0,0,0,0,0,0,0,0,0,0,0
23088,"R. Zâmbia, Vila Kennedy - Bangu, Rio de Janeiro - RJ, 21850-510, Brasil",Sudeste,Rio de Janeiro,Rio de Janeiro,VILA KENNEDY,,VILA KENNEDY,-22.8556750000,-43.4898290000,"29/12/2018, 09:50:00",false,false,,Não identificado,,,false,0,0,0,0,0,0,0,0,0,0,0,0,0,0
23089,"Matinha, Morro do São João - Engenho Novo, Rio de Janeiro - RJ, 20950-370, Brasil",Sudeste,Rio de Janeiro,Rio de Janeiro,ENGENHO NOVO,,MORRO SAO JOAO,-22.9079866000,-43.2660959000,"29/12/2018, 10:40:00",false,false,,Não identificado,,,false,0,0,0,0,0,0,0,0,0,0,0,0,0,0
23090,"Morro da Pedreira, Costa Barros, Rio de Janeiro - RJ, Brasil",Sudeste,Rio de Janeiro,Rio de Janeiro,COSTA BARROS,,MORRO DA PEDREIRA (COMPLEXO DA PEDREIRA),-22.8235987000,-43.3597289000,"29/12/2018, 11:43:00",false,false,,Não identificado,,,false,0,0,0,0,0,0,0,0,0,0,0,0,0,0
23091,"Av. Brasil, 433 - Guadalupe, Rio de Janeiro - RJ, 21670-000, Brasil",Sudeste,Rio de Janeiro,Rio de Janeiro,GUADALUPE,,,-22.8403706000,-43.3703444000,"29/12/2018, 13:50:00",true,true,PM,Tentativa/Roubo,,,false,0,2,0,0,0,0,0,0,0,0,0,0,0,0
23095,"Av. Dom Hélder Câmara, 3214 - Del Castilho, Rio de Janeiro - RJ, 21050-623, Brasil",Sudeste,Rio de Janeiro,Rio de Janeiro,DEL CASTILHO,,,-22.8785791000,-43.2661213000,"29/12/2018, 19:46:00",false,false,,Não identificado,,,false,0,0,0,0,0,0,0,0,0,0,0,0,0,0
23101,"Jacaré, Rio de Janeiro - RJ, Brasil",Sudeste,Rio de Janeiro,Rio de Janeiro,JACARE,,,-22.8923272000,-43.2581953000,"29/12/2018, 21:25:00",false,false,,Não identificado,,,false,0,0,0,0,0,0,0,0,0,0,0,0,0,0
23140,"Viaduto Engenheiro Oscar Brito - Campo Grande, Rio de Janeiro - RJ, 23087-005, Brasil",Sudeste,Rio de Janeiro,Rio de Janeiro,CAMPO GRANDE,,,-22.8688552000,-43.5966531000,"30/12/2018, 00:00:00",true,true,N�o identificado,Ação policial,,,false,0,0,0,1,0,0,0,0,0,0,0,0,0,0
23105,"Morro do 18, Piedade, Rio de Janeiro - RJ, 20740-460, Brasil",Sudeste,Rio de Janeiro,Rio de Janeiro,PIEDADE,,MORRO DO 18 (COMPLEXO DO 18),-22.9022060000,-43.3166970000,"30/12/2018, 03:02:00",false,false,,Não identificado,,,false,0,0,0,0,0,0,0,0,0,0,0,0,0,0
23415,"Estr. de Botafogo,  Costa Barros, Rio de Janeiro - RJ, 20765-630, Brasil",Sudeste,Rio de Janeiro,Rio de Janeiro,COSTA BARROS,,,-22.8189296000,-43.3571574000,"30/12/2018, 05:00:00",true,true,PM,Ação policial,,,false,1,0,0,0,0,0,0,0,0,0,0,0,0,0
23115,"R. João Luso - Realengo, Rio de Janeiro - RJ, Brasil",Sudeste,Rio de Janeiro,Rio de Janeiro,REALENGO,,BOSQUE REAL,-22.8998299000,-43.4391515000,"30/12/2018, 12:00:00",true,true,PM,Ação policial,,,false,1,1,0,0,0,0,0,0,0,0,0,0,0,0
23111,"Bairro 13 - Barros Filho, Rio de Janeiro - RJ, Brasil",Sudeste,Rio de Janeiro,Rio de Janeiro,BARROS FILHO,,CONJUNTO DO BAIRRO 13 (COMPLEXO DA PEDREIRA),-22.8311660000,-43.3677936000,"30/12/2018, 14:01:00",false,false,,Não identificado,,,false,0,0,0,0,0,0,0,0,0,0,0,0,0,0
23112,"Morro do Jordão,  Taquara, Rio de Janeiro - RJ, 22725-800, Brasil",Sudeste,Rio de Janeiro,Rio de Janeiro,TAQUARA,,MORRO DO JORDAO,-22.9100133000,-43.3779154000,"30/12/2018, 14:48:00",false,false,,Não identificado,,,false,0,0,0,0,0,0,0,0,0,0,0,0,0,0
23114,"Av. Pres. João Goulart - Vidigal, Rio de Janeiro - RJ, 22450-241, Brasil",Sudeste,Rio de Janeiro,Rio de Janeiro,VIDIGAL,,VIDIGAL,-22.9938964000,-43.2352137000,"30/12/2018, 15:17:00",false,false,,Não identificado,,,false,0,0,0,0,0,0,0,0,0,0,0,0,0,0
23116,"Morro do Barbante, Galeão, Rio de Janeiro - RJ, 21941-715, Brasil",Sudeste,Rio de Janeiro,Rio de Janeiro,GALEAO,,MORRO DO BARBANTE (OU VILA JOANIZA),-22.8148203000,-43.2302931000,"30/12/2018, 17:15:00",false,false,,Não identificado,,,false,0,0,0,0,0,0,0,0,0,0,0,0,0,0
23120,"Barata, Realengo, Rio de Janeiro - RJ, 21770-100, Brasil",Sudeste,Rio de Janeiro,Rio de Janeiro,REALENGO,,,-22.8978244000,-43.4451650000,"30/12/2018, 18:48:00",false,false,,Não identificado,,,false,0,0,0,0,0,0,0,0,0,0,0,0,0,0
23126,"Engenho Novo, Rio de Janeiro - RJ, Brasil",Sudeste,Rio de Janeiro,Rio de Janeiro,ENGENHO NOVO,,,-22.9027463000,-43.2684052000,"30/12/2018, 20:10:00",false,false,,Não identificado,,,false,0,0,0,0,0,0,0,0,0,0,0,0,0,0
23124,"Az de Ouro, Parque Anchieta, Rio de Janeiro - RJ, 26510-040, Brasil",Sudeste,Rio de Janeiro,Rio de Janeiro,ANCHIETA,,FAVELA AZ DE OURO (OU BEIRA-RIO),-22.8211950000,-43.4115135000,"30/12/2018, 20:57:00",false,false,,Não identificado,,,false,0,0,0,0,0,0,0,0,0,0,0,0,0,0
23131,"Morro do Urubu - Pilares, Rio de Janeiro - RJ, Brasil",Sudeste,Rio de Janeiro,Rio de Janeiro,PILARES,,MORRO DO URUBU (COMPLEXO DO URUBU),-22.8763889000,-43.3033333000,"30/12/2018, 22:35:00",false,false,,Disputa,,,false,0,0,0,0,0,0,0,0,0,0,0,0,0,0
23133,"Favela do Rola - Santa Cruz, Rio de Janeiro - RJ, 23510-500, Brasil",Sudeste,Rio de Janeiro,Rio de Janeiro,SANTA CRUZ,,FAVELA DO ROLA 1 (COMPLEXO DO RODO),-22.9275975000,-43.6695021000,"31/12/2018, 04:18:00",false,false,,Não identificado,,,false,0,0,0,0,0,0,0,0,0,0,0,0,0,0
23141,"Vila Cabuçu - R. Dona Francisca, 256 - Lins de Vasconcelos, Rio de Janeiro - RJ, 20715-410, Brasil",Sudeste,Rio de Janeiro,Rio de Janeiro,LINS DE VASCONCELOS,,MORRO DO AMOR (COMPLEXO DO LINS),-22.9137749000,-43.2769382000,"31/12/2018, 08:00:00",true,true,N�o identificado,Ação policial,,,false,0,0,0,0,0,0,0,0,0,0,0,0,0,0
23147,"Meier, Rio de Janeiro - RJ, Brasil",Sudeste,Rio de Janeiro,Rio de Janeiro,MEIER,,,-22.9021344000,-43.2803832000,"31/12/2018, 11:00:00",false,false,,Não identificado,,,false,0,0,0,0,0,0,0,0,0,0,0,0,0,0
23160,"Guadalupe, Rio de Janeiro - RJ, Brasil",Sudeste,Rio de Janeiro,Rio de Janeiro,GUADALUPE,,,-22.8401095000,-43.3780741000,"31/12/2018, 12:00:00",false,true,,Tentativa/Roubo,,,false,0,0,0,1,0,0,0,0,0,0,0,0,0,0
23143,"Estr. dos Teixeiras, 16 - Realengo, Rio de Janeiro - RJ, 22723-205, Brasil",Sudeste,Rio de Janeiro,Rio de Janeiro,REALENGO,,CONDOMINIO VALE DOS TEIXEIRAS,-22.9100340000,-43.4180410000,"31/12/2018, 14:45:00",false,false,,Não identificado,,,false,0,0,0,0,0,0,0,0,0,0,0,0,0,0
23146,"Meier, Rio de Janeiro - RJ, Brasil",Sudeste,Rio de Janeiro,Rio de Janeiro,MEIER,,,-22.9021344000,-43.2803832000,"31/12/2018, 15:00:00",false,false,,Não identificado,,,false,0,0,0,0,0,0,0,0,0,0,0,0,0,0
23148,"Pedra Do Sapo  - Complexo do Alemão, Rio de Janeiro - RJ, 21021-261, Brasil",Sudeste,Rio de Janeiro,Rio de Janeiro,COMPLEXO DO ALEMAO,,PEDRA DO SAPO (COMPLEXO DO ALEMAO),-22.8552502000,-43.2735545000,"31/12/2018, 16:40:00",false,false,,Não identificado,,,false,0,0,0,0,0,0,0,0,0,0,0,0,0,0
23168,"Rua Luíz Gurgel - Tomás Coelho, Rio de Janeiro - RJ, 21220-300, Brasil",Sudeste,Rio de Janeiro,Rio de Janeiro,TOMAS COELHO,,MORRO DO URUBU (COMPLEXO DO URUBU),-22.8718393000,-43.3020755000,"31/12/2018, 18:00:00",false,false,,Não identificado,,,false,0,1,0,0,0,0,0,0,0,0,0,0,0,1
23165,"R. do Rio - Jacaré, Rio de Janeiro - RJ, Brasil",Sudeste,Rio de Janeiro,Rio de Janeiro,JACAREZINHO,,JACAREZINHO,-22.8889729000,-43.2591445000,"31/12/2018, 18:00:00",false,false,,Não identificado,,,false,0,1,0,0,0,0,0,0,0,0,0,0,0,0
23166,"Engenho da Rainha, Rio de Janeiro - RJ, Brasil",Sudeste,Rio de Janeiro,Rio de Janeiro,ENGENHO DA RAINHA,,,-22.8650532000,-43.2940226000,"31/12/2018, 18:00:00",false,false,,Não identificado,,,false,0,1,0,0,0,0,0,0,0,0,0,0,0,0
23150,"Comunidade do Para Pedro, Colégio, Rio de Janeiro - RJ, Brasil",Sudeste,Rio de Janeiro,Rio de Janeiro,COLEGIO,,FAVELA PARA PEDRO,-22.8386122000,-43.3339160000,"31/12/2018, 18:00:00",false,false,,Não identificado,,,false,0,0,0,0,0,0,0,0,0,0,0,0,0,0
23167,"Av. Mal. Rondon - Riachuelo, Rio de Janeiro - RJ, Brasil",Sudeste,Rio de Janeiro,Rio de Janeiro,RIACHUELO,,,-22.9034494000,-43.2556321000,"31/12/2018, 18:00:00",false,false,,Não identificado,,,false,0,1,0,0,0,0,0,0,0,0,0,0,0,1
23151,"R. Pinto Teles - Praça Seca, Rio de Janeiro - RJ, Brasil",Sudeste,Rio de Janeiro,Rio de Janeiro,PRACA SECA,,,-22.8868925000,-43.3499136000,"31/12/2018, 19:27:00",false,false,,Não identificado,,,false,0,0,0,0,0,0,0,0,0,0,0,0,0,0
23152,"R. do Paraíso - Santa Teresa, Rio de Janeiro - RJ, 20251-540, Brasil",Sudeste,Rio de Janeiro,Rio de Janeiro,SANTA TERESA,,,-22.9145350000,-43.1928470000,"31/12/2018, 19:33:00",false,false,,Não identificado,,,false,0,0,0,0,0,0,0,0,0,0,0,0,0,0
23164,"R. Fernão Cardim  - Engenho de Dentro, Rio de Janeiro - RJ, 20771-020, Brasil",Sudeste,Rio de Janeiro,Rio de Janeiro,ENGENHO DE DENTRO,,FAVELA FERNAO CARDIM,-22.8860090000,-43.2876270000,"31/12/2018, 20:00:00",false,false,,Não identificado,,,false,0,1,0,0,0,0,0,0,0,0,0,1,0,0
23177,"Morro do São João - Engenho Novo, Rio de Janeiro - RJ, 20950-370, Brasil",Sudeste,Rio de Janeiro,Rio de Janeiro,ENGENHO NOVO,,MORRO SAO JOAO,-22.9079866000,-43.2660959000,"31/12/2018, 22:00:00",true,true,PM,Tiros a esmo,,,false,0,0,0,0,0,0,0,0,0,0,0,0,0,0
23186,"Upp Morro do Adeus - Complexo do Alemão, Rio de Janeiro - RJ, 21060-505, Brasil",Sudeste,Rio de Janeiro,Rio de Janeiro,COMPLEXO DO ALEMAO,,MORRO DO ADEUS (COMPLEXO DO ALEMAO),-22.8649615000,-43.2611910000,"31/12/2018, 22:00:00",false,false,,Não identificado,,,false,0,0,0,0,0,0,0,0,0,0,0,0,0,0
23159,"Senador Camará, Rio de Janeiro - RJ, Brasil",Sudeste,Rio de Janeiro,Rio de Janeiro,SENADOR CAMARA,,,-22.8968333000,-43.4877927000,"31/12/2018, 22:02:00",false,false,,Não identificado,,,false,0,0,0,0,0,0,0,0,0,0,0,0,0,0
23155,"R. Carbonita - Bráz De Pina, Rio de Janeiro - RJ, 21215-210, Brasil",Sudeste,Rio de Janeiro,Rio de Janeiro,BRAS DE PINA,,QUITUNGO-GUAPORE,-22.8341317000,-43.2921627000,"31/12/2018, 22:04:00",false,false,,Não identificado,,,false,0,0,0,0,0,0,0,0,0,0,0,0,0,0
23169,"Copacabana - Copacabana, Rio de Janeiro - RJ, 22021-001, Brasil",Sudeste,Rio de Janeiro,Rio de Janeiro,COPACABANA,,,-22.9669151000,-43.1790000000,"01/01/2019, 00:00:00",false,false,,Não identificado,,,false,0,2,0,0,0,0,0,0,0,0,0,0,0,0
23157,"Pavão-Pavãozinho, Copacabana, Rio de Janeiro - RJ, 22071-060, Brasil",Sudeste,Rio de Janeiro,Rio de Janeiro,COPACABANA,,MORRO DO PAVAO-PAVAOZINHO,-22.9816912000,-43.1962577000,"01/01/2019, 01:00:00",false,false,,Não identificado,,,false,0,0,0,0,0,0,0,0,0,0,0,0,0,0
23158,"R. Miguel Cervantes - Cachambi, Rio de Janeiro - RJ, 20780-370, Brasil",Sudeste,Rio de Janeiro,Rio de Janeiro,CACHAMBI,,CONJUNTO IAPC DO CACHAMBI,-22.8920364000,-43.2679000000,"01/01/2019, 04:09:00",false,false,,Não identificado,,,false,0,0,0,0,0,0,0,0,0,0,0,0,0,0
23163,"R. Miguel Cervantes - Cachambi, Rio de Janeiro - RJ, 20780-370, Brasil",Sudeste,Rio de Janeiro,Rio de Janeiro,CACHAMBI,,CONJUNTO IAPC DO CACHAMBI,-22.8920364000,-43.2679000000,"01/01/2019, 08:00:00",true,true,N�o identificado,Ação policial,,,false,1,0,0,0,0,0,0,0,0,0,0,0,0,0
23172,"Tijuca, Rio de Janeiro - RJ, Brasil",Sudeste,Rio de Janeiro,Rio de Janeiro,TIJUCA,,,-22.9325728000,-43.2410248000,"01/01/2019, 18:08:00",false,false,,Não identificado,,,false,0,0,0,0,0,0,0,0,0,0,0,0,0,0
23184,"R. Lemos Brito - Quintino Bocaiuva, Rio de Janeiro - RJ, 21311-380, Brasil",Sudeste,Rio de Janeiro,Rio de Janeiro,QUINTINO BOCAIUVA,,FAVELA LEMOS DE BRITO (COMPLEXO DO 18),-22.8941141000,-43.3226422000,"02/01/2019, 06:05:00",true,true,N�o identificado,Operação policial,,,false,0,0,0,0,0,0,0,0,0,0,0,0,0,0
23188,"Rua Clarimundo de Melo  - Quintino Bocaiuva, Rio de Janeiro - RJ, 20740-320, Brasil",Sudeste,Rio de Janeiro,Rio de Janeiro,QUINTINO BOCAIUVA,,MORRO DO SACU (COMPLEXO DO 18),-22.8942464000,-43.3211096000,"02/01/2019, 13:28:00",false,false,,Não identificado,,,false,0,0,0,0,0,0,0,0,0,0,0,0,0,0
23190,"Colônia, Jacarepagua, Rio de Janeiro - RJ, Brasil",Sudeste,Rio de Janeiro,Rio de Janeiro,JACAREPAGUA,,COLONIA JULIANO MOREIRA,-22.9347612000,-43.3933607000,"02/01/2019, 17:00:00",false,false,,Não identificado,,,false,0,0,0,0,0,0,0,0,0,0,0,0,0,0
23192,"Morro Jorge Turco - Colégio, Rio de Janeiro - RJ, 20765-630, Brasi",Sudeste,Rio de Janeiro,Rio de Janeiro,COLEGIO,,MORRO JORGE TURCO,-22.8385252000,-43.3445066000,"02/01/2019, 18:33:00",true,true,N�o identificado,Ação policial,,,false,1,0,0,0,0,0,0,0,0,0,0,0,0,0
23193,"Padre Miguel, Rio de Janeiro - RJ, Brasil",Sudeste,Rio de Janeiro,Rio de Janeiro,PADRE MIGUEL,,,-22.8780979000,-43.4483194000,"02/01/2019, 19:10:00",false,false,,Não identificado,,,false,0,0,0,0,0,0,0,0,0,0,0,0,0,0
23199,"Rio Comprido, Rio de Janeiro - RJ, Brasil",Sudeste,Rio de Janeiro,Rio de Janeiro,RIO COMPRIDO,,,-22.9252336000,-43.2053404000,"02/01/2019, 22:45:00",false,false,,Não identificado,,,false,0,0,0,0,0,0,0,0,0,0,0,0,0,0
23200,"Tijuca, Rio de Janeiro - RJ, Brasil",Sudeste,Rio de Janeiro,Rio de Janeiro,TIJUCA,,,-22.9325728000,-43.2410248000,"02/01/2019, 22:46:00",false,false,,Não identificado,,,false,0,0,0,0,0,0,0,0,0,0,0,0,0,0
23198,"Santa Cruz, Rio de Janeiro - RJ, Brasil",Sudeste,Rio de Janeiro,Rio de Janeiro,SANTA CRUZ,,,-22.9196515000,-43.6843877000,"03/01/2019, 00:05:00",false,false,,Não identificado,,,false,0,0,0,0,0,0,0,0,0,0,0,0,0,0
23205,"Favela do Dique - Vigário Geral, Rio de Janeiro - RJ, Brasil",Sudeste,Rio de Janeiro,Rio de Janeiro,VIGARIO GERAL,,FAVELA DO DIQUE,-22.8018010000,-43.3185535000,"03/01/2019, 04:00:00",true,true,PM,Operação policial,,,false,0,1,0,0,0,0,0,0,0,0,0,0,0,0
23204,"Morro Dona Marta - Botafogo, Rio de Janeiro - RJ, 22260-140, Brasil",Sudeste,Rio de Janeiro,Rio de Janeiro,BOTAFOGO,,SANTA MARTA,-22.9478344000,-43.1940703000,"03/01/2019, 04:50:00",false,false,,Não identificado,,,false,0,0,0,0,0,0,0,0,0,0,0,0,0,0
23207,"Leão, Vila Kennedy, Rio de Janeiro - RJ, 21852-010, Brasil",Sudeste,Rio de Janeiro,Rio de Janeiro,VILA KENNEDY,,VILA KENNEDY,-22.8567700000,-43.4899020000,"03/01/2019, 09:20:00",false,false,,Não identificado,,,false,0,0,0,0,0,0,0,0,0,0,0,0,0,0
23208,"Engenho de Dentro, Rio de Janeiro - RJ, Brasil",Sudeste,Rio de Janeiro,Rio de Janeiro,ENGENHO DE DENTRO,,,-22.8953320000,-43.2957776000,"03/01/2019, 10:00:00",false,false,,Não identificado,,,false,0,0,0,0,0,0,0,0,0,0,0,0,0,0
23214,"Camarista Méier, Complexo do Lins, Rio de Janeiro - RJ, 20730-234, Brasil",Sudeste,Rio de Janeiro,Rio de Janeiro,ENGENHO DE DENTRO,,MORRO DA CAMARISTA (COMPLEXO DO LINS),-22.9127640000,-43.2972220000,"03/01/2019, 13:00:00",true,true,N�o identificado,Ação policial,,,false,1,0,0,0,0,0,0,0,0,0,0,0,0,0
23222,"Favela da Palmeirinha, Honório Gurgel, Rio de Janeiro - RJ, 21670-040, Brasil",Sudeste,Rio de Janeiro,Rio de Janeiro,HONORIO GURGEL,,FAVELA DA PALMEIRINHA,-22.8490126000,-43.3640456000,"03/01/2019, 16:00:00",true,true,N�o identificado,Disputa,,,false,1,0,0,0,0,0,0,0,0,0,0,0,0,0
23218,"Recreio dos Bandeirantes, Rio de Janeiro - RJ, Brasil",Sudeste,Rio de Janeiro,Rio de Janeiro,RECREIO DOS BANDEIRANTES,,,-23.0136663000,-43.4634068000,"03/01/2019, 20:16:00",false,false,,Não identificado,,,false,0,0,0,0,0,0,0,0,0,0,0,0,0,0
23221,"Av. Brasil - Guadalupe, Rio de Janeiro - RJ, Brasil",Sudeste,Rio de Janeiro,Rio de Janeiro,GUADALUPE,,,-22.8427263000,-43.3730742000,"03/01/2019, 21:30:00",true,true,N�o identificado,Tentativa/Roubo,,,false,0,0,0,0,0,0,0,0,0,0,0,0,0,0
23220,"Oswaldo Cruz, Rio de Janeiro - RJ, Brasil",Sudeste,Rio de Janeiro,Rio de Janeiro,OSVALDO CRUZ,,,-22.8749746000,-43.3511770000,"03/01/2019, 21:48:00",false,false,,Não identificado,,,false,0,0,0,0,0,0,0,0,0,0,0,0,0,0
23223,"Vila Aliança, Bangu, Rio de Janeiro - RJ, 21842-360, Brasil",Sudeste,Rio de Janeiro,Rio de Janeiro,BANGU,,VILA ALIANCA,-22.8705360000,-43.4797640000,"04/01/2019, 03:14:00",true,true,PM,Ação policial,,,false,0,2,0,0,0,0,0,0,0,0,0,0,0,0
23224,"Estr. Srg. Miguel Filho, Vila Kennedy, Rio de Janeiro - RJ, Brasil",Sudeste,Rio de Janeiro,Rio de Janeiro,VILA KENNEDY,,VILA KENNEDY,-22.8588961000,-43.4870104000,"04/01/2019, 04:17:00",false,false,,Não identificado,,,false,0,0,0,0,0,0,0,0,0,0,0,0,0,0
23228,"R. Canitar - Complexo do Alemão, Rio de Janeiro - RJ, Brasil",Sudeste,Rio de Janeiro,Rio de Janeiro,COMPLEXO DO ALEMAO,,MORRO DAS PALMEIRAS (COMPLEXO DO ALEMAO),-22.8603985000,-43.2821082000,"04/01/2019, 07:30:00",false,false,,Não identificado,,,false,0,0,0,0,0,0,0,0,0,0,0,0,0,0
23231,"R. Itabaiana - Grajau, Rio de Janeiro - RJ, 20561-050, Brasil",Sudeste,Rio de Janeiro,Rio de Janeiro,GRAJAU,,,-22.9213803000,-43.2641528000,"04/01/2019, 07:40:00",false,true,,Suicídio,,,false,0,0,1,0,0,0,0,0,0,0,0,0,0,0
23242,"Av. Brasil - Guadalupe, Rio de Janeiro - RJ, Brasil",Sudeste,Rio de Janeiro,Rio de Janeiro,GUADALUPE,,,-22.8427263000,-43.3730742000,"04/01/2019, 08:00:00",true,true,N�o identificado,Tentativa/Roubo de cargas,,,false,0,0,0,0,0,0,0,0,0,0,0,0,0,0
23229,"Morro do São João - Engenho Novo, Rio de Janeiro - RJ, 20950-370, Brasil",Sudeste,Rio de Janeiro,Rio de Janeiro,ENGENHO NOVO,,MORRO SAO JOAO,-22.9078627000,-43.2659281000,"04/01/2019, 08:09:00",false,false,,Não identificado,,,false,0,0,0,0,0,0,0,0,0,0,0,0,0,0
23239,"Morro da Árvore - Lins de Vasconcelos, Rio de Janeiro - RJ, 20715-430, Brasil",Sudeste,Rio de Janeiro,Rio de Janeiro,LINS DE VASCONCELOS,,ARVORE SECA (COMPLEXO DO LINS),-22.9152740000,-43.2787500000,"04/01/2019, 12:44:00",true,true,UPP (Lins),Operação policial,,,false,0,0,0,0,0,0,0,0,0,0,0,0,0,0
23241,"R. Juíz Jorge Salomão - Engenho Novo, Rio de Janeiro - RJ, 20950-360, Brasil",Sudeste,Rio de Janeiro,Rio de Janeiro,ENGENHO NOVO,,MORRO SAO JOAO,-22.9075126000,-43.2668791000,"04/01/2019, 13:13:00",true,true,UPP (S�o Jo�o),Tentativa/Roubo de cargas,,,false,0,0,0,0,0,0,0,0,0,0,0,0,0,0
23236,"R. Arapa - Complexo do Alemão, Rio de Janeiro - RJ, 21060-540, Brasil",Sudeste,Rio de Janeiro,Rio de Janeiro,COMPLEXO DO ALEMAO,,MORRO DO ADEUS (COMPLEXO DO ALEMAO),-22.8630270000,-43.2650444000,"04/01/2019, 13:58:00",true,true,N�o identificado,Ação policial,,,false,0,0,0,0,0,0,0,0,0,0,0,0,0,0
23240,"Morro do Jordão - Tanque, Rio de Janeiro - RJ, 22725-000, Brasil",Sudeste,Rio de Janeiro,Rio de Janeiro,TANQUE,,MORRO DO JORDAO,-22.9100133000,-43.3779154000,"04/01/2019, 15:15:00",false,false,,Não identificado,,,false,0,0,0,0,0,0,0,0,0,0,0,0,0,0
23243,"Teixeiras, Taquara, Rio de Janeiro - RJ, 22723-205, Brasil",Sudeste,Rio de Janeiro,Rio de Janeiro,TAQUARA,,TEIXEIRAS,-22.9077975000,-43.4211704000,"04/01/2019, 17:31:00",false,false,,Não identificado,,,false,0,0,0,0,0,0,0,0,0,0,0,0,0,0
23246,"Morro do Adeus, Complexo do Alemão, Rio de Janeiro - RJ, Brasil",Sudeste,Rio de Janeiro,Rio de Janeiro,COMPLEXO DO ALEMAO,,MORRO DO ADEUS (COMPLEXO DO ALEMAO),-22.8654866000,-43.2619815000,"04/01/2019, 19:02:00",false,false,,Não identificado,,,false,0,0,0,0,0,0,0,0,0,0,0,0,0,0
23249,"Morro do Jordão, Taquara, Rio de Janeiro - RJ, 22725-000, Brasil",Sudeste,Rio de Janeiro,Rio de Janeiro,TAQUARA,,MORRO DO JORDAO,-22.9144036000,-43.3779073000,"04/01/2019, 21:19:00",false,false,,Não identificado,,,false,0,0,0,0,0,0,0,0,0,0,0,0,0,0
23253,"Santa Marta,  Botafogo, Rio de Janeiro - RJ, 22260-140, Brasil",Sudeste,Rio de Janeiro,Rio de Janeiro,BOTAFOGO,,SANTA MARTA,-22.9483710000,-43.1935330000,"04/01/2019, 21:55:00",true,true,UPP (Santa Marta),Ação policial,,,false,0,0,0,0,0,0,0,0,0,0,0,0,0,0
23254,"Av. Brasil - Bonsucesso, Rio de Janeiro - RJ, Brasil",Sudeste,Rio de Janeiro,Rio de Janeiro,MARE,,COMPLEXO DA MARE,-22.8639186000,-43.2476439000,"04/01/2019, 23:00:00",true,true,PM,Ação policial,,Perseguição,false,0,0,0,0,0,0,0,0,0,0,0,0,0,0
23261,"Chacrinha, Praça Seca, Rio de Janeiro - RJ, 22733-020, Brasil",Sudeste,Rio de Janeiro,Rio de Janeiro,PRACA SECA,,FAVELA DA CHACRINHA,-22.8998850000,-43.3610940000,"05/01/2019, 07:51:00",true,true,PM,Operação policial,,,false,0,0,0,0,0,0,0,0,0,0,0,0,0,0
23271,"Comunidade Rato Molhado - Jacaré, Rio de Janeiro - RJ, 20970-140, Brasil",Sudeste,Rio de Janeiro,Rio de Janeiro,SAMPAIO,,FAVELA DO RATO MOLHADO (OU DOIS DE MAIO),-22.8973746000,-43.2606318000,"05/01/2019, 09:30:00",true,true,UPP (Jacarezinho),Ação policial,,,false,0,1,0,0,0,0,0,0,0,0,0,0,0,0
23270,"Linha Amarela - Bonsucesso, Rio de Janeiro - RJ, Brasil",Sudeste,Rio de Janeiro,Rio de Janeiro,BONSUCESSO,,,-22.8716650000,-43.2561132000,"05/01/2019, 12:40:00",true,true,PM,Ação policial,,,false,0,0,1,0,0,0,0,0,0,0,0,0,0,0
23278,"Mandela, Manguinhos, Rio de Janeiro - RJ, 23097-606, Brasil",Sudeste,Rio de Janeiro,Rio de Janeiro,MANGUINHOS,,MANDELA (COMPLEXO DE MANGUINHOS),-22.8826400000,-43.2488960000,"05/01/2019, 17:41:00",true,true,N�o identificado,Ação policial,,,false,0,0,0,0,0,0,0,0,0,0,0,0,0,0
23280,"Vila Aliança, Bangu, Rio de Janeiro - RJ, 21842-740, Brasil",Sudeste,Rio de Janeiro,Rio de Janeiro,BANGU,,VILA ALIANCA,-22.8648423000,-43.4771013000,"05/01/2019, 19:00:00",false,false,,Não identificado,,,false,0,0,0,0,0,0,0,0,0,0,0,0,0,0
23286,"Chacrinha, Praça Seca, Rio de Janeiro - RJ, 22733-020, Brasil",Sudeste,Rio de Janeiro,Rio de Janeiro,PRACA SECA,,FAVELA DA CHACRINHA,-22.9006822000,-43.3593762000,"06/01/2019, 01:16:00",false,false,,Não identificado,,,false,0,0,0,0,0,0,0,0,0,0,0,0,0,0
23289,"Av. Min. Ary Franco - Bangu, Rio de Janeiro - RJ, 21862-005, Brasil",Sudeste,Rio de Janeiro,Rio de Janeiro,BANGU,,,-22.8667880000,-43.4650595000,"06/01/2019, 02:00:00",false,false,,Não identificado,,,false,0,0,0,0,0,0,0,0,0,0,0,0,0,0
23297,"R. Leopoldo Bulhões - Manguinhos, Rio de Janeiro - RJ, Brasil",Sudeste,Rio de Janeiro,Rio de Janeiro,MANGUINHOS,,COMPLEXO DE MANGUINHOS,-22.8820321000,-43.2496748000,"06/01/2019, 03:00:00",true,true,N�o identificado,Operação policial,,,false,0,0,0,0,0,0,0,0,0,0,0,0,0,0
23287,"Av. Dom Hélder Câmara, Jacarezinho, Rio de Janeiro - RJ, 20973-012, Brasil",Sudeste,Rio de Janeiro,Rio de Janeiro,JACAREZINHO,,JACAREZINHO,-22.8835250000,-43.2542300000,"06/01/2019, 03:50:00",true,true,N�o identificado,Operação policial,,,false,1,0,0,0,0,0,0,0,0,0,0,0,0,0
23293,"Estr. dos Teixeiras - Taquara, Rio de Janeiro - RJ, Brasil",Sudeste,Rio de Janeiro,Rio de Janeiro,TAQUARA,,TEIXEIRAS,-22.9133843000,-43.4156717000,"06/01/2019, 07:15:00",false,false,,Não identificado,,,false,0,0,0,0,0,0,0,0,0,0,0,0,0,0
23294,"R. Alcobaça - Anchieta, Rio de Janeiro - RJ, Brasil",Sudeste,Rio de Janeiro,Rio de Janeiro,ANCHIETA,,FAVELA DO JAVALI (COMPLEXO DO CHAPADAO),-22.8268424000,-43.3921702000,"06/01/2019, 07:40:00",false,false,,Não identificado,,,false,0,0,0,0,0,0,0,0,0,0,0,0,0,0
23291,"R. Canitar - Complexo do Alemão, Rio de Janeiro - RJ, Brasil",Sudeste,Rio de Janeiro,Rio de Janeiro,COMPLEXO DO ALEMAO,,MORRO DAS PALMEIRAS (COMPLEXO DO ALEMAO),-22.8603985000,-43.2821082000,"06/01/2019, 07:47:00",false,false,,Não identificado,,,false,0,0,0,0,0,0,0,0,0,0,0,0,0,0
23295,"Morro da Chacrinha - Praça Seca, Rio de Janeiro - RJ, 22733-040, Brasil",Sudeste,Rio de Janeiro,Rio de Janeiro,PRACA SECA,,FAVELA DA CHACRINHA,-22.9023720000,-43.3606020000,"06/01/2019, 09:04:00",true,true,N�o identificado,Disputa,,,false,0,1,0,0,0,0,0,0,0,0,0,0,0,0
23300,"Estr. João Paulo - Barros Filho, Rio de Janeiro - RJ, Brasil",Sudeste,Rio de Janeiro,Rio de Janeiro,BARROS FILHO,,PROENCA ROSA,-22.8386085000,-43.3624170000,"06/01/2019, 09:30:00",true,true,N�o identificado,Ação policial,,,false,0,0,0,0,0,0,0,0,0,0,0,0,0,0
23296,"R. Canitar, Complexo do Alemão, Rio de Janeiro - RJ, Brasil",Sudeste,Rio de Janeiro,Rio de Janeiro,COMPLEXO DO ALEMAO,,MORRO DAS PALMEIRAS (COMPLEXO DO ALEMAO),-22.8604175000,-43.2819875000,"06/01/2019, 10:03:00",false,false,,Não identificado,,,false,0,0,0,0,0,0,0,0,0,0,0,0,0,0
23302,"R. da Chácara - Vila Valqueire, Rio de Janeiro - RJ, Brasil",Sudeste,Rio de Janeiro,Rio de Janeiro,VILA VALQUEIRE,,FAVELA MORRO DO TUNEL,-22.8992158000,-43.3687431000,"06/01/2019, 12:21:00",true,true,N�o identificado,Ação policial,,,false,0,0,0,0,0,0,0,0,0,0,0,0,0,0
23307,"Rua Cândido Benício, Praça Seca, Rio de Janeiro - RJ, 21320-060, Brasil",Sudeste,Rio de Janeiro,Rio de Janeiro,PRACA SECA,,,-22.9008595000,-43.3546326000,"06/01/2019, 16:44:00",false,false,,Não identificado,,,false,0,0,0,0,0,0,0,0,0,0,0,0,0,0
23311,"Bandeira 2, Del Castilho, Rio de Janeiro - RJ, 20771-595, Brasil",Sudeste,Rio de Janeiro,Rio de Janeiro,DEL CASTILHO,,FAVELA BANDEIRA 2,-22.8813939000,-43.2681728000,"06/01/2019, 17:57:00",false,false,,Não identificado,,,false,0,0,0,0,0,0,0,0,0,0,0,0,0,0
23313,"Favela da Chacrinha, Praça Seca, Rio de Janeiro - RJ, 22733-001, Brasil",Sudeste,Rio de Janeiro,Rio de Janeiro,PRACA SECA,,FAVELA DA CHACRINHA,-22.9049296000,-43.3579806000,"06/01/2019, 18:35:00",true,true,18 BPM,Operação policial,,,true,3,0,0,0,0,0,0,0,0,0,1,0,0,0
23325,"Jacarezinho, Rio de Janeiro - RJ, Brasil",Sudeste,Rio de Janeiro,Rio de Janeiro,JACAREZINHO,,JACAREZINHO,-22.8875573000,-43.2581953000,"07/01/2019, 04:26:00",true,true,BOPE,Operação policial,,,false,0,0,0,0,0,0,0,0,0,0,0,0,0,0
23323,"Merendiba - Vila Cruzeiro - Complexo da  Penha, Rio de Janeiro - RJ, 21070-730, Brasil",Sudeste,Rio de Janeiro,Rio de Janeiro,OLARIA,,MORRO DA MERENDIBA (COMPLEXO DA PENHA),-22.8473310000,-43.2754000000,"07/01/2019, 07:45:00",false,false,,Não identificado,,,false,0,0,0,0,0,0,0,0,0,0,0,0,0,0
23327,"Favela da Chacrinha - Praça Seca, Rio de Janeiro - RJ, 22733-040, Brasil",Sudeste,Rio de Janeiro,Rio de Janeiro,PRACA SECA,,FAVELA DA CHACRINHA,-22.9013240000,-43.3622200000,"07/01/2019, 11:10:00",false,false,,Não identificado,,,false,0,0,0,0,0,0,0,0,0,0,0,0,0,0
23328,"Rua Clarimundo de Melo, 803 - Quintino Bocaiuva, Rio de Janeiro - RJ, 20740-320, Brasil",Sudeste,Rio de Janeiro,Rio de Janeiro,QUINTINO BOCAIUVA,,MORRO DO SACU (COMPLEXO DO 18),-22.8938240000,-43.3217889000,"07/01/2019, 13:32:00",false,false,,Não identificado,,,false,0,0,0,0,0,0,0,0,0,0,0,0,0,0
23329,"Complexo do Chapadão - Costa Barros, Rio de Janeiro - RJ, 21755-470, Brasil",Sudeste,Rio de Janeiro,Rio de Janeiro,COSTA BARROS,,COMPLEXO DO CHAPADAO,-22.8240527000,-43.3746055000,"07/01/2019, 13:38:00",false,false,,Não identificado,,,false,0,0,0,0,0,0,0,0,0,0,0,0,0,0
23332,"Vila Aliança - Bangu, Rio de Janeiro - RJ, 21866-230, Brasil",Sudeste,Rio de Janeiro,Rio de Janeiro,BANGU,,VILA ALIANCA,-22.8669903000,-43.4804783000,"07/01/2019, 14:40:00",false,false,,Não identificado,,,false,0,0,0,0,0,0,0,0,0,0,0,0,0,0
23339,"Senador Camará, Rio de Janeiro - RJ, Brasil",Sudeste,Rio de Janeiro,Rio de Janeiro,SENADOR CAMARA,,,-22.8968333000,-43.4877927000,"07/01/2019, 19:29:00",false,false,,Não identificado,,,false,0,0,0,0,0,0,0,0,0,0,0,0,0,0
23342,"Favela da Chacrinha - Praça Seca, Rio de Janeiro - RJ, 22733-040, Brasil",Sudeste,Rio de Janeiro,Rio de Janeiro,PRACA SECA,,FAVELA DA CHACRINHA,-22.9048084000,-43.3550791000,"08/01/2019, 05:19:00",false,false,,Não identificado,,,false,0,0,0,0,0,0,0,0,0,0,0,0,0,0
23347,"Chacrinha, R. Florianópolis - Praça Seca, Rio de Janeiro - RJ, Brasil",Sudeste,Rio de Janeiro,Rio de Janeiro,PRACA SECA,,FAVELA DA CHACRINHA,-22.8994965000,-43.3552560000,"08/01/2019, 08:08:00",false,false,,Não identificado,,,false,0,0,0,0,0,0,0,0,0,0,0,0,0,0
23349,"Chacrinha - Praça Seca, Rio de Janeiro - RJ, 21321-052, Brasil",Sudeste,Rio de Janeiro,Rio de Janeiro,PRACA SECA,,FAVELA DA CHACRINHA,-22.8993569000,-43.3557790000,"08/01/2019, 09:40:00",true,true,PM,Operação policial,,,false,0,0,0,0,0,0,0,0,0,0,0,0,0,0
23355,"Av. Frederico Faulhaber - Realengo, Rio de Janeiro - RJ, Brasil",Sudeste,Rio de Janeiro,Rio de Janeiro,REALENGO,,COMUNIDADE COSME E DAMIAO,-22.8921374000,-43.4196031000,"08/01/2019, 10:00:00",false,true,,Homicidio/Tentativa,,"Outros,Entrada na Favela por Engano",false,0,0,0,2,0,0,0,0,0,0,0,0,0,0
23356,"R. Cândido Benício  - Praça Seca, Rio de Janeiro - RJ, 22733-000, Brasil",Sudeste,Rio de Janeiro,Rio de Janeiro,PRACA SECA,,,-22.9034755000,-43.3559967000,"08/01/2019, 12:00:00",false,false,,Disputa,,,false,0,1,0,0,0,0,0,0,0,0,0,0,0,0
23360,"Complexo do Lins - Lins de Vasconcelos, Rio de Janeiro - RJ, 20725-090, Brasil",Sudeste,Rio de Janeiro,Rio de Janeiro,LINS DE VASCONCELOS,,COMPLEXO DO LINS,-22.9126441000,-43.2835947000,"08/01/2019, 13:00:00",true,true,N�o identificado,Operação policial,,,false,0,0,0,0,0,0,0,0,0,0,0,0,0,0
23366,"Chacrinha, Praça Seca, Rio de Janeiro - RJ, 22733-040, Brasil",Sudeste,Rio de Janeiro,Rio de Janeiro,PRACA SECA,,FAVELA DA CHACRINHA,-22.9015549000,-43.3612630000,"08/01/2019, 17:49:00",false,false,,Não identificado,,,false,0,0,0,0,0,0,0,0,0,0,0,0,0,0
23375,"Viaduto do Gasômetro - Caju, Rio de Janeiro - RJ, Brasil",Sudeste,Rio de Janeiro,Rio de Janeiro,CAJU,,,-22.8900530000,-43.2175842000,"08/01/2019, 19:40:00",false,true,,Tentativa/Roubo,,,false,1,0,0,0,0,0,0,0,0,0,0,0,0,0
23368,"Boquinha, Mangueira, Rio de Janeiro - RJ, Brasil",Sudeste,Rio de Janeiro,Rio de Janeiro,MANGUEIRA,,MANGUEIRA,-22.9052507000,-43.2340127000,"08/01/2019, 19:59:00",false,false,,Não identificado,,,false,0,0,0,0,0,0,0,0,0,0,0,0,0,0
23371,"Chacrinha, Praça Seca, Rio de Janeiro - RJ, 22733-040, Brasil",Sudeste,Rio de Janeiro,Rio de Janeiro,PRACA SECA,,FAVELA DA CHACRINHA,-22.9015549000,-43.3612630000,"08/01/2019, 20:49:00",false,false,,Não identificado,,,false,0,0,0,0,0,0,0,0,0,0,0,0,0,0
23373,"Av. Braz de Pina - Vista Alegre, Rio de Janeiro - RJ, 21231-020, Brasil",Sudeste,Rio de Janeiro,Rio de Janeiro,VISTA ALEGRE,,,-22.8323261000,-43.3188522000,"08/01/2019, 21:44:00",false,false,,Não identificado,,,false,0,0,0,0,0,0,0,0,0,0,0,0,0,0
23374,Vila Aliança,Sudeste,Rio de Janeiro,Rio de Janeiro,BANGU,,VILA ALIANCA,-22.8758740000,-43.4738620000,"08/01/2019, 22:41:00",false,false,,Não identificado,,,false,0,0,0,0,0,0,0,0,0,0,0,0,0,0
23386,"R. J. J. Cowsert, Tomás Coelho, Rio de Janeiro - RJ, 20765-630, Brasil",Sudeste,Rio de Janeiro,Rio de Janeiro,TOMAS COELHO,,MORRO DO JURAMENTO (COMPLEXO DO JURAMENTO),-22.8659594000,-43.3099565000,"09/01/2019, 03:00:00",true,true,PM,Ação policial,,,false,1,0,0,0,0,0,0,0,0,0,0,0,0,0
23385,"Estrada do Mato Alto, Guaratiba, Rio de Janeiro - RJ, 23030-690, Brasil",Sudeste,Rio de Janeiro,Rio de Janeiro,GUARATIBA,,,-22.9776150000,-43.5897351000,"09/01/2019, 03:00:00",false,true,,Tentativa/Roubo,,,false,0,0,0,1,0,0,0,0,0,0,0,0,0,0
23380,"Final Feliz, Complexo do Chapadão - Anchieta, Rio de Janeiro - RJ, 21645-560, Brasil",Sudeste,Rio de Janeiro,Rio de Janeiro,ANCHIETA,,MORRO DO FINAL FELIZ (COMPLEXO DO CHAPADAO),-22.8258990000,-43.3870780000,"09/01/2019, 05:49:00",false,false,,Não identificado,,,false,0,0,0,0,0,0,0,0,0,0,0,0,0,0
23387,"Vidigal, Rio de Janeiro - RJ, Brasil",Sudeste,Rio de Janeiro,Rio de Janeiro,VIDIGAL,,VIDIGAL,-22.9939022000,-43.2358343000,"09/01/2019, 06:40:00",false,false,,Não identificado,,,false,0,0,0,0,0,0,0,0,0,0,0,0,0,0
23390,"Chapéu Mangueira - Leme, Rio de Janeiro - RJ, 22010-011, Brasil",Sudeste,Rio de Janeiro,Rio de Janeiro,LEME,,CHAPEU-MANGUEIRA,-22.9602869000,-43.1673802000,"09/01/2019, 08:00:00",false,false,,Não identificado,,,false,0,0,0,0,0,0,0,0,0,0,0,0,0,0
23389,"Morro da Pedreira - Costa Barros, Rio de Janeiro - RJ, 21515-460, Brasil",Sudeste,Rio de Janeiro,Rio de Janeiro,COSTA BARROS,,MORRO DA PEDREIRA (COMPLEXO DA PEDREIRA),-22.8235797000,-43.3582608000,"09/01/2019, 10:30:00",false,false,,Não identificado,,,false,0,0,0,0,0,0,0,0,0,0,0,0,0,0
23395,"Av. das Américas - Barra da Tijuca, Rio de Janeiro - RJ, 22793-081, Brasil",Sudeste,Rio de Janeiro,Rio de Janeiro,BARRA DA TIJUCA,,,-23.0016562000,-43.3882029000,"09/01/2019, 14:40:00",false,false,,Tentativa/Roubo,,Presença de Agente Privado de Segurança,false,0,2,0,0,0,0,0,0,0,0,0,0,0,0
23397,"Vila Aliança  - Bangu, Rio de Janeiro - RJ, 21842-000, Brasil",Sudeste,Rio de Janeiro,Rio de Janeiro,BANGU,,VILA ALIANCA,-22.8651770000,-43.4766990000,"09/01/2019, 15:44:00",false,false,,Não identificado,,,false,0,0,0,0,0,0,0,0,0,0,0,0,0,0
23401,"R. Congo, Vila Kennedy - Bangu, Rio de Janeiro - RJ, 21852-580, Brasil",Sudeste,Rio de Janeiro,Rio de Janeiro,VILA KENNEDY,,VILA KENNEDY,-22.8621150000,-43.4908550000,"09/01/2019, 16:26:00",false,false,,Não identificado,,,false,0,0,0,0,0,0,0,0,0,0,0,0,0,0
23407,"Rua do Bispo, Rio Comprido, Rio de Janeiro - RJ, 20261-066, Brasil",Sudeste,Rio de Janeiro,Rio de Janeiro,RIO COMPRIDO,,MORRO DO TURANO,-22.9220424000,-43.2146508000,"09/01/2019, 19:48:00",true,true,PM,Ação policial,,,false,0,0,0,0,0,0,0,0,0,0,0,0,0,0
23411,"Bangu, Rio de Janeiro - RJ, Brasil",Sudeste,Rio de Janeiro,Rio de Janeiro,BANGU,,,-22.8742263000,-43.4685442000,"09/01/2019, 23:08:00",false,false,,Não identificado,,,false,0,0,0,0,0,0,0,0,0,0,0,0,0,0
23413,"Favela da Ficap, Jardim América, Rio de Janeiro - RJ, Brasil",Sudeste,Rio de Janeiro,Rio de Janeiro,JARDIM AMERICA,,FAVELA DA FICAP,-22.8062080000,-43.3324460000,"10/01/2019, 03:30:00",false,false,,Não identificado,,,false,0,0,0,0,0,0,0,0,0,0,0,0,0,0
23412,"Chapéu Mangueira - Leme, Rio de Janeiro - RJ, 22010-011, Brasil",Sudeste,Rio de Janeiro,Rio de Janeiro,LEME,,CHAPEU-MANGUEIRA,-22.9604902000,-43.1697401000,"10/01/2019, 03:50:00",false,false,,Não identificado,,,false,0,0,0,0,0,0,0,0,0,0,0,0,0,0
23418,"R. Borja Reis,  Engenho de Dentro, Rio de Janeiro - RJ, 20745-100, Brasil",Sudeste,Rio de Janeiro,Rio de Janeiro,ENGENHO DE DENTRO,,,-22.9045421000,-43.2987082000,"10/01/2019, 05:30:00",true,true,PM,Tentativa/Roubo,,,false,0,0,0,0,0,0,0,0,0,0,0,0,0,0
23414,"Deodoro, Rio de Janeiro - RJ, Brasil",Sudeste,Rio de Janeiro,Rio de Janeiro,DEODORO,,,-22.8564826000,-43.3849845000,"10/01/2019, 05:35:00",false,false,,Não identificado,,,false,0,0,0,0,0,0,0,0,0,0,0,0,0,0
23417,"Ap e Pantanal - Cidade de Deus, Rio de Janeiro - RJ, Brasil",Sudeste,Rio de Janeiro,Rio de Janeiro,CIDADE DE DEUS,,CIDADE DE DEUS,-22.9481688000,-43.3626721000,"10/01/2019, 07:07:00",true,true,N�o identificado,Ação policial,,,false,0,0,0,0,0,0,0,0,0,0,0,0,0,0
23420,"Merendiba - Vila Cruzeiro - Complexo da Penha, Rio de Janeiro - RJ, 21070-730, Brasil",Sudeste,Rio de Janeiro,Rio de Janeiro,OLARIA,,MORRO DA MERENDIBA (COMPLEXO DA PENHA),-22.8472420000,-43.2754330000,"10/01/2019, 07:15:00",false,false,,Não identificado,,,false,0,0,0,0,0,0,0,0,0,0,0,0,0,0
23424,"Malvinas, Vila Kennedy Bangu, Rio de Janeiro - RJ, 21850-260, Brasil",Sudeste,Rio de Janeiro,Rio de Janeiro,VILA KENNEDY,,VILA KENNEDY,-22.8622295000,-43.4864963000,"10/01/2019, 08:08:00",false,false,,Não identificado,,,false,0,0,0,0,0,0,0,0,0,0,0,0,0,0
23428,"Av. Brasil - Maré, Rio de Janeiro - RJ, Brasil",Sudeste,Rio de Janeiro,Rio de Janeiro,MARE,,COMPLEXO DA MARE,-22.8587984000,-43.2476958000,"10/01/2019, 09:00:00",false,true,,Tentativa/Roubo,,,false,0,1,0,0,0,0,0,0,0,0,0,0,0,0
23431,"Morro da Providência - Gambôa, Rio de Janeiro - RJ, 20221-310, Brasil",Sudeste,Rio de Janeiro,Rio de Janeiro,GAMBOA,,MORRO DA PROVIDENCIA,-22.9002778000,-43.1952778000,"10/01/2019, 12:39:00",true,true,N�o identificado,Ação policial,,,false,0,0,0,0,0,0,0,0,0,0,0,0,0,0
23437,"R. Iracema - Penha, Rio de Janeiro - RJ, 21070-020, Brasil",Sudeste,Rio de Janeiro,Rio de Janeiro,PENHA,,MORRO DA CAIXA D'AGUA (COMPLEXO DA PENHA),-22.8418610000,-43.2874905000,"10/01/2019, 16:00:00",true,true,PM,Ação policial,,,false,0,0,0,0,0,0,0,0,0,0,0,0,0,0
23442,"R. Dr. Noguchi, Morro do Adeus, Complexo do Alemão, Ramos, Rio de Janeiro - RJ, Brasil",Sudeste,Rio de Janeiro,Rio de Janeiro,COMPLEXO DO ALEMAO,,MORRO DO ADEUS (COMPLEXO DO ALEMAO),-22.8606286000,-43.2630267000,"11/01/2019, 00:53:00",false,false,,Não identificado,,,false,0,0,0,0,0,0,0,0,0,0,0,0,0,0
23447,"Morro do Urubu, Piedade, Rio de Janeiro - RJ, 21381-150, Brasil",Sudeste,Rio de Janeiro,Rio de Janeiro,PIEDADE,,MORRO DO URUBU (COMPLEXO DO URUBU),-22.8761598000,-43.3078797000,"11/01/2019, 05:30:00",true,true,PM,Operação policial,,,false,0,1,0,0,0,0,0,0,0,0,0,0,0,0
23452,"Vila Kennedy - Bangu, Rio de Janeiro - RJ, 21850-020, Brasil",Sudeste,Rio de Janeiro,Rio de Janeiro,VILA KENNEDY,,VILA KENNEDY,-22.8604006000,-43.4884116000,"11/01/2019, 08:03:00",false,false,,Não identificado,,,false,0,0,0,0,0,0,0,0,0,0,0,0,0,0
23458,"Rua Jaci - Penha, Rio de Janeiro - RJ, 21070-130, Brasil",Sudeste,Rio de Janeiro,Rio de Janeiro,PENHA,,MORRO DA CAIXA D'AGUA (COMPLEXO DA PENHA),-22.8436590000,-43.2867460000,"11/01/2019, 12:20:00",true,true,UPP (Complexo da Penha),Operação policial,,,false,0,0,0,0,0,0,0,0,0,0,0,0,0,0
23459,"Fallet/Fogueteiro - Santa Teresa, Rio de Janeiro - RJ, 20240-090, Brasil",Sudeste,Rio de Janeiro,Rio de Janeiro,SANTA TERESA,,FALLET/FOGUETEIRO,-22.9255441000,-43.1921025000,"11/01/2019, 15:08:00",true,true,N�o identificado,Operação policial,,,false,0,0,0,0,0,0,0,0,0,0,0,0,0,0
23463,"Morro da Formiga - Tijuca, Rio de Janeiro - RJ, 20530-120, Brasil",Sudeste,Rio de Janeiro,Rio de Janeiro,TIJUCA,,MORRO DA FORMIGA,-22.9435390000,-43.2414240000,"11/01/2019, 16:54:00",false,false,,Não identificado,,,false,0,0,0,0,0,0,0,0,0,0,0,0,0,0
23466,"Cachoeirinha,  Lins de Vasconcelos, Rio de Janeiro - RJ, 20725-140, Brasil",Sudeste,Rio de Janeiro,Rio de Janeiro,LINS DE VASCONCELOS,,MORRO DA CACHOEIRINHA (COMPLEXO DO LINS),-22.9196001000,-43.2855347000,"11/01/2019, 17:30:00",true,true,UPP (Lins),Ação policial,,,false,0,0,0,0,0,0,0,0,0,0,0,0,0,0
23464,"R. Dr. Augusto Figueiredo - Senador Camará, Rio de Janeiro - RJ, Brasil",Sudeste,Rio de Janeiro,Rio de Janeiro,BANGU,,VILA ALIANCA,-22.8740996000,-43.4787222000,"11/01/2019, 19:34:00",false,false,,Não identificado,,,false,0,0,0,0,0,0,0,0,0,0,0,0,0,0
23465,"R. Laurindo Filho - Cavalcanti, Rio de Janeiro - RJ, Brasil",Sudeste,Rio de Janeiro,Rio de Janeiro,CAVALCANTI,,MORRO DA PRIMAVERA,-22.8696902000,-43.3167235000,"11/01/2019, 19:46:00",false,false,,Não identificado,,,false,0,0,0,0,0,0,0,0,0,0,0,0,0,0
23468,"Furquim Mendes, Jardim America, Rio de Janeiro - RJ, 21240-080, Brasil",Sudeste,Rio de Janeiro,Rio de Janeiro,JARDIM AMERICA,,FURQUIM MENDES,-22.8112389000,-43.3193931000,"11/01/2019, 20:57:00",false,false,,Não identificado,,,false,0,0,0,0,0,0,0,0,0,0,0,0,0,0
23476,"Bangu Atlético Clube, R. Sul América, 950 - Bangu, Rio de Janeiro - RJ, 21870-100, Brasil",Sudeste,Rio de Janeiro,Rio de Janeiro,BANGU,,,-22.8733699000,-43.4570508000,"11/01/2019, 21:00:00",false,false,,Briga,,,false,1,0,0,0,0,0,0,0,0,0,0,0,0,0
23470,"Tomás Coelho, Rio de Janeiro - RJ, Brasil",Sudeste,Rio de Janeiro,Rio de Janeiro,TOMAS COELHO,,,-22.8683062000,-43.3044361000,"11/01/2019, 21:45:00",false,false,,Não identificado,,,false,0,0,0,0,0,0,0,0,0,0,0,0,0,0
23475,"Morro do Urubu, Pilares, Rio de Janeiro - RJ, 20751-300, Brasil",Sudeste,Rio de Janeiro,Rio de Janeiro,PILARES,,MORRO DO URUBU (COMPLEXO DO URUBU),-22.8763889000,-43.3033333000,"12/01/2019, 04:00:00",false,false,,Não identificado,,,false,0,0,0,0,0,0,0,0,0,0,0,0,0,0
23478,"Metral, Vila Kennedy, Rio de Janeiro - RJ, 21853-600, Brasil",Sudeste,Rio de Janeiro,Rio de Janeiro,VILA KENNEDY,,VILA KENNEDY,-22.8550195000,-43.4971339000,"12/01/2019, 05:34:00",false,false,,Não identificado,,,false,0,0,0,0,0,0,0,0,0,0,0,0,0,0
23482,"Guadalupe, Rio de Janeiro - RJ, Brasil",Sudeste,Rio de Janeiro,Rio de Janeiro,GUADALUPE,,,-22.8401095000,-43.3780741000,"12/01/2019, 06:40:00",false,false,,Não identificado,,,false,0,0,0,0,0,0,0,0,0,0,0,0,0,0
23484,"Rua Luís Coutinho Cavalcanti - Guadalupe, Rio de Janeiro - RJ, 21675-310, Brasil",Sudeste,Rio de Janeiro,Rio de Janeiro,GUADALUPE,,FAVELA DO MUQUICO,-22.8478868000,-43.3724155000,"12/01/2019, 08:20:00",false,false,,Não identificado,,,false,0,0,0,0,0,0,0,0,0,0,0,0,0,0
23487,"Av. Brasil - Guadalupe, Rio de Janeiro - RJ, 21660-000, Brasil",Sudeste,Rio de Janeiro,Rio de Janeiro,GUADALUPE,,,-22.8440340000,-43.3749929000,"12/01/2019, 10:10:00",true,true,PM,Operação policial,,,false,1,0,0,0,0,0,0,0,0,0,0,0,0,0
23485,"R. Furquim Mendes - Vigário Geral, Rio de Janeiro - RJ, 21241-340, Brasil",Sudeste,Rio de Janeiro,Rio de Janeiro,VIGARIO GERAL,,FURQUIM MENDES,-22.8074249000,-43.3180530000,"12/01/2019, 12:40:00",false,false,,Não identificado,,,false,0,0,0,0,0,0,0,0,0,0,0,0,0,0
23492,"Morro da Caixa D'água - Tanque, Rio de Janeiro - RJ, 22735-020, Brasil",Sudeste,Rio de Janeiro,Rio de Janeiro,TANQUE,,MORRO DA CAIXA D'AGUA (TANQUE),-22.9124139000,-43.3556950000,"12/01/2019, 16:30:00",true,true,PM,Ação policial,,,false,1,0,0,0,0,0,0,0,0,0,0,0,0,0
23489,"Ladeira dos Tabajaras - Copacabana, Rio de Janeiro - RJ, 22031-072, Brasil",Sudeste,Rio de Janeiro,Rio de Janeiro,COPACABANA,,LADEIRA DOS TABAJARAS,-22.9640068000,-43.1898666000,"12/01/2019, 16:55:00",false,false,,Não identificado,,,false,0,0,0,0,0,0,0,0,0,0,0,0,0,0
23490,"Morro do São Carlos - Estácio, Rio de Janeiro - RJ, Brasil",Sudeste,Rio de Janeiro,Rio de Janeiro,ESTACIO,,MORRO DO SAO CARLOS (COMPLEXO DO SAO CARLOS),-22.9195367000,-43.2015238000,"12/01/2019, 18:12:00",false,false,,Não identificado,,,false,0,0,0,0,0,0,0,0,0,0,0,0,0,0
23494,"Morro do São Carlos - Estácio, Rio de Janeiro - RJ, Brasil",Sudeste,Rio de Janeiro,Rio de Janeiro,ESTACIO,,MORRO DO SAO CARLOS (COMPLEXO DO SAO CARLOS),-22.9195367000,-43.2015238000,"12/01/2019, 20:43:00",false,false,,Não identificado,,,false,0,0,0,0,0,0,0,0,0,0,0,0,0,0
23495,"Favela Barreira do Vasco, São Cristóvão, Rio de Janeiro - RJ, 20921-320, Brasil",Sudeste,Rio de Janeiro,Rio de Janeiro,SAO CRISTOVAO,,BARREIRA DO VASCO,-22.8894108000,-43.2295405000,"12/01/2019, 21:30:00",false,false,,Não identificado,,,false,0,0,0,0,0,0,0,0,0,0,0,0,0,0
23499,"Realengo, Rio de Janeiro - RJ, Brasil",Sudeste,Rio de Janeiro,Rio de Janeiro,REALENGO,,,-22.8763107000,-43.4302937000,"12/01/2019, 22:55:00",false,false,,Não identificado,,,false,0,0,0,0,0,0,0,0,0,0,0,0,0,0
23497,"Morro do Himalaia, Complexo do Chapadão, Rio de Janeiro - RJ, 21655-480, Brasil",Sudeste,Rio de Janeiro,Rio de Janeiro,ANCHIETA,,MORRO DO HIMALAIA (COMPLEXO DO CHAPADAO),-22.8193090000,-43.3882679000,"13/01/2019, 00:15:00",false,false,,Não identificado,,,false,0,0,0,0,0,0,0,0,0,0,0,0,0,0
23513,"R. Laurindo Filho - Cavalcanti, Rio de Janeiro - RJ, Brasil",Sudeste,Rio de Janeiro,Rio de Janeiro,CAVALCANTI,,MORRO DA PRIMAVERA,-22.8696902000,-43.3167235000,"13/01/2019, 00:30:00",true,true,PM,Ação policial,,,false,1,1,0,0,0,0,0,0,0,0,0,0,0,0
23502,"Morro da Primavera - Cavalcanti, Rio de Janeiro - RJ, 21370-260, Brasil",Sudeste,Rio de Janeiro,Rio de Janeiro,CAVALCANTI,,MORRO DA PRIMAVERA,-22.8691570000,-43.3183175000,"13/01/2019, 05:51:00",true,true,N�o identificado,Ação policial,,,false,0,0,0,0,0,0,0,0,0,0,0,0,0,0
23506,"R. Belizário Pena - Penha, Rio de Janeiro - RJ, 21020-010, Brasil",Sudeste,Rio de Janeiro,Rio de Janeiro,PENHA,,,-22.8348294000,-43.2763993000,"13/01/2019, 06:00:00",false,true,,Tentativa/Roubo,,,false,0,0,0,1,0,0,0,0,0,0,0,0,0,0
23504,"Rua da Light, realengo",Sudeste,Rio de Janeiro,Rio de Janeiro,REALENGO,,FAVELA DO ALMIRANTE,-22.8910490000,-43.4252030000,"13/01/2019, 07:30:00",false,false,,Não identificado,,,false,0,0,0,0,0,0,0,0,0,0,0,0,0,0
23508,"Jardim Novo - Realengo, Rio de Janeiro - RJ, 21760-000, Brasil",Sudeste,Rio de Janeiro,Rio de Janeiro,REALENGO,,,-22.8915772000,-43.4186007000,"13/01/2019, 07:46:00",true,true,PM,Operação policial,,,false,0,2,0,0,0,0,0,0,0,0,0,0,0,0
23516,"R. Euclídes da Rocha - Copacabana, Rio de Janeiro - RJ, Brasil",Sudeste,Rio de Janeiro,Rio de Janeiro,COPACABANA,,MORRO DOS CABRITOS,-22.9651767000,-43.1942837000,"13/01/2019, 18:00:00",true,true,UPP (Tabajaras),Ação policial,,,false,0,0,0,0,0,0,0,0,0,0,0,0,0,0
23515,"Morro da Chacrinha, Complexo do Turano, Tijuca, Rio de Janeiro - RJ, 20260-310, Brasil",Sudeste,Rio de Janeiro,Rio de Janeiro,TIJUCA,,MORRO DO TURANO,-22.9253062000,-43.2197710000,"13/01/2019, 19:13:00",false,false,,Não identificado,,,false,0,0,0,0,0,0,0,0,0,0,0,0,0,0
23521,"Morro da Fé, Complexo da Penha, Rio de Janeiro - RJ, 21211-480, Brasil",Sudeste,Rio de Janeiro,Rio de Janeiro,PENHA CIRCULAR,,MORRO DA FE (COMPLEXO DA PENHA),-22.8469239000,-43.2969005000,"13/01/2019, 20:46:00",false,false,,Não identificado,,,false,0,0,0,0,0,0,0,0,0,0,0,0,0,0
23520,"Divisa, Morro dos Macacos, Vila Isabel, Rio de Janeiro - RJ, 20551-630, Brasil",Sudeste,Rio de Janeiro,Rio de Janeiro,VILA ISABEL,,MORRO DOS MACACOS,-22.9130119000,-43.2534860000,"13/01/2019, 21:41:00",false,false,,Não identificado,,,false,0,0,0,0,0,0,0,0,0,0,0,0,0,0
23522,"Malvinas, Vila Kennedy Bangu, Rio de Janeiro - RJ, 21850-260, Brasil",Sudeste,Rio de Janeiro,Rio de Janeiro,VILA KENNEDY,,VILA KENNEDY,-22.8622904000,-43.4865673000,"13/01/2019, 22:38:00",false,false,,Não identificado,,,false,0,0,0,0,0,0,0,0,0,0,0,0,0,0
23523,"Largo da Vivi - Complexo do Alemão, Rio de Janeiro - RJ, 21061-180, Brasil",Sudeste,Rio de Janeiro,Rio de Janeiro,COMPLEXO DO ALEMAO,,GROTA (COMPLEXO DO ALEMAO),-22.8615397000,-43.2741434000,"14/01/2019, 04:38:00",false,false,,Não identificado,,,false,0,0,0,0,0,0,0,0,0,0,0,0,0,0
23524,"R. Dois, Alvorada, Complexo do Alemão, Rio de Janeiro - RJ, Brasil",Sudeste,Rio de Janeiro,Rio de Janeiro,COMPLEXO DO ALEMAO,,ALVORADA (COMPLEXO DO ALEMAO),-22.8612593000,-43.2758573000,"14/01/2019, 05:39:00",false,false,,Não identificado,,,false,0,0,0,0,0,0,0,0,0,0,0,0,0,0
23529,"Ladeira dos Tabajaras - Copacabana, Rio de Janeiro - RJ, 22031-072, Brasil",Sudeste,Rio de Janeiro,Rio de Janeiro,COPACABANA,,LADEIRA DOS TABAJARAS,-22.9645712000,-43.1897517000,"14/01/2019, 06:22:00",true,true,UPP (Tabajaras),Ação policial,,,false,0,0,0,0,0,0,0,0,0,0,0,0,0,0
23533,"Tv. Jacupema, Merendiba, Vila Cruzeiro, Complexo da Penha, Rio de Janeiro - RJ, 21070-690, Brasil",Sudeste,Rio de Janeiro,Rio de Janeiro,PENHA,,MORRO DA MERENDIBA (COMPLEXO DA PENHA),-22.8480736000,-43.2788365000,"14/01/2019, 07:26:00",false,false,,Não identificado,,,false,0,0,0,0,0,0,0,0,0,0,0,0,0,0
23535,"Estr. do Taquaral - Senador Camará, Rio de Janeiro - RJ, Brasil",Sudeste,Rio de Janeiro,Rio de Janeiro,SENADOR CAMARA,,FAVELA DA COREIA (COMPLEXO DA COREIA DE SENADOR CAMARA),-22.8713139000,-43.4870391000,"14/01/2019, 08:48:00",false,false,,Não identificado,,,false,0,0,0,0,0,0,0,0,0,0,0,0,0,0
23540,"R. Guaporé - Bráz De Pina, Rio de Janeiro - RJ, 21215-100, Brasil",Sudeste,Rio de Janeiro,Rio de Janeiro,BRAS DE PINA,,QUITUNGO-GUAPORE,-22.8343217000,-43.2914454000,"14/01/2019, 17:16:00",false,false,,Não identificado,,,false,0,0,0,0,0,0,0,0,0,0,0,0,0,0
23543,"Morro do Adeus, Complexo do Alemão, Rio de Janeiro - RJ, 21060-505, Brasil",Sudeste,Rio de Janeiro,Rio de Janeiro,COMPLEXO DO ALEMAO,,MORRO DO ADEUS (COMPLEXO DO ALEMAO),-22.8649615000,-43.2611910000,"14/01/2019, 17:29:00",false,false,,Não identificado,,,false,0,0,0,0,0,0,0,0,0,0,0,0,0,0
23544,"R. Castelnuovo, 334 - Tijuca, Rio de Janeiro - RJ, 20530-120, Brasil",Sudeste,Rio de Janeiro,Rio de Janeiro,TIJUCA,,MORRO DA FORMIGA,-22.9433930000,-43.2417290000,"14/01/2019, 18:44:00",false,false,,Não identificado,,,false,0,0,0,0,0,0,0,0,0,0,0,0,0,0
23545,"Vila Aliança, Bangu, Rio de Janeiro - RJ, 21842-740, Brasil",Sudeste,Rio de Janeiro,Rio de Janeiro,BANGU,,VILA ALIANCA,-22.8648423000,-43.4771013000,"14/01/2019, 18:52:00",false,false,,Não identificado,,,false,0,0,0,0,0,0,0,0,0,0,0,0,0,0
23546,"Leão e Malvinas, Vila Kennedy - Bangu, Rio de Janeiro - RJ, 21850-020, Brasil",Sudeste,Rio de Janeiro,Rio de Janeiro,VILA KENNEDY,,VILA KENNEDY,-22.8604006000,-43.4884116000,"14/01/2019, 20:52:00",false,false,,Não identificado,,,false,0,0,0,0,0,0,0,0,0,0,0,0,0,0
23548,"Morro do Dendê, Jardim Carioca, Ilha do Governador, Rio de Janeiro - RJ, 21921-325, Brasil",Sudeste,Rio de Janeiro,Rio de Janeiro,JARDIM CARIOCA,,MORRO DO DENDE,-22.8016490000,-43.1900720000,"15/01/2019, 03:30:00",true,true,N�o identificado,Operação policial,,,false,0,0,0,0,0,0,0,0,0,0,0,0,0,0
23549,"Alvorada, Complexo do Alemão, Rio de Janeiro - RJ, Brasil",Sudeste,Rio de Janeiro,Rio de Janeiro,COMPLEXO DO ALEMAO,,ALVORADA (COMPLEXO DO ALEMAO),-22.8624406000,-43.2747796000,"15/01/2019, 05:10:00",false,false,,Não identificado,,,false,0,0,0,0,0,0,0,0,0,0,0,0,0,0
23553,"Merendiba - Vila Cruzeiro - Complexo da Penha, Rio de Janeiro - RJ, 21070-730, Brasil",Sudeste,Rio de Janeiro,Rio de Janeiro,OLARIA,,MORRO DA MERENDIBA (COMPLEXO DA PENHA),-22.8467320000,-43.2757430000,"15/01/2019, 06:35:00",false,false,,Não identificado,,,false,0,0,0,0,0,0,0,0,0,0,0,0,0,0
23555,"Alvorada, Complexo do Alemão, Rio de Janeiro - RJ, Brasil",Sudeste,Rio de Janeiro,Rio de Janeiro,COMPLEXO DO ALEMAO,,ALVORADA (COMPLEXO DO ALEMAO),-22.8624406000,-43.2747796000,"15/01/2019, 08:53:00",false,false,,Não identificado,,,false,0,0,0,0,0,0,0,0,0,0,0,0,0,0
23556,"Vila Kennedy - Bangu, Rio de Janeiro - RJ, 21850-020, Brasil",Sudeste,Rio de Janeiro,Rio de Janeiro,VILA KENNEDY,,VILA KENNEDY,-22.8604006000,-43.4884116000,"15/01/2019, 08:58:00",false,false,,Não identificado,,,false,0,0,0,0,0,0,0,0,0,0,0,0,0,0
23559,"4 bicas - Penha, Rio de Janeiro - RJ, 21070-550, Brasil",Sudeste,Rio de Janeiro,Rio de Janeiro,PENHA,,VILA CRUZEIRO (COMPLEXO DA PENHA),-22.8458360000,-43.2795670000,"15/01/2019, 10:49:00",true,true,UPP (Complexo da Penha),Operação policial,,,false,0,0,0,0,0,0,0,0,0,0,0,0,0,0
23560,"R. da Candelária - Mangueira, Rio de Janeiro - RJ, 20091-010, Brasil",Sudeste,Rio de Janeiro,Rio de Janeiro,MANGUEIRA,,MANGUEIRA,-22.9080243000,-43.2326915000,"15/01/2019, 11:40:00",true,true,UPP (Mangueira),Ação policial,,,false,0,0,0,0,0,0,0,0,0,0,0,0,0,0
23562,"Morro do Urubu - Piedade, Rio de Janeiro - RJ, 21381-400, Brasil",Sudeste,Rio de Janeiro,Rio de Janeiro,PIEDADE,,MORRO DO URUBU (COMPLEXO DO URUBU),-22.8760260000,-43.3055130000,"15/01/2019, 12:22:00",true,true,PM,Operação policial,,,false,0,1,0,0,0,0,0,0,0,0,0,0,0,0
23561,"Estr. dos Teixeiras - Jacarepagua, Rio de Janeiro - RJ, Brasil",Sudeste,Rio de Janeiro,Rio de Janeiro,TAQUARA,,TEIXEIRAS,-22.9103589000,-43.4179354000,"15/01/2019, 14:32:00",false,false,,Não identificado,,,false,0,0,0,0,0,0,0,0,0,0,0,0,0,0
23568,"Cidade de Deus, Rio de Janeiro - RJ, Brasil",Sudeste,Rio de Janeiro,Rio de Janeiro,CIDADE DE DEUS,,CIDADE DE DEUS,-22.9481688000,-43.3626721000,"15/01/2019, 17:27:00",false,false,,Não identificado,,,false,0,0,0,0,0,0,0,0,0,0,0,0,0,0
23579,"R. Francisco Furtado - Guaratiba, Rio de Janeiro - RJ, Brasil",Sudeste,Rio de Janeiro,Rio de Janeiro,GUARATIBA,,LOTEAMENTO CAMPO DO SACO,-22.9903762000,-43.5953505000,"15/01/2019, 18:00:00",false,false,,Tentativa/Roubo,,,false,1,0,0,0,0,0,0,0,0,0,0,0,0,0
23564,"Anchieta, Rio de Janeiro - RJ, Brasil",Sudeste,Rio de Janeiro,Rio de Janeiro,ANCHIETA,,,-22.8238795000,-43.3981236000,"15/01/2019, 18:25:00",false,false,,Não identificado,,,false,0,0,0,0,0,0,0,0,0,0,0,0,0,0
23577,"Av. Mal. Rondon, Rocha, Rio de Janeiro - RJ, 20950-006, Brasil",Sudeste,Rio de Janeiro,Rio de Janeiro,ROCHA,,,-22.9027276000,-43.2486912000,"16/01/2019, 02:15:00",false,false,,Não identificado,,,false,0,0,0,0,0,0,0,0,0,0,0,0,0,0
23576,"R. da Grota - Complexo do Alemão, Rio de Janeiro - RJ, Brasil",Sudeste,Rio de Janeiro,Rio de Janeiro,COMPLEXO DO ALEMAO,,GROTA (COMPLEXO DO ALEMAO),-22.8608162000,-43.2741950000,"16/01/2019, 02:35:00",false,false,,Não identificado,,,false,0,0,0,0,0,0,0,0,0,0,0,0,0,0
23582,"R. da Alvorada, Complexo do Alemão, Rio de Janeiro - RJ, 20011-001, Brasil",Sudeste,Rio de Janeiro,Rio de Janeiro,COMPLEXO DO ALEMAO,,ALVORADA (COMPLEXO DO ALEMAO),-22.8622148000,-43.2743017000,"16/01/2019, 05:17:00",false,false,,Não identificado,,,false,0,0,0,0,0,0,0,0,0,0,0,0,0,0
23595,"Rocinha, Rio de Janeiro - RJ, Brasil",Sudeste,Rio de Janeiro,Rio de Janeiro,ROCINHA,,ROCINHA,-22.9879841000,-43.2479825000,"16/01/2019, 06:00:00",false,false,,Homicidio/Tentativa,,Feminicídio/tentativa,false,0,1,0,0,0,0,0,0,0,0,0,0,0,0
23587,"Morro dos Macacos - Vila Isabel, Rio de Janeiro - RJ, 20551-630, Brasil",Sudeste,Rio de Janeiro,Rio de Janeiro,VILA ISABEL,,MORRO DOS MACACOS,-22.9130750000,-43.2534790000,"16/01/2019, 07:40:00",true,true,UPP (Macacos),Operação policial,,,false,0,0,0,0,0,0,0,0,0,0,0,0,0,0
23586,"Morro do São João  - Engenho Novo, Rio de Janeiro - RJ, 20950-370, Brasil",Sudeste,Rio de Janeiro,Rio de Janeiro,ENGENHO NOVO,,MORRO SAO JOAO,-22.9079866000,-43.2660959000,"16/01/2019, 07:50:00",true,true,PM,Operação policial,,,false,1,0,0,0,0,0,0,0,0,0,0,0,0,0
24406,"Santa Maria - Taquara, Rio de Janeiro - RJ, Brasil",Sudeste,Rio de Janeiro,Rio de Janeiro,TAQUARA,,COMUNIDADE SANTA MARIA,-22.9151082000,-43.4210399000,"16/01/2019, 10:00:00",true,true,N�o identificado,Operação policial,,,false,0,3,0,0,0,0,0,0,0,0,0,0,0,0
23591,"Pedrinhas  - Vidigal, Rio de Janeiro - RJ, 22450-242, Brasil",Sudeste,Rio de Janeiro,Rio de Janeiro,VIDIGAL,,VIDIGAL,-22.9938906000,-43.2361445000,"16/01/2019, 11:30:00",true,true,UPP (Vidigal),Operação policial,,,false,0,0,0,0,0,0,0,0,0,0,0,0,0,0
23589,"Andarai, Rio de Janeiro - RJ, Brasil",Sudeste,Rio de Janeiro,Rio de Janeiro,ANDARAI,,,-22.9259539000,-43.2487131000,"16/01/2019, 11:40:00",true,true,UPP (Andara�),Operação policial,,,false,0,0,0,0,0,0,0,0,0,0,0,0,0,0
23588,"Via Expressa Pres. João Goulart, 452 - São Cristóvão, Rio de Janeiro - RJ, 20930-380, Brasil",Sudeste,Rio de Janeiro,Rio de Janeiro,SAO CRISTOVAO,,,-22.8912574000,-43.2225078000,"16/01/2019, 12:30:00",true,true,N�o identificado,Ação policial,,,false,0,0,0,0,0,0,0,0,0,0,0,0,0,0
23596,"Estrada Rio do A - Campo Grande, Rio de Janeiro - RJ, Brasil",Sudeste,Rio de Janeiro,Rio de Janeiro,CAMPO GRANDE,,,-22.8974099000,-43.5648725000,"16/01/2019, 12:30:00",false,true,,Tentativa/Roubo,,,false,1,0,0,0,0,0,0,0,0,0,0,0,0,0
23593,"Estr. do Quitungo - Bráz De Pina, Rio de Janeiro - RJ, 21215-562, Brasil",Sudeste,Rio de Janeiro,Rio de Janeiro,BRAS DE PINA,,QUITUNGO-GUAPORE,-22.8313558000,-43.3022230000,"16/01/2019, 16:25:00",true,true,PM,Ação policial,,,false,0,0,0,0,0,0,0,0,0,0,0,0,0,0
23600,"Ap2, Cidade de Deus, Rio de Janeiro - RJ, Brasil",Sudeste,Rio de Janeiro,Rio de Janeiro,CIDADE DE DEUS,,CIDADE DE DEUS,-22.9480890000,-43.3625710000,"16/01/2019, 20:59:00",false,false,,Não identificado,,,false,0,0,0,0,0,0,0,0,0,0,0,0,0,0
23601,"Mangueira, Rio de Janeiro - RJ, Brasil",Sudeste,Rio de Janeiro,Rio de Janeiro,MANGUEIRA,,MANGUEIRA,-22.9055654000,-43.2342007000,"17/01/2019, 04:20:00",false,false,,Não identificado,,,false,0,0,0,0,0,0,0,0,0,0,0,0,0,0
23611,"Chacrinha, Praça Seca, Rio de Janeiro - RJ, 22733-040, Brasil",Sudeste,Rio de Janeiro,Rio de Janeiro,PRACA SECA,,FAVELA DA CHACRINHA,-22.9006920000,-43.3622580000,"17/01/2019, 05:00:00",false,false,,Não identificado,,,false,0,0,0,0,0,0,0,0,0,0,0,0,0,0
23610,"Teixeiras, Taquara, Rio de Janeiro - RJ, 22723-205, Brasil",Sudeste,Rio de Janeiro,Rio de Janeiro,TAQUARA,,TEIXEIRAS,-22.9082730000,-43.4210470000,"17/01/2019, 06:20:00",false,false,,Não identificado,,,false,0,0,0,0,0,0,0,0,0,0,0,0,0,0
23612,"Teixeiras - Taquara, Rio de Janeiro - RJ, 22715-460, Brasil",Sudeste,Rio de Janeiro,Rio de Janeiro,TAQUARA,,TEIXEIRAS,-22.9136624000,-43.4154990000,"17/01/2019, 07:47:00",false,false,,Não identificado,,,false,0,0,0,0,0,0,0,0,0,0,0,0,0,0
23619,"Rua Euclídes da Rocha (Cantão), Ladeira dos Tabajaras, Copacabana, Brasil",Sudeste,Rio de Janeiro,Rio de Janeiro,COPACABANA,,MORRO DOS CABRITOS,-22.9641669000,-43.1898623000,"17/01/2019, 11:10:00",true,true,UPP (Tabajaras),Operação policial,,,false,1,0,0,0,0,0,0,0,0,0,0,0,0,0
23622,"Morro do Jordão - Taquara, Rio de Janeiro - RJ, 22725-000, Brasil",Sudeste,Rio de Janeiro,Rio de Janeiro,TAQUARA,,MORRO DO JORDAO,-22.9138515000,-43.3784897000,"17/01/2019, 15:38:00",false,false,,Não identificado,,,false,0,0,0,0,0,0,0,0,0,0,0,0,0,0
23632,"R. Amélia Pinheiro - Manguinhos, Rio de Janeiro - RJ, 21050-435, Brasil",Sudeste,Rio de Janeiro,Rio de Janeiro,MANGUINHOS,,VILA TURISMO (COMPLEXO DE MANGUINHOS),-22.8771809000,-43.2535396000,"17/01/2019, 16:00:00",true,true,UPP (Manguinhos),Ação policial,,,false,0,0,0,0,0,0,0,0,0,0,0,0,0,0
23624,"Estr. do Engenho, Vila Aliança, Bangu, Rio de Janeiro - RJ, 21840-526, Brasil",Sudeste,Rio de Janeiro,Rio de Janeiro,BANGU,,VILA ALIANCA,-22.8656069000,-43.4719502000,"17/01/2019, 17:03:00",true,true,N�o identificado,Ação policial,,,false,0,0,0,0,0,0,0,0,0,0,0,0,0,0
23629,"Morro do Barbante, Vila Joaniza, Rio de Janeiro - RJ, Brasil",Sudeste,Rio de Janeiro,Rio de Janeiro,GALEAO,,MORRO DO BARBANTE (OU VILA JOANIZA),-22.8148203000,-43.2302931000,"17/01/2019, 20:10:00",false,false,,Não identificado,,,false,0,0,0,0,0,0,0,0,0,0,0,0,0,0
23633,"Chacrinha, Praça Seca, Rio de Janeiro - RJ, 22733-040, Brasil",Sudeste,Rio de Janeiro,Rio de Janeiro,PRACA SECA,,FAVELA DA CHACRINHA,-22.9008761000,-43.3623022000,"18/01/2019, 03:31:00",false,false,,Não identificado,,,false,0,0,0,0,0,0,0,0,0,0,0,0,0,0
23634,"R. Merendiba, Vila Cruzeiro, Complexo da Penha, Rio de Janeiro - RJ, 21070-730, Brasil",Sudeste,Rio de Janeiro,Rio de Janeiro,OLARIA,,MORRO DA MERENDIBA (COMPLEXO DA PENHA),-22.8472161000,-43.2754407000,"18/01/2019, 05:09:00",false,false,,Não identificado,,,false,0,0,0,0,0,0,0,0,0,0,0,0,0,0
23636,"R. da Alvorada, Complexo do Alemão, Rio de Janeiro - RJ, 20011-001, Brasil",Sudeste,Rio de Janeiro,Rio de Janeiro,COMPLEXO DO ALEMAO,,ALVORADA (COMPLEXO DO ALEMAO),-22.8624341000,-43.2748755000,"18/01/2019, 05:59:00",false,false,,Não identificado,,,false,0,0,0,0,0,0,0,0,0,0,0,0,0,0
23637,"Morro dos Macacos - Vila Isabel, Rio de Janeiro - RJ, 20551-630, Brasil",Sudeste,Rio de Janeiro,Rio de Janeiro,SAMPAIO,,MORRO DOS MACACOS,-22.9100000000,-43.2575000000,"18/01/2019, 06:04:00",false,false,,Não identificado,,,false,0,0,0,0,0,0,0,0,0,0,0,0,0,0
23642,"4 bicas, Vila Cruzeiro, Complexo da Penha, Rio de Janeiro - RJ, 21070-550, Brasil",Sudeste,Rio de Janeiro,Rio de Janeiro,PENHA,,VILA CRUZEIRO (COMPLEXO DA PENHA),-22.8459986000,-43.2832702000,"18/01/2019, 06:47:00",false,false,,Não identificado,,,false,0,0,0,0,0,0,0,0,0,0,0,0,0,0
23654,"Morro Dona Marta, Botafogo, Rio de Janeiro - RJ, 22260-140, Brasil",Sudeste,Rio de Janeiro,Rio de Janeiro,BOTAFOGO,,SANTA MARTA,-22.9477037000,-43.1941470000,"18/01/2019, 14:00:00",true,true,N�o identificado,Ação policial,,,false,0,0,0,0,0,0,0,0,0,0,0,0,0,0
23646,"Karatê, Cidade de Deus, Rio de Janeiro - RJ, Brasil",Sudeste,Rio de Janeiro,Rio de Janeiro,CIDADE DE DEUS,,CIDADE DE DEUS,-22.9518380000,-43.3546000000,"18/01/2019, 14:27:00",false,false,,Não identificado,,,false,0,0,0,0,0,0,0,0,0,0,0,0,0,0
23649,"Av. Acrísio Mota, 421 - Guadalupe, Rio de Janeiro - RJ, 21660-270, Brasil",Sudeste,Rio de Janeiro,Rio de Janeiro,GUADALUPE,,,-22.8394510000,-43.3740400000,"18/01/2019, 15:20:00",false,false,,Não identificado,,,false,0,0,0,0,0,0,0,0,0,0,0,0,0,0
23659,"Morro da Providencia - Gambôa, Rio de Janeiro - RJ, 20221-310, Brasil",Sudeste,Rio de Janeiro,Rio de Janeiro,GAMBOA,,MORRO DA PROVIDENCIA,-22.9002778000,-43.1952778000,"18/01/2019, 17:30:00",false,false,,Não identificado,,,false,0,0,0,0,0,0,0,0,0,0,0,0,0,0
23662,"Complexo do Chapadão, Anchieta Rio de Janeiro - RJ 21655-172",Sudeste,Rio de Janeiro,Rio de Janeiro,ANCHIETA,,COMPLEXO DO CHAPADAO,-22.8248700000,-43.3865650000,"18/01/2019, 18:00:00",true,true,41 BPM,Operação policial,,,true,3,2,0,0,0,0,0,0,0,0,0,0,0,0
23656,"Engenho da Rainha, Rio de Janeiro - RJ, Brasil",Sudeste,Rio de Janeiro,Rio de Janeiro,ENGENHO DA RAINHA,,,-22.8650532000,-43.2940226000,"18/01/2019, 18:19:00",false,false,,Não identificado,,,false,0,0,0,0,0,0,0,0,0,0,0,0,0,0
23658,"Rua Ademar - Pitangueiras, Rio de Janeiro - RJ, Brasil",Sudeste,Rio de Janeiro,Rio de Janeiro,PITANGUEIRAS,,MORRO DO BOOGIE WOOGIE,-22.8162060000,-43.1832743000,"18/01/2019, 19:20:00",false,false,,Não identificado,,,false,0,0,0,0,0,0,0,0,0,0,0,0,0,0
23665,"Cosme Velho, Rio de Janeiro - RJ, Brasil",Sudeste,Rio de Janeiro,Rio de Janeiro,COSME VELHO,,,-22.9411174000,-43.2024691000,"18/01/2019, 19:56:00",false,false,,Não identificado,,,false,0,0,0,0,0,0,0,0,0,0,0,0,0,0
23666,"Complexo do Alemão, Rio de Janeiro - RJ, Brasil",Sudeste,Rio de Janeiro,Rio de Janeiro,COMPLEXO DO ALEMAO,,COMPLEXO DO ALEMAO,-22.8593331000,-43.2754759000,"18/01/2019, 20:03:00",false,false,,Não identificado,,,false,0,0,0,0,0,0,0,0,0,0,0,0,0,0
23669,"Campinho, Rio de Janeiro - RJ, Brasil",Sudeste,Rio de Janeiro,Rio de Janeiro,CAMPINHO,,,-22.8856237000,-43.3481044000,"18/01/2019, 21:02:00",false,false,,Não identificado,,,false,0,0,0,0,0,0,0,0,0,0,0,0,0,0
23668,"Mata, Rua Itapé, Complexo do Alemão, Olaria, Rio de Janeiro - RJ, 21071-440, Brasil",Sudeste,Rio de Janeiro,Rio de Janeiro,OLARIA,,FURAO (COMPLEXO DA PENHA),-22.8522044000,-43.2781121000,"18/01/2019, 21:21:00",false,false,,Não identificado,,,false,0,0,0,0,0,0,0,0,0,0,0,0,0,0
23675,"Vista Alegre, Rio de Janeiro - RJ, Brasil",Sudeste,Rio de Janeiro,Rio de Janeiro,VISTA ALEGRE,,,-22.8302817000,-43.3166841000,"18/01/2019, 22:01:00",false,false,,Não identificado,,,false,0,0,0,0,0,0,0,0,0,0,0,0,0,0
23676,"Barrão, Vila kennedy, Rio de Janeiro - RJ, 21853-520, Brasil",Sudeste,Rio de Janeiro,Rio de Janeiro,VILA KENNEDY,,VILA KENNEDY,-22.8525686000,-43.4938286000,"18/01/2019, 22:13:00",false,false,,Não identificado,,,false,0,0,0,0,0,0,0,0,0,0,0,0,0,0
23714,"R. Barão de Petrópolis - Rio Comprido, Rio de Janeiro - RJ, Brasil",Sudeste,Rio de Janeiro,Rio de Janeiro,RIO COMPRIDO,,,-22.9292805000,-43.2027587000,"18/01/2019, 22:30:00",false,false,,Não identificado,,,false,0,0,0,0,0,0,0,0,0,0,0,0,0,0
23678,"Morro do Urubu, Pilares, Rio de Janeiro - RJ, 20751-300, Brasil",Sudeste,Rio de Janeiro,Rio de Janeiro,PILARES,,MORRO DO URUBU (COMPLEXO DO URUBU),-22.8763889000,-43.3033333000,"19/01/2019, 04:20:00",false,false,,Não identificado,,,false,0,0,0,0,0,0,0,0,0,0,0,0,0,0
23679,"Colégio, Rio de Janeiro - RJ, 20765-630, Brasil",Sudeste,Rio de Janeiro,Rio de Janeiro,COLEGIO,,,-22.8426931000,-43.3339601000,"19/01/2019, 04:32:00",false,false,,Não identificado,,,false,0,0,0,0,0,0,0,0,0,0,0,0,0,0
23691,"Beco Esperança, Morro do Adeus, Complexo do Alemão, Rio de Janeiro - RJ, Brasil",Sudeste,Rio de Janeiro,Rio de Janeiro,COMPLEXO DO ALEMAO,,MORRO DO ADEUS (COMPLEXO DO ALEMAO),-22.8654866000,-43.2619815000,"19/01/2019, 05:00:00",true,true,UPP (Complexo do Alem�o),Ação policial,,,false,0,0,0,0,0,0,0,0,0,0,0,0,0,0
23680,"Rua Otaviano Romeiro , Vila Kennedy, Rio de Janeiro - RJ, 21853-550, Brasil",Sudeste,Rio de Janeiro,Rio de Janeiro,VILA KENNEDY,,VILA KENNEDY,-22.8548034000,-43.4955919000,"19/01/2019, 05:01:00",false,false,,Não identificado,,,false,0,0,0,0,0,0,0,0,0,0,0,0,0,0
23682,"R. Ururaí - Honório Gurgel, Rio de Janeiro - RJ, Brasil",Sudeste,Rio de Janeiro,Rio de Janeiro,HONORIO GURGEL,,,-22.8438243000,-43.3564595000,"19/01/2019, 05:15:00",false,false,,Não identificado,,,false,0,0,0,0,0,0,0,0,0,0,0,0,0,0
23684,"R. Santo Agostinho - Andarai, Rio de Janeiro - RJ, Brasil",Sudeste,Rio de Janeiro,Rio de Janeiro,ANDARAI,,MORRO DO ANDARAI,-22.9325311000,-43.2581483000,"19/01/2019, 05:30:00",true,true,UPP (Andara�),Ação policial,,,false,0,0,0,0,0,0,0,0,0,0,0,0,0,0
23685,"Morro do Juramento - Vicente de Carvalho, Rio de Janeiro - RJ, Brasil",Sudeste,Rio de Janeiro,Rio de Janeiro,VICENTE DE CARVALHO,,MORRO DO JURAMENTO (COMPLEXO DO JURAMENTO),-22.8627778000,-43.3152778000,"19/01/2019, 06:00:00",true,true,BOPE,Operação policial,,,false,0,1,0,0,0,0,0,0,0,0,0,0,0,0
23690,"Mangueira, Rio de Janeiro - RJ, Brasil",Sudeste,Rio de Janeiro,Rio de Janeiro,MANGUEIRA,,MANGUEIRA,-22.9052507000,-43.2340127000,"19/01/2019, 06:00:00",true,true,PM,Ação policial,,,false,0,0,0,0,0,0,0,0,0,0,0,0,0,0
23699,"R. Ipiranga - Laranjeiras, Rio de Janeiro - RJ, 22231-000, Brasil",Sudeste,Rio de Janeiro,Rio de Janeiro,LARANJEIRAS,,,-22.9349058000,-43.1817984000,"19/01/2019, 11:30:00",false,false,,Não identificado,,,false,0,0,0,0,0,0,0,0,0,0,0,0,0,0
23700,"Vila Kennedy, Rio de Janeiro - RJ, 21850-020, Brasil",Sudeste,Rio de Janeiro,Rio de Janeiro,VILA KENNEDY,,VILA KENNEDY,-22.8604006000,-43.4884116000,"19/01/2019, 18:15:00",false,false,,Não identificado,,,false,0,0,0,0,0,0,0,0,0,0,0,0,0,0
23706,"Centro, Rio de Janeiro - RJ, Brasil",Sudeste,Rio de Janeiro,Rio de Janeiro,CENTRO,,,-22.9070828000,-43.1819148000,"19/01/2019, 19:00:00",false,true,,Tentativa/Roubo,,,false,0,1,0,0,0,0,0,0,0,0,0,0,0,0
23701,"Morro dos Prazeres - Santa Teresa, Rio de Janeiro - RJ, Brasil",Sudeste,Rio de Janeiro,Rio de Janeiro,SANTA TERESA,,MORRO DOS PRAZERES,-22.9347222000,-43.2047222000,"19/01/2019, 19:09:00",false,false,,Não identificado,,,false,0,0,0,0,0,0,0,0,0,0,0,0,0,0
23707,"Estr. dos Teixeiras - Taquara, Rio de Janeiro - RJ, Brasil",Sudeste,Rio de Janeiro,Rio de Janeiro,TAQUARA,,TEIXEIRAS,-22.9133505000,-43.4156585000,"19/01/2019, 23:48:00",false,false,,Não identificado,,,false,0,0,0,0,0,0,0,0,0,0,0,0,0,0
23713,"Chacrinha, Praça Seca, Rio de Janeiro - RJ, 22733-040, Brasil",Sudeste,Rio de Janeiro,Rio de Janeiro,PRACA SECA,,FAVELA DA CHACRINHA,-22.9008761000,-43.3623022000,"20/01/2019, 03:24:00",false,false,,Não identificado,,,false,0,0,0,0,0,0,0,0,0,0,0,0,0,0
23718,"Avenida Niemeyer, Vidigal, Rio de Janeiro - RJ, 22450-241, Brasil",Sudeste,Rio de Janeiro,Rio de Janeiro,VIDIGAL,,VIDIGAL,-22.9947351000,-43.2345452000,"20/01/2019, 06:28:00",false,false,,Não identificado,,,false,0,0,0,0,0,0,0,0,0,0,0,0,0,0
23720,"Tangará, Cidade de Deus, Rio de Janeiro - RJ, 22775-710, Brasil",Sudeste,Rio de Janeiro,Rio de Janeiro,CIDADE DE DEUS,,CIDADE DE DEUS,-22.9437500000,-43.3701570000,"20/01/2019, 07:30:00",false,false,,Não identificado,,,false,0,0,0,0,0,0,0,0,0,0,0,0,0,0
23719,"Morro do Urubu, Pilares, Rio de Janeiro - RJ, 20751-300, Brasi",Sudeste,Rio de Janeiro,Rio de Janeiro,PILARES,,MORRO DO URUBU (COMPLEXO DO URUBU),-22.8763889000,-43.3033333000,"20/01/2019, 07:50:00",false,false,,Não identificado,,,false,0,0,0,0,0,0,0,0,0,0,0,0,0,0
23723,"Estr. dos Teixeiras - Taquara, Rio de Janeiro - RJ, Brasil",Sudeste,Rio de Janeiro,Rio de Janeiro,TAQUARA,,TEIXEIRAS,-22.9133505000,-43.4156585000,"20/01/2019, 09:09:00",false,false,,Não identificado,,,false,0,0,0,0,0,0,0,0,0,0,0,0,0,0
23725,"R. Merendiba - Olaria, Rio de Janeiro - RJ, 21070-730, Brasil",Sudeste,Rio de Janeiro,Rio de Janeiro,OLARIA,,MORRO DA MERENDIBA (COMPLEXO DA PENHA),-22.8472161000,-43.2754407000,"20/01/2019, 10:00:00",true,true,UPP (Complexo da Penha),Operação policial,,,false,0,0,0,0,0,0,0,0,0,0,0,0,0,0
23730,"Benfica, Rio de Janeiro - RJ, Brasil",Sudeste,Rio de Janeiro,Rio de Janeiro,BENFICA,,,-22.8926246000,-43.2397455000,"20/01/2019, 14:30:00",false,false,,Não identificado,,,false,0,0,0,0,0,0,0,0,0,0,0,0,0,0
23909,"Engenho Novo, Rio de Janeiro - RJ, Brasil",Sudeste,Rio de Janeiro,Rio de Janeiro,ENGENHO NOVO,,,-22.9027463000,-43.2684052000,"20/01/2019, 16:00:00",true,true,N�o identificado,Ação policial,,,false,1,0,0,0,0,0,0,0,0,0,0,0,0,0
23731,"Ladeira dos Tabajaras - Copacabana, Rio de Janeiro - RJ, 22031-112, Brasil",Sudeste,Rio de Janeiro,Rio de Janeiro,COPACABANA,,LADEIRA DOS TABAJARAS,-22.9641669000,-43.1898623000,"20/01/2019, 17:09:00",false,false,,Não identificado,,,false,0,0,0,0,0,0,0,0,0,0,0,0,0,0
23735,"Barrão, Vila Kennedy - Bangu, Rio de Janeiro - RJ, 21850-020, Brasil",Sudeste,Rio de Janeiro,Rio de Janeiro,VILA KENNEDY,,VILA KENNEDY,-22.8604006000,-43.4884116000,"20/01/2019, 20:59:00",false,false,,Não identificado,,,false,0,0,0,0,0,0,0,0,0,0,0,0,0,0
23751,"Estr. do Pontal - Recreio dos Bandeirantes, Rio de Janeiro - RJ, Brasil",Sudeste,Rio de Janeiro,Rio de Janeiro,RECREIO DOS BANDEIRANTES,,,-23.0251685000,-43.5010216000,"21/01/2019, 02:00:00",true,true,PM,Tentativa/Roubo,,Perseguição,false,0,0,0,0,0,0,0,0,0,0,0,0,0,0
23741,"Praca Demetrio, 22 - Cidade de Deus, Rio de Janeiro - RJ, 22772-450, Brasil",Sudeste,Rio de Janeiro,Rio de Janeiro,CIDADE DE DEUS,,CIDADE DE DEUS,-22.9486390000,-43.3615799000,"21/01/2019, 02:49:00",false,false,,Não identificado,,,false,0,0,0,0,0,0,0,0,0,0,0,0,0,0
23743,"Morro dos Macacos - Vila Isabel, Rio de Janeiro - RJ, 20551-630, Brasil",Sudeste,Rio de Janeiro,Rio de Janeiro,SAMPAIO,,MORRO DOS MACACOS,-22.9100000000,-43.2575000000,"21/01/2019, 03:40:00",true,true,N�o identificado,Operação policial,,,false,0,0,0,0,0,0,0,0,0,0,0,0,0,0
23745,"Morro do Juramento - Vicente de Carvalho, Rio de Janeiro - RJ, Brasil",Sudeste,Rio de Janeiro,Rio de Janeiro,VICENTE DE CARVALHO,,MORRO DO JURAMENTO (COMPLEXO DO JURAMENTO),-22.8627778000,-43.3152778000,"21/01/2019, 05:10:00",false,false,,Não identificado,,,false,0,0,0,0,0,0,0,0,0,0,0,0,0,0
23748,"Morro do Dezoito -Água Santa, Rio de Janeiro - RJ, Brasil",Sudeste,Rio de Janeiro,Rio de Janeiro,QUINTINO BOCAIUVA,,MORRO DO 18 (COMPLEXO DO 18),-22.8971610000,-43.3229670000,"21/01/2019, 07:31:00",true,true,N�o identificado,Operação policial,,,false,0,0,0,0,0,0,0,0,0,0,0,0,0,0
23749,"R. Barão do Bom Retiro - Vila Isabel, Rio de Janeiro - RJ, Brasil",Sudeste,Rio de Janeiro,Rio de Janeiro,GRAJAU,,,-22.9195502000,-43.2613870000,"21/01/2019, 07:57:00",true,true,N�o identificado,Ação policial,,,false,0,0,0,0,0,0,0,0,0,0,0,0,0,0
23750,"R. Merendiba, Vila Cruzeiro, Complexo da Penha, Rio de Janeiro - RJ, 21070-730, Brasil",Sudeste,Rio de Janeiro,Rio de Janeiro,OLARIA,,MORRO DA MERENDIBA (COMPLEXO DA PENHA),-22.8472161000,-43.2754407000,"21/01/2019, 08:24:00",false,false,,Não identificado,,,false,0,0,0,0,0,0,0,0,0,0,0,0,0,0
23753,"Tv. Cenira Campos - Cavalo de Aço, Senador Camará, Rio de Janeiro - RJ, Brasil",Sudeste,Rio de Janeiro,Rio de Janeiro,SENADOR CAMARA,,,-22.8747578000,-43.5016806000,"21/01/2019, 11:27:00",false,false,,Não identificado,,,false,0,0,0,0,0,0,0,0,0,0,0,0,0,0
23775,"Estr. João Paulo - Barros Filho, Rio de Janeiro - RJ, Brasil",Sudeste,Rio de Janeiro,Rio de Janeiro,BARROS FILHO,,PROENCA ROSA,-22.8384308000,-43.3624341000,"21/01/2019, 13:00:00",true,true,PM,Ação policial,,,false,0,2,0,0,0,0,0,0,0,0,0,0,0,0
23758,"Comunidade Rato Molhado - Jacaré, Rio de Janeiro - RJ, 20970-140, Brasil",Sudeste,Rio de Janeiro,Rio de Janeiro,SAMPAIO,,FAVELA DO RATO MOLHADO (OU DOIS DE MAIO),-22.8973746000,-43.2606318000,"21/01/2019, 14:30:00",true,true,UPP (Jacarezinho),Ação policial,,,false,0,1,0,0,0,0,0,0,0,0,0,0,0,0
23777,"Rio da Prata, Campo Grande, Rio de Janeiro - RJ, 23052-230, Brasil",Sudeste,Rio de Janeiro,Rio de Janeiro,CAMPO GRANDE,,,-22.9256303000,-43.5174536000,"21/01/2019, 16:30:00",false,false,,Homicidio/Tentativa,,,false,1,0,0,0,0,0,0,0,0,0,0,0,0,0
23763,"Morro dos Teixeiras, - Taquara, Rio de Janeiro - RJ, 22723-205, Brasil",Sudeste,Rio de Janeiro,Rio de Janeiro,TAQUARA,,TEIXEIRAS,-22.9101394000,-43.4189771000,"21/01/2019, 16:45:00",true,true,18 BPM,Operação policial,,,true,4,0,0,0,0,0,0,0,0,0,0,0,0,0
23762,"Morro do Campinho, Campinho, Rio de Janeiro - RJ, 21341-380, Brasil",Sudeste,Rio de Janeiro,Rio de Janeiro,CAMPINHO,,MORRO DO CAMPINHO (COMPLEXO DO FUBA),-22.8858350000,-43.3412000000,"21/01/2019, 18:09:00",false,false,,Não identificado,,,false,0,0,0,0,0,0,0,0,0,0,0,0,0,0
23764,"R. Cardoso Quintão - Piedade, Rio de Janeiro - RJ, 21381-460, Brasil",Sudeste,Rio de Janeiro,Rio de Janeiro,PIEDADE,,MORRO DO URUBU (COMPLEXO DO URUBU),-22.8768980000,-43.3091834000,"21/01/2019, 19:43:00",false,false,,Não identificado,,,false,0,0,0,0,0,0,0,0,0,0,0,0,0,0
23776,"Av. Brasil, Cidade Alta, Rio de Janeiro - RJ, 21012-350, Brasil",Sudeste,Rio de Janeiro,Rio de Janeiro,CORDOVIL,,CIDADE ALTA (COMPLEXO DE ISRAEL),-22.8151996000,-43.2907006000,"22/01/2019, 01:00:00",true,true,PM,Ação policial,,,false,0,1,0,0,0,0,0,0,0,0,0,0,0,0
23774,"Grota - Complexo do Alemão, Rio de Janeiro - RJ, Brasil",Sudeste,Rio de Janeiro,Rio de Janeiro,COMPLEXO DO ALEMAO,,GROTA (COMPLEXO DO ALEMAO),-22.8607380000,-43.2741730000,"22/01/2019, 03:58:00",true,true,N�o identificado,Operação policial,,,false,0,0,0,0,0,0,0,0,0,0,0,0,0,0
23778,"Av. Dom Hélder Câmara, Benfica, Rio de Janeiro - RJ, 20911-292, Brasil",Sudeste,Rio de Janeiro,Rio de Janeiro,BENFICA,,COMPLEXO DE MANGUINHOS,-22.8885942000,-43.2490533000,"22/01/2019, 04:00:00",false,false,,Não identificado,,,false,0,0,0,0,0,0,0,0,0,0,0,0,0,0
23779,"Fazendinha, Complexo do Alemão, Rio de Janeiro - RJ, 21061-610, Brasil",Sudeste,Rio de Janeiro,Rio de Janeiro,COMPLEXO DO ALEMAO,,FAZENDINHA (COMPLEXO DO ALEMAO),-22.8593107000,-43.2754362000,"22/01/2019, 05:49:00",true,true,PM,Operação policial,,,false,0,0,0,0,0,0,0,0,0,0,0,0,0,0
23793,"Morro da Pedreira - Costa Barros, Rio de Janeiro - RJ, 21515-460, Brasil",Sudeste,Rio de Janeiro,Rio de Janeiro,COSTA BARROS,,MORRO DA PEDREIRA (COMPLEXO DA PEDREIRA),-22.8231076000,-43.3580185000,"22/01/2019, 07:30:00",true,true,PM,Operação policial,,,false,0,1,0,0,0,0,0,0,0,0,0,0,0,0
23803,"Morro do Amor, Complexo do Lins - Lins de Vasconcelos, Rio de Janeiro - RJ, 20710-310, Brasil",Sudeste,Rio de Janeiro,Rio de Janeiro,LINS DE VASCONCELOS,,MORRO DO AMOR (COMPLEXO DO LINS),-22.9109754000,-43.2778186000,"22/01/2019, 08:00:00",true,true,N�o identificado,Operação policial,,,false,0,0,0,0,0,0,0,0,0,0,0,0,0,0
23794,"R. Congo, Vila Kennedy - Bangu, Rio de Janeiro - RJ, 21852-580, Brasil",Sudeste,Rio de Janeiro,Rio de Janeiro,VILA KENNEDY,,VILA KENNEDY,-22.8617730000,-43.4897240000,"22/01/2019, 08:49:00",false,false,,Não identificado,,,false,0,0,0,0,0,0,0,0,0,0,0,0,0,0
23796,"Complexo da Coreia - Senador Camará, Rio de Janeiro - RJ, 21842-590, Brasil",Sudeste,Rio de Janeiro,Rio de Janeiro,SENADOR CAMARA,,COMPLEXO DA COREIA DE SENADOR CAMARA,-22.8724840000,-43.5008020000,"22/01/2019, 09:30:00",false,false,,Não identificado,,,false,0,0,0,0,0,0,0,0,0,0,0,0,0,0
23795,"R. Congo, Vila Kennedy, Bangu, Rio de Janeiro - RJ, 21852-580, Brasil",Sudeste,Rio de Janeiro,Rio de Janeiro,VILA KENNEDY,,VILA KENNEDY,-22.8620054000,-43.4901391000,"22/01/2019, 09:54:00",false,false,,Não identificado,,,false,0,0,0,0,0,0,0,0,0,0,0,0,0,0
23802,"Morro do Timbau - Maré, Rio de Janeiro - RJ, 21042-050, Brasil",Sudeste,Rio de Janeiro,Rio de Janeiro,MARE,,MORRO DO TIMBAU (COMPLEXO DA MARE),-22.8624364000,-43.2405429000,"22/01/2019, 13:51:00",false,false,,Não identificado,,,false,0,0,0,0,0,0,0,0,0,0,0,0,0,0
23804,"Av. Marrocos, Vila Kennedy - Bangu, Rio de Janeiro - RJ, 21852-590, Brasil",Sudeste,Rio de Janeiro,Rio de Janeiro,VILA KENNEDY,,VILA KENNEDY,-22.8595673000,-43.4917482000,"22/01/2019, 15:26:00",false,false,,Não identificado,,,false,0,0,0,0,0,0,0,0,0,0,0,0,0,0
23805,"Guaporé, Bráz De Pina, Rio de Janeiro - RJ, 21215-100, Brasil",Sudeste,Rio de Janeiro,Rio de Janeiro,BRAS DE PINA,,QUITUNGO-GUAPORE,-22.8341372000,-43.2914188000,"22/01/2019, 16:50:00",false,false,,Não identificado,,,false,0,0,0,0,0,0,0,0,0,0,0,0,0,0
23807,"R. Magno Martins - Freguesia (Ilha do Governador), Rio de Janeiro - RJ, Brasil",Sudeste,Rio de Janeiro,Rio de Janeiro,FREGUESIA (ILHA),,MORRO DA BELA VISTA,-22.7881157000,-43.1746112000,"22/01/2019, 18:41:00",false,false,,Não identificado,,,false,0,0,0,0,0,0,0,0,0,0,0,0,0,0
23809,"Av. Prof. Plínio Bastos - Olaria, Rio de Janeiro - RJ, 21021-000, Brasil",Sudeste,Rio de Janeiro,Rio de Janeiro,OLARIA,,IAPI DA PENHA,-22.8385634000,-43.2653140000,"22/01/2019, 19:15:00",false,false,,Não identificado,,,false,0,0,0,0,0,0,0,0,0,0,0,0,0,0
23818,"Av. Pres. Vargas, 2655 - Cidade Nova, Rio de Janeiro - RJ, 20210-030, Brasil",Sudeste,Rio de Janeiro,Rio de Janeiro,CIDADE NOVA,,,-22.9087277000,-43.2001289000,"22/01/2019, 20:00:00",false,false,,Homicidio/Tentativa,,Perseguição,false,1,0,0,0,0,0,0,0,0,0,0,0,0,0
23813,"Mata, Rua Itapé, Complexo do Alemão, Olaria, Rio de Janeiro - RJ, 21071-440, Brasil",Sudeste,Rio de Janeiro,Rio de Janeiro,OLARIA,,FURAO (COMPLEXO DA PENHA),-22.8523577000,-43.2779976000,"22/01/2019, 20:51:00",false,false,,Não identificado,,,false,0,0,0,0,0,0,0,0,0,0,0,0,0,0
23815,"R. Pintor Leandro Joaquim (Ap2) - Cidade de Deus, Rio de Janeiro - RJ, Brasil",Sudeste,Rio de Janeiro,Rio de Janeiro,CIDADE DE DEUS,,CIDADE DE DEUS,-22.9439699000,-43.3626771000,"22/01/2019, 21:47:00",false,false,,Não identificado,,,false,0,0,0,0,0,0,0,0,0,0,0,0,0,0
23817,"R. Jerônimo Pinto, 334 - Campinho, Rio de Janeiro - RJ, 21320-200, Brazil",Sudeste,Rio de Janeiro,Rio de Janeiro,CAMPINHO,,,-22.8869022000,-43.3521866000,"22/01/2019, 22:02:00",false,false,,Não identificado,,,false,0,0,0,0,0,0,0,0,0,0,0,0,0,0
23819,"Comunidade de Acari, Acari, Rio de Janeiro - RJ, 21531-190, Brasil",Sudeste,Rio de Janeiro,Rio de Janeiro,ACARI,,FAVELA DE ACARI,-22.8254013000,-43.3450251000,"23/01/2019, 04:02:00",true,true,PM,Operação policial,,,false,1,2,0,0,0,0,0,0,0,0,0,0,0,0
23825,"Av. Radial Oeste - Praca da Bandeira, Rio de Janeiro - RJ, Brasil",Sudeste,Rio de Janeiro,Rio de Janeiro,PRACA DA BANDEIRA,,,-22.9106435000,-43.2167674000,"23/01/2019, 05:00:00",false,true,,Tentativa/Roubo,,,false,0,0,0,1,0,0,0,0,0,0,0,0,0,0
23828,"Rod. Washington Luíz - Parada de Lucas, Rio de Janeiro - RJ, Brasil",Sudeste,Rio de Janeiro,Rio de Janeiro,CORDOVIL,,,-22.8112565000,-43.2881980000,"23/01/2019, 05:20:00",true,true,PM,Ação policial,,,false,1,0,0,0,0,0,0,0,0,0,0,0,0,0
23826,"Rua Clarimundo de Melo, 769 - Quintino Bocaiuva, Rio de Janeiro - RJ, 20740-320, Brasil",Sudeste,Rio de Janeiro,Rio de Janeiro,QUINTINO BOCAIUVA,,MORRO DO SACU (COMPLEXO DO 18),-22.8943813000,-43.3209793000,"23/01/2019, 06:42:00",true,true,N�o identificado,Operação policial,,,false,0,0,0,0,0,0,0,0,0,0,0,0,0,0
23831,"Rua Clarimundo de Melo, 769 - Quintino Bocaiuva, Rio de Janeiro - RJ, 20740-320, Brasil",Sudeste,Rio de Janeiro,Rio de Janeiro,QUINTINO BOCAIUVA,,MORRO DO SACU (COMPLEXO DO 18),-22.8944378000,-43.3208834000,"23/01/2019, 08:30:00",false,false,,Não identificado,,,false,0,0,0,0,0,0,0,0,0,0,0,0,0,0
23837,"Morro do Juramento - Vicente de Carvalho, Rio de Janeiro - RJ, Brasil",Sudeste,Rio de Janeiro,Rio de Janeiro,VICENTE DE CARVALHO,,MORRO DO JURAMENTO (COMPLEXO DO JURAMENTO),-22.8627778000,-43.3152778000,"23/01/2019, 13:00:00",true,true,N�o identificado,Operação policial,,,false,0,0,0,0,0,0,0,0,0,0,0,0,0,0
23838,"Morro do Juramento - Vicente de Carvalho, Rio de Janeiro - RJ, Brasil",Sudeste,Rio de Janeiro,Rio de Janeiro,VICENTE DE CARVALHO,,MORRO DO JURAMENTO (COMPLEXO DO JURAMENTO),-22.8627778000,-43.3152778000,"23/01/2019, 14:00:00",false,false,,Não identificado,,,false,0,0,0,0,0,0,0,0,0,0,0,0,0,0
23842,"Complexo da Coréia - Senador Camará, Rio de Janeiro - RJ, 21842-590, Brasil",Sudeste,Rio de Janeiro,Rio de Janeiro,SENADOR CAMARA,,COMPLEXO DA COREIA DE SENADOR CAMARA,-22.8725549000,-43.5007880000,"23/01/2019, 15:30:00",false,false,,Não identificado,,,false,0,0,0,0,0,0,0,0,0,0,0,0,0,0
23843,"Morro do Turano - Tijuca, Rio de Janeiro - RJ, 20261-106, Brasil",Sudeste,Rio de Janeiro,Rio de Janeiro,TIJUCA,,MORRO DO TURANO,-22.9225340000,-43.2168969000,"23/01/2019, 16:00:00",false,false,,Não identificado,,,false,0,0,0,0,0,0,0,0,0,0,0,0,0,0
23861,"Beco Esperança, Morro do Adeus, Complexo do Alemão, Rio de Janeiro - RJ, Brasil",Sudeste,Rio de Janeiro,Rio de Janeiro,COMPLEXO DO ALEMAO,,MORRO DO ADEUS (COMPLEXO DO ALEMAO),-22.8654866000,-43.2619815000,"23/01/2019, 18:00:00",true,true,UPP (Complexo do Alem�o),Ação policial,,,false,0,0,0,0,0,0,0,0,0,0,0,0,0,0
23853,"Valão, Vila Kennedy, Rio de Janeiro - RJ, 21850-020, Brasil",Sudeste,Rio de Janeiro,Rio de Janeiro,VILA KENNEDY,,VILA KENNEDY,-22.8605620000,-43.4884837000,"23/01/2019, 19:46:00",false,false,,Não identificado,,,false,0,0,0,0,0,0,0,0,0,0,0,0,0,0
23857,"Av. Etiópia, Vila Kennedy, Rio de Janeiro - RJ, 21852-010, Brasil",Sudeste,Rio de Janeiro,Rio de Janeiro,VILA KENNEDY,,VILA KENNEDY,-22.8572838000,-43.4922899000,"24/01/2019, 02:26:00",false,false,,Não identificado,,,false,0,0,0,0,0,0,0,0,0,0,0,0,0,0
23862,"Realengo, Rio de Janeiro - RJ, Brasil",Sudeste,Rio de Janeiro,Rio de Janeiro,REALENGO,,,-22.8763107000,-43.4302937000,"24/01/2019, 05:32:00",false,false,,Não identificado,,,false,0,0,0,0,0,0,0,0,0,0,0,0,0,0
23859,"Barrão, Vila Kennedy, Rio de Janeiro - RJ, 21853-520, Brasil",Sudeste,Rio de Janeiro,Rio de Janeiro,VILA KENNEDY,,VILA KENNEDY,-22.8525686000,-43.4938286000,"24/01/2019, 05:59:00",true,true,PM,Operação policial,,,false,2,1,0,0,0,0,0,0,0,0,0,0,0,0
23864,"Morro do Dezoito, Água Santa - RJ, Brasil",Sudeste,Rio de Janeiro,Rio de Janeiro,AGUA SANTA,,MORRO DO 18 (COMPLEXO DO 18),-22.9039320000,-43.3169350000,"24/01/2019, 06:40:00",true,true,PM,Ação policial,,,false,0,1,0,0,0,0,0,0,0,0,0,0,0,0
23860,"Metral e Rampa, Vila Kennedy, Rio de Janeiro - RJ, 21853-600, Brasil",Sudeste,Rio de Janeiro,Rio de Janeiro,VILA KENNEDY,,VILA KENNEDY,-22.8550195000,-43.4971339000,"24/01/2019, 06:44:00",true,true,N�o identificado,Ação policial,,,false,0,0,0,0,0,0,0,0,0,0,0,0,0,0
23947,"Complexo do Lins,  Lins de Vasconcelos, Rio de Janeiro - RJ, 20725-140, Brasil",Sudeste,Rio de Janeiro,Rio de Janeiro,LINS DE VASCONCELOS,,COMPLEXO DO LINS,-22.9196001000,-43.2855347000,"24/01/2019, 07:00:00",false,false,,Não identificado,,,false,0,2,0,0,0,0,0,0,0,0,0,0,0,0
23895,"Água Santa, Rio de Janeiro - RJ, Brasil",Sudeste,Rio de Janeiro,Rio de Janeiro,AGUA SANTA,,,-22.9052068000,-43.3072301000,"24/01/2019, 12:00:00",false,false,,Não identificado,,,false,0,1,0,0,0,0,0,0,0,0,0,1,0,0
23869,"Morro do Timbau - Maré, Rio de Janeiro - RJ, 21042-050, Brasil",Sudeste,Rio de Janeiro,Rio de Janeiro,MARE,,MORRO DO TIMBAU (COMPLEXO DA MARE),-22.8622222000,-43.2405556000,"24/01/2019, 12:10:00",true,true,N�o identificado,Operação policial,,Tiros de Helicóptero,false,0,0,0,0,0,0,0,0,0,0,0,0,0,0
23877,"Morro da Providencia - Gambôa, Rio de Janeiro - RJ, 20221-310, Brasil",Sudeste,Rio de Janeiro,Rio de Janeiro,GAMBOA,,MORRO DA PROVIDENCIA,-22.9002778000,-43.1952778000,"24/01/2019, 17:50:00",false,false,,Não identificado,,,false,0,0,0,0,0,0,0,0,0,0,0,0,0,0
23879,"Morro dos Prazeres - Santa Teresa, Rio de Janeiro - RJ, Brasil",Sudeste,Rio de Janeiro,Rio de Janeiro,SANTA TERESA,,MORRO DOS PRAZERES,-22.9347222000,-43.2047222000,"24/01/2019, 23:54:00",false,false,,Não identificado,,,false,0,0,0,0,0,0,0,0,0,0,0,0,0,0
23881,"Morro do São Carlos - Estácio, Rio de Janeiro - RJ, Brasil",Sudeste,Rio de Janeiro,Rio de Janeiro,ESTACIO,,MORRO DO SAO CARLOS (COMPLEXO DO SAO CARLOS),-22.9174766000,-43.2048028000,"25/01/2019, 01:35:00",false,false,,Não identificado,,,false,0,0,0,0,0,0,0,0,0,0,0,0,0,0
23893,"Fallet/Fogueteiro - Santa Teresa, Rio de Janeiro - RJ, 20240-090, Brasil",Sudeste,Rio de Janeiro,Rio de Janeiro,SANTA TERESA,,FALLET/FOGUETEIRO,-22.9227740000,-43.1915463000,"25/01/2019, 04:00:00",false,false,,Não identificado,,,false,0,0,0,0,0,0,0,0,0,0,0,0,0,0
23883,"Cidade de Deus, Rio de Janeiro - RJ, Brasil",Sudeste,Rio de Janeiro,Rio de Janeiro,CIDADE DE DEUS,,CIDADE DE DEUS,-22.9481688000,-43.3626721000,"25/01/2019, 04:34:00",true,true,N�o identificado,Operação policial,,,false,0,0,0,0,0,0,0,0,0,0,0,0,0,0
23882,"R. Zâmbia , Vila Kennedy, Rio de Janeiro - RJ, 21850-510, Brasil",Sudeste,Rio de Janeiro,Rio de Janeiro,VILA KENNEDY,,VILA KENNEDY,-22.8588459000,-43.4892169000,"25/01/2019, 04:58:00",false,false,,Não identificado,,,false,0,0,0,0,0,0,0,0,0,0,0,0,0,0
23884,"Alvorada, Complexo do Alemão, Rio de Janeiro - RJ, Brasil",Sudeste,Rio de Janeiro,Rio de Janeiro,COMPLEXO DO ALEMAO,,ALVORADA (COMPLEXO DO ALEMAO),-22.8612593000,-43.2758573000,"25/01/2019, 05:12:00",false,false,,Não identificado,,,false,0,0,0,0,0,0,0,0,0,0,0,0,0,0
23885,"Karatê - Cidade de Deus, Rio de Janeiro - RJ, 22773-570, Brasil",Sudeste,Rio de Janeiro,Rio de Janeiro,CIDADE DE DEUS,,CIDADE DE DEUS,-22.9518380000,-43.3546000000,"25/01/2019, 05:52:00",true,true,N�o identificado,Ação policial,,,false,0,0,0,0,0,0,0,0,0,0,0,0,0,0
23896,"Av. Brasil - São Cristóvão, Rio de Janeiro - RJ, Brasil",Sudeste,Rio de Janeiro,Rio de Janeiro,SAO CRISTOVAO,,,-22.8890992000,-43.2221316000,"25/01/2019, 09:00:00",false,true,,Tentativa/Roubo,,,false,0,1,0,0,0,0,0,0,0,0,0,0,0,0
23897,"R. Silva Vale - Cavalcanti, Rio de Janeiro - RJ, 21370-360, Brasil",Sudeste,Rio de Janeiro,Rio de Janeiro,CAVALCANTI,,FAVELINHA (COMPLEXO DO JURAMENTO),-22.8695402000,-43.3099510000,"25/01/2019, 11:40:00",false,false,,Não identificado,,,false,0,0,0,0,0,0,0,0,0,0,0,0,0,0
23899,"Morro da Formiga- Tijuca, Rio de Janeiro - RJ, 20530-120, Brasil",Sudeste,Rio de Janeiro,Rio de Janeiro,TIJUCA,,MORRO DA FORMIGA,-22.9435434000,-43.2412996000,"25/01/2019, 14:42:00",false,false,,Não identificado,,,false,0,0,0,0,0,0,0,0,0,0,0,0,0,0
24024,"Coreia - Manguinhos, Rio de Janeiro - RJ, Brasil",Sudeste,Rio de Janeiro,Rio de Janeiro,MANGUINHOS,,COREIA (COMPLEXO DE MANGUINHOS),-22.8830770000,-43.2520060000,"25/01/2019, 19:00:00",true,true,PC,Homicidio/Tentativa,,,false,1,0,0,0,0,0,0,0,0,0,0,0,0,0
23904,"Morro dos Prazeres  e Fallet/Fogueteiro, Rio de Janeiro - RJ, Brasil",Sudeste,Rio de Janeiro,Rio de Janeiro,SANTA TERESA,,MORRO DOS PRAZERES,-22.9347222000,-43.2047222000,"25/01/2019, 21:54:00",false,false,,Não identificado,,,false,0,0,0,0,0,0,0,0,0,0,0,0,0,0
23907,"Estr. do Campinho, Campo Grande, Rio de Janeiro - RJ, 23066-540, Brasil",Sudeste,Rio de Janeiro,Rio de Janeiro,CAMPO GRANDE,,,-22.8844452000,-43.6227298000,"25/01/2019, 23:29:00",false,false,,Não identificado,,,false,0,0,0,0,0,0,0,0,0,0,0,0,0,0
23916,"Manguinhos, Rio de Janeiro - RJ, Brasil",Sudeste,Rio de Janeiro,Rio de Janeiro,MANGUINHOS,,COMPLEXO DE MANGUINHOS,-22.8830377000,-43.2457507000,"26/01/2019, 07:04:00",true,true,PM,Operação policial,,,false,0,0,0,0,0,0,0,0,0,0,0,0,0,0
23917,"Morro dos Macacos - Vila Isabel, Rio de Janeiro - RJ, Brasil",Sudeste,Rio de Janeiro,Rio de Janeiro,RIACHUELO,,MORRO DOS MACACOS,-22.9089525000,-43.2563203000,"26/01/2019, 10:11:00",true,true,UPP (Macacos),Ação policial,,,false,0,1,0,0,0,0,0,0,0,0,0,0,0,0
23918,"R. Juliano de Miranda - Vicente de Carvalho, Rio de Janeiro - RJ, 21371-090, Brasil",Sudeste,Rio de Janeiro,Rio de Janeiro,VICENTE DE CARVALHO,,MORRO DO JURAMENTO (COMPLEXO DO JURAMENTO),-22.8560049000,-43.3195822000,"26/01/2019, 13:20:00",false,false,,Não identificado,,,false,0,0,0,0,0,0,0,0,0,0,0,0,0,0
23922,"Fallet/ Fogueteiro- Santa Teresa, Rio de Janeiro - RJ, 20241-360, Brasil",Sudeste,Rio de Janeiro,Rio de Janeiro,SANTA TERESA,,FALLET/FOGUETEIRO,-22.9265111000,-43.1964401000,"26/01/2019, 15:11:00",false,false,,Não identificado,,,false,0,0,0,0,0,0,0,0,0,0,0,0,0,0
23926,"R. do Livramento - Gambôa, Rio de Janeiro - RJ, Brasil",Sudeste,Rio de Janeiro,Rio de Janeiro,GAMBOA,,MORRO DO LIVRAMENTO,-22.8971603000,-43.1919327000,"26/01/2019, 17:23:00",true,true,UPP (Provid�ncia),Ação policial,,,false,0,0,0,0,0,0,0,0,0,0,0,0,0,0
23927,"R. Viêira de Araújo - Realengo, Rio de Janeiro - RJ, Brasil",Sudeste,Rio de Janeiro,Rio de Janeiro,REALENGO,,FAVELA DO ALMIRANTE,-22.8918396000,-43.4274271000,"26/01/2019, 19:53:00",false,false,,Não identificado,,,false,0,0,0,0,0,0,0,0,0,0,0,0,0,0
23930,"Fallet/ Fogueteiro- Santa Teresa, Rio de Janeiro - RJ, 20241-360, Brasil",Sudeste,Rio de Janeiro,Rio de Janeiro,SANTA TERESA,,FALLET/FOGUETEIRO,-22.9230048000,-43.1918142000,"26/01/2019, 22:23:00",false,false,,Não identificado,,,false,0,0,0,0,0,0,0,0,0,0,0,0,0,0
23941,"Morro do Juramento - Vicente de Carvalho, Rio de Janeiro - RJ, Brasil",Sudeste,Rio de Janeiro,Rio de Janeiro,VICENTE DE CARVALHO,,MORRO DO JURAMENTO (COMPLEXO DO JURAMENTO),-22.8627778000,-43.3152778000,"27/01/2019, 03:00:00",false,false,,Não identificado,,,false,0,0,0,0,0,0,0,0,0,0,0,0,0,0
23934,"Vila Verde - Rocinha, Rio de Janeiro - RJ, 22451-971, Brasil",Sudeste,Rio de Janeiro,Rio de Janeiro,ROCINHA,,ROCINHA,-22.9901693000,-43.2523822000,"27/01/2019, 05:00:00",true,true,N�o identificado,Ação policial,,,false,0,0,0,2,0,0,0,0,0,0,0,0,0,0
23936,"Av. Brasil - Guadalupe, Rio de Janeiro - RJ, Brasil",Sudeste,Rio de Janeiro,Rio de Janeiro,GUADALUPE,,,-22.8409424000,-43.3689872000,"27/01/2019, 07:00:00",true,true,PM,Ação policial,,Perseguição,false,0,1,0,0,0,0,0,0,0,0,0,0,0,0
23946,"Morro do Turano - Tijuca, Rio de Janeiro - RJ, 20260-310, Brasil",Sudeste,Rio de Janeiro,Rio de Janeiro,TIJUCA,,MORRO DO TURANO,-22.9253062000,-43.2197710000,"27/01/2019, 16:57:00",true,true,PM,Ação policial,,,false,1,0,0,0,0,0,0,0,0,0,0,0,0,0
23950,"Morro do Turano, Tijuca, Rio de Janeiro - RJ, 20260-310, Brasil",Sudeste,Rio de Janeiro,Rio de Janeiro,TIJUCA,,MORRO DO TURANO,-22.9253062000,-43.2197710000,"27/01/2019, 18:01:00",true,true,N�o identificado,Ação policial,,,false,0,0,0,0,0,0,0,0,0,0,0,0,0,0
23951,"Morro do Turano, Tijuca, Rio de Janeiro - RJ, 20260-310, Brasil",Sudeste,Rio de Janeiro,Rio de Janeiro,TIJUCA,,MORRO DO TURANO,-22.9253062000,-43.2197710000,"27/01/2019, 19:57:00",true,true,N�o identificado,Ação policial,,,false,0,0,0,0,0,0,0,0,0,0,0,0,0,0
23952,"Leão, Vila Kennedy - Bangu, Rio de Janeiro - RJ, 21850-020, Brasil",Sudeste,Rio de Janeiro,Rio de Janeiro,VILA KENNEDY,,VILA KENNEDY,-22.8604006000,-43.4884116000,"27/01/2019, 21:28:00",false,false,,Não identificado,,,false,0,0,0,0,0,0,0,0,0,0,0,0,0,0
23953,"Tv. Rio do Pau - Pavuna, Rio de Janeiro - RJ, 21645-520, Brasil",Sudeste,Rio de Janeiro,Rio de Janeiro,PAVUNA,,CONDOMINIO ARAGUATINS,-22.8131943000,-43.3796282000,"27/01/2019, 21:37:00",false,false,,Não identificado,,,false,0,0,0,0,0,0,0,0,0,0,0,0,0,0
23972,"Rua Fidelândia - Curicica, Rio de Janeiro - RJ, 22710-000, Brasil",Sudeste,Rio de Janeiro,Rio de Janeiro,CURICICA,,,-22.9456529000,-43.3849221000,"28/01/2019, 00:00:00",false,true,,Homicidio/Tentativa,,,false,0,0,1,0,0,0,0,0,0,0,0,0,0,0
23956,"Labouriaux, Rocinha, Rio de Janeiro - RJ, Brasil",Sudeste,Rio de Janeiro,Rio de Janeiro,ROCINHA,,ROCINHA,-22.9879841000,-43.2479825000,"28/01/2019, 04:02:00",true,true,BPChq,Operação policial,,,false,0,0,0,1,0,0,0,0,0,0,0,0,0,0
23955,"Morro do Gamba - Lins de Vasconcelos, Rio de Janeiro - RJ, Brasil",Sudeste,Rio de Janeiro,Rio de Janeiro,LINS DE VASCONCELOS,,MORRO DO GAMBA (COMPLEXO DO LINS),-22.9155556000,-43.2902778000,"28/01/2019, 04:14:00",true,true,UPP (Lins),Ação policial,,,false,0,1,0,0,0,0,0,0,0,0,0,0,0,0
23959,"Rua João Telles de Meneses - Freguesia (Ilha do Governador), Rio de Janeiro - RJ, 21911-325, Brasil",Sudeste,Rio de Janeiro,Rio de Janeiro,FREGUESIA (ILHA),,,-22.7876813000,-43.1806226000,"28/01/2019, 04:33:00",false,false,,Não identificado,,,false,0,0,0,0,0,0,0,0,0,0,0,0,0,0
23958,"Av. Brasil - Santíssimo, Rio de Janeiro - RJ, Brasil",Sudeste,Rio de Janeiro,Rio de Janeiro,SANTISSIMO,,,-22.8605042000,-43.5234381000,"28/01/2019, 04:45:00",true,true,PM,Ação policial,,,false,0,0,0,1,0,0,0,0,0,0,0,0,0,0
23957,"99, Rocinha, Rio de Janeiro - RJ, Brasil",Sudeste,Rio de Janeiro,Rio de Janeiro,ROCINHA,,ROCINHA,-22.9879841000,-43.2479825000,"28/01/2019, 05:04:00",true,true,N�o identificado,Ação policial,,,false,0,0,0,0,0,0,0,0,0,0,0,0,0,0
23960,"Parte Alta, Rocinha, Rio de Janeiro - RJ, Brasil",Sudeste,Rio de Janeiro,Rio de Janeiro,ROCINHA,,ROCINHA,-22.9879841000,-43.2479825000,"28/01/2019, 07:25:00",false,false,,Não identificado,,,false,0,0,0,0,0,0,0,0,0,0,0,0,0,0
23963,"Metral, Vila Kennedy - Bangu, Rio de Janeiro - RJ, 21850-020, Brasil",Sudeste,Rio de Janeiro,Rio de Janeiro,VILA KENNEDY,,VILA KENNEDY,-22.8604006000,-43.4884116000,"28/01/2019, 08:38:00",false,false,,Não identificado,,,false,0,0,0,0,0,0,0,0,0,0,0,0,0,0
23966,"R. Zeferino da Costa - Cavalcanti, Rio de Janeiro - RJ, Brasil",Sudeste,Rio de Janeiro,Rio de Janeiro,CAVALCANTI,,FAVELA CAVALO PRETO,-22.8710226000,-43.3164152000,"28/01/2019, 08:45:00",true,true,PM,Operação policial,,,false,2,0,0,0,0,0,0,0,0,0,0,0,0,0
23973,"Rodo - Santa Cruz, Rio de Janeiro - RJ, 23591-250, Brasil",Sudeste,Rio de Janeiro,Rio de Janeiro,SANTA CRUZ,,COMPLEXO DO RODO,-22.9285800000,-43.6641430000,"28/01/2019, 10:00:00",true,true,PM,Operação policial,,,false,0,1,0,0,0,0,0,0,0,0,0,0,0,0
23975,"Rua João Telles de Meneses - Freguesia (Ilha do Governador), Rio de Janeiro - RJ, 21911-325, Brasil",Sudeste,Rio de Janeiro,Rio de Janeiro,FREGUESIA (ILHA),,,-22.7876813000,-43.1806226000,"28/01/2019, 11:50:00",true,true,PM,Operação policial,,,false,0,1,0,0,0,0,0,0,0,0,0,0,0,0
23974,"Morro do Borel - Tijuca, Rio de Janeiro - RJ, 20530-003, Brasil",Sudeste,Rio de Janeiro,Rio de Janeiro,TIJUCA,,MORRO DO BOREL,-22.9385731000,-43.2519803000,"28/01/2019, 12:47:00",false,false,,Não identificado,,,false,0,0,0,0,0,0,0,0,0,0,0,0,0,0
23978,"R. 2 - Rocinha, Rio de Janeiro - RJ, 22451-265, Brasil",Sudeste,Rio de Janeiro,Rio de Janeiro,ROCINHA,,ROCINHA,-22.9893864000,-43.2457753000,"28/01/2019, 15:58:00",false,false,,Não identificado,,,false,0,0,0,0,0,0,0,0,0,0,0,0,0,0
23982,"R. da Grota - Complexo do Alemão, Rio de Janeiro - RJ, Brasil",Sudeste,Rio de Janeiro,Rio de Janeiro,COMPLEXO DO ALEMAO,,GROTA (COMPLEXO DO ALEMAO),-22.8608162000,-43.2741950000,"28/01/2019, 22:20:00",false,false,,Não identificado,,,false,0,0,0,0,0,0,0,0,0,0,0,0,0,0
23985,"Morro do Turano, Rio Comprido, Rio de Janeiro - RJ, 20261-243, Brasil",Sudeste,Rio de Janeiro,Rio de Janeiro,RIO COMPRIDO,,MORRO DO TURANO,-22.9281552000,-43.2130433000,"29/01/2019, 03:30:00",true,true,N�o identificado,Operação policial,,,false,0,0,0,0,0,0,0,0,0,0,0,0,0,0
23987,"Vila Aliança, Bangu, Rio de Janeiro - RJ, 21842-550, Brasil",Sudeste,Rio de Janeiro,Rio de Janeiro,BANGU,,VILA ALIANCA,-22.8673416000,-43.4792950000,"29/01/2019, 08:52:00",false,false,,Não identificado,,,false,0,0,0,0,0,0,0,0,0,0,0,0,0,0
23989,"R. Congo, Vila Kennedy - Bangu, Rio de Janeiro - RJ, 21852-580, Brasil",Sudeste,Rio de Janeiro,Rio de Janeiro,VILA KENNEDY,,VILA KENNEDY,-22.8619370000,-43.4902830000,"29/01/2019, 10:05:00",true,true,PM,Operação policial,,,false,2,0,0,0,0,0,0,0,0,0,0,0,0,0
23991,"Rua 3 - Rocinha, Rio de Janeiro - RJ, 22451-265, Brasil",Sudeste,Rio de Janeiro,Rio de Janeiro,ROCINHA,,ROCINHA,-22.9884354000,-43.2487183000,"29/01/2019, 10:33:00",false,false,,Não identificado,,,false,0,0,0,0,0,0,0,0,0,0,0,0,0,0
23993,"Santa Marta - Botafogo, Rio de Janeiro - RJ, 21043-042, Brasil",Sudeste,Rio de Janeiro,Rio de Janeiro,BOTAFOGO,,SANTA MARTA,-22.9483154000,-43.1943621000,"29/01/2019, 12:23:00",true,true,N�o identificado,Ação policial,,,false,0,0,0,0,0,0,0,0,0,0,0,0,0,0
24605,"Coreia - Manguinhos, Rio de Janeiro - RJ, Brasil",Sudeste,Rio de Janeiro,Rio de Janeiro,MANGUINHOS,,COREIA (COMPLEXO DE MANGUINHOS),-22.8827460000,-43.2517060000,"29/01/2019, 15:00:00",true,true,N�o identificado,Homicidio/Tentativa,,,false,0,1,0,0,0,0,0,0,0,0,0,0,0,0
23997,"Morro da Caixa D'água, Tanque, Rio de Janeiro - RJ, 22733-001, Brasil",Sudeste,Rio de Janeiro,Rio de Janeiro,TANQUE,,,-22.9139920000,-43.3597298000,"29/01/2019, 16:56:00",true,true,PM,Ação policial,,,false,0,0,0,0,0,0,0,0,0,0,0,0,0,0
23999,"Váz Lobo, Rio de Janeiro - RJ, Brasil",Sudeste,Rio de Janeiro,Rio de Janeiro,VAZ LOBO,,,-22.8574907000,-43.3293570000,"29/01/2019, 17:40:00",false,false,,Não identificado,,,false,0,0,0,0,0,0,0,0,0,0,0,0,0,0
24000,"Guadalupe, Rio de Janeiro - RJ, Brasil",Sudeste,Rio de Janeiro,Rio de Janeiro,GUADALUPE,,,-22.8401095000,-43.3780741000,"29/01/2019, 17:45:00",false,false,,Não identificado,,,false,0,0,0,0,0,0,0,0,0,0,0,0,0,0
23998,"Rua Barão - Praça Seca, Rio de Janeiro - RJ, Brasil",Sudeste,Rio de Janeiro,Rio de Janeiro,PRACA SECA,,MORRO SAO JOSE OPERARIO (OU MORRO DA BARAO),-22.8986468000,-43.3523871000,"29/01/2019, 17:54:00",false,false,,Não identificado,,,false,0,0,0,0,0,0,0,0,0,0,0,0,0,0
24022,"Coreia - Manguinhos, Rio de Janeiro - RJ, Brasil",Sudeste,Rio de Janeiro,Rio de Janeiro,MANGUINHOS,,COREIA (COMPLEXO DE MANGUINHOS),-22.8830770000,-43.2520060000,"29/01/2019, 19:00:00",true,true,PC,Homicidio/Tentativa,,,false,1,0,0,0,0,0,0,0,0,0,0,0,0,0
24009,"Viaduto Cristóvão Colombo - Pilares, Rio de Janeiro - RJ, 20760-150, Brasil",Sudeste,Rio de Janeiro,Rio de Janeiro,PILARES,,,-22.8810951000,-43.2901233000,"30/01/2019, 05:00:00",false,false,,Não identificado,,,false,0,0,0,0,0,0,0,0,0,0,0,0,0,0
24013,"R. Cândido Benício - Praça Seca, Rio de Janeiro - RJ, 21321-802, Brasil",Sudeste,Rio de Janeiro,Rio de Janeiro,PRACA SECA,,,-22.8918872000,-43.3478334000,"30/01/2019, 06:00:00",false,false,,Não identificado,,,false,0,0,0,0,0,0,0,0,0,0,0,0,0,0
24014,"Vila Aliança - Bangu, Rio de Janeiro - RJ, 21844-040, Brasil",Sudeste,Rio de Janeiro,Rio de Janeiro,BANGU,,VILA ALIANCA,-22.8668450000,-43.4799840000,"30/01/2019, 07:00:00",false,false,,Não identificado,,,false,0,0,0,0,0,0,0,0,0,0,0,0,0,0
24015,"Ladeira dos Tabajaras 572 - Copacabana, Rio de Janeiro - RJ, 22031-100, Brasil",Sudeste,Rio de Janeiro,Rio de Janeiro,COPACABANA,,LADEIRA DOS TABAJARAS,-22.9632188000,-43.1904874000,"30/01/2019, 07:33:00",false,false,,Não identificado,,,false,0,0,0,0,0,0,0,0,0,0,0,0,0,0
24026,"Complexo da Coreia - Senador Camará, Rio de Janeiro - RJ, Brasil",Sudeste,Rio de Janeiro,Rio de Janeiro,SENADOR CAMARA,,,-22.8719974000,-43.5017938000,"30/01/2019, 08:00:00",true,true,N�o identificado,Operação policial,,Tiros de Helicóptero,false,0,0,0,0,0,0,0,0,0,0,0,0,0,0
24020,"Rua Joaquim de Queiroz - Complexo do Alemão, Rio de Janeiro - RJ, Brasil",Sudeste,Rio de Janeiro,Rio de Janeiro,COMPLEXO DO ALEMAO,,GROTA (COMPLEXO DO ALEMAO),-22.8593839000,-43.2763866000,"30/01/2019, 09:10:00",true,true,UPP (Complexo do Alem�o),Ação policial,,,false,0,0,0,0,0,0,0,0,0,0,0,0,0,0
24021,"R. Leopoldo Bulhões - Manguinhos, Rio de Janeiro - RJ, Brasil",Sudeste,Rio de Janeiro,Rio de Janeiro,MANGUINHOS,,COMPLEXO DE MANGUINHOS,-22.8820321000,-43.2496748000,"30/01/2019, 12:35:00",true,true,N�o identificado,Ação policial,,,false,0,0,0,0,0,0,0,0,0,0,0,0,0,0
24033,"Morro dos Macacos, Vila Isabel, Rio de Janeiro - RJ, 20551-230, Brasil",Sudeste,Rio de Janeiro,Rio de Janeiro,VILA ISABEL,,MORRO DOS MACACOS,-22.9135675000,-43.2556792000,"30/01/2019, 20:07:00",false,false,,Não identificado,,,false,0,0,0,0,0,0,0,0,0,0,0,0,0,0
24034,"Morro da Formiga - Tijuca, Rio de Janeiro - RJ, 20530-003, Brasil",Sudeste,Rio de Janeiro,Rio de Janeiro,TIJUCA,,MORRO DA FORMIGA,-22.9441667000,-43.2408333000,"30/01/2019, 20:40:00",false,false,,Não identificado,,,false,0,0,0,0,0,0,0,0,0,0,0,0,0,0
24040,"Complexo do Caju, Caju, Rio de Janeiro - RJ, Brasil",Sudeste,Rio de Janeiro,Rio de Janeiro,CAJU,,COMPLEXO DO CAJU,-22.8801906000,-43.2269849000,"31/01/2019, 03:50:00",true,true,BPChq,Operação policial,,,false,0,0,0,0,0,0,0,0,0,0,0,0,0,0
24039,"Morro do Borel - Tijuca, Rio de Janeiro - RJ, 20530-003, Brasil",Sudeste,Rio de Janeiro,Rio de Janeiro,TIJUCA,,MORRO DO BOREL,-22.9375309000,-43.2568825000,"31/01/2019, 04:19:00",true,true,UPP (Borel),Ação policial,,,false,1,0,0,0,0,0,0,0,0,0,0,0,0,0
24046,"Morro do Borel - Tijuca, Rio de Janeiro - RJ, 20530-003, Brasil",Sudeste,Rio de Janeiro,Rio de Janeiro,TIJUCA,,MORRO DO BOREL,-22.9385622000,-43.2521052000,"31/01/2019, 09:37:00",false,false,,Não identificado,,,false,0,0,0,0,0,0,0,0,0,0,0,0,0,0
24050,"Engenho da Rainha, Rio de Janeiro - RJ, 20765-171, Brasil",Sudeste,Rio de Janeiro,Rio de Janeiro,ENGENHO DA RAINHA,,,-22.8652639000,-43.2939754000,"31/01/2019, 13:15:00",false,false,,Não identificado,,,false,0,0,0,0,0,0,0,0,0,0,0,0,0,0
24064,"Pedra do Sapo, Complexo do Alemão, Rio de Janeiro - RJ, Brasil",Sudeste,Rio de Janeiro,Rio de Janeiro,COMPLEXO DO ALEMAO,,PEDRA DO SAPO (COMPLEXO DO ALEMAO),-22.8593331000,-43.2754759000,"31/01/2019, 17:46:00",false,false,,Não identificado,,,false,0,0,0,0,0,0,0,0,0,0,0,0,0,0
24065,"Morro do Adeus, Complexo do Alemão, Rio de Janeiro - RJ, Brasil",Sudeste,Rio de Janeiro,Rio de Janeiro,COMPLEXO DO ALEMAO,,MORRO DO ADEUS (COMPLEXO DO ALEMAO),-22.8654866000,-43.2619815000,"31/01/2019, 18:26:00",false,false,,Não identificado,,,false,0,0,0,0,0,0,0,0,0,0,0,0,0,0
24066,"Bateau Mouche, Praça Seca, Rio de Janeiro - RJ, 22733-120, Brasil",Sudeste,Rio de Janeiro,Rio de Janeiro,PRACA SECA,,FAVELA BATEAU MOUCHE,-22.9048084000,-43.3550791000,"31/01/2019, 19:25:00",false,false,,Não identificado,,,false,0,0,0,0,0,0,0,0,0,0,0,0,0,0
24067,"Morro do Urubu,  Pilares, Rio de Janeiro - RJ, Brasil",Sudeste,Rio de Janeiro,Rio de Janeiro,PILARES,,MORRO DO URUBU (COMPLEXO DO URUBU),-22.8753430000,-43.3043756000,"31/01/2019, 20:17:00",true,true,N�o identificado,Disputa,,,false,0,0,0,0,0,0,0,0,0,0,0,0,0,0
24069,"Morro do Juramento - Vicente de Carvalho, Rio de Janeiro - RJ, Brasil",Sudeste,Rio de Janeiro,Rio de Janeiro,VICENTE DE CARVALHO,,MORRO DO JURAMENTO (COMPLEXO DO JURAMENTO),-22.8627778000,-43.3152778000,"01/02/2019, 00:00:00",false,false,,Não identificado,,,false,0,0,0,0,0,0,0,0,0,0,0,0,0,0
24076,"Morro da Providencia - Gambôa, Rio de Janeiro - RJ, 20221-310, Brasil",Sudeste,Rio de Janeiro,Rio de Janeiro,GAMBOA,,MORRO DA PROVIDENCIA,-22.9002778000,-43.1952778000,"01/02/2019, 04:53:00",true,true,PM,Operação policial,,,false,1,0,0,0,0,0,0,0,0,0,0,0,0,0
24083,"R. Doná Darcí Vargas - São Cristóvão, Rio de Janeiro - RJ, 20921-270, Brasil",Sudeste,Rio de Janeiro,Rio de Janeiro,SAO CRISTOVAO,,BARREIRA DO VASCO,-22.8893332000,-43.2297856000,"01/02/2019, 11:15:00",true,true,UPP (Barreira do Vasco),Ação policial,,,false,0,0,0,0,0,0,0,0,0,0,0,0,0,0
24081,"Largo do Bulufa - Ramos, Rio de Janeiro - RJ, 21061-240, Brasil",Sudeste,Rio de Janeiro,Rio de Janeiro,COMPLEXO DO ALEMAO,,GROTA (COMPLEXO DO ALEMAO),-22.8611743000,-43.2734499000,"01/02/2019, 13:11:00",false,false,,Não identificado,,,false,0,0,0,0,0,0,0,0,0,0,0,0,0,0
24088,"Barrão, Vila Kennedy - Bangu, Rio de Janeiro - RJ, 21850-020, Brasil",Sudeste,Rio de Janeiro,Rio de Janeiro,VILA KENNEDY,,VILA KENNEDY,-22.8604006000,-43.4884116000,"01/02/2019, 17:14:00",false,false,,Não identificado,,,false,0,0,0,0,0,0,0,0,0,0,0,0,0,0
24092,"Morro do Adeus, Complexo do Alemão, Rio de Janeiro - RJ, Brasil",Sudeste,Rio de Janeiro,Rio de Janeiro,COMPLEXO DO ALEMAO,,MORRO DO ADEUS (COMPLEXO DO ALEMAO),-22.8654866000,-43.2619815000,"01/02/2019, 18:26:00",false,false,,Não identificado,,,false,0,0,0,0,0,0,0,0,0,0,0,0,0,0
24093,"Rua Auristela - Santa Cruz, Rio de Janeiro - RJ, Brasil",Sudeste,Rio de Janeiro,Rio de Janeiro,SANTA CRUZ,,,-22.9330159000,-43.6888084000,"01/02/2019, 19:11:00",false,false,,Não identificado,,,false,0,0,0,0,0,0,0,0,0,0,0,0,0,0
24097,"Malvinas, Vila Kennedy , Rio de Janeiro - RJ, 21850-070, Brasil",Sudeste,Rio de Janeiro,Rio de Janeiro,VILA KENNEDY,,VILA KENNEDY,-22.8600881000,-43.4863223000,"01/02/2019, 23:14:00",true,true,N�o identificado,Ação policial,,,false,0,0,0,0,0,0,0,0,0,0,0,0,0,0
24098,"R. Pintor Leandro Joaquim - Cidade de Deus, Rio de Janeiro - RJ, Brasil",Sudeste,Rio de Janeiro,Rio de Janeiro,CIDADE DE DEUS,,CIDADE DE DEUS,-22.9439699000,-43.3626771000,"02/02/2019, 01:04:00",false,false,,Não identificado,,,false,0,0,0,0,0,0,0,0,0,0,0,0,0,0
24102,"Complexo do Alemão, Rio de Janeiro - RJ, Brasil",Sudeste,Rio de Janeiro,Rio de Janeiro,COMPLEXO DO ALEMAO,,COMPLEXO DO ALEMAO,-22.8593331000,-43.2754759000,"02/02/2019, 03:43:00",false,false,,Não identificado,,,false,0,0,0,0,0,0,0,0,0,0,0,0,0,0
24101,"Praça Miami, Vila Kennedy, Bangu, Rio de Janeiro - RJ, 21852-130, Brasil",Sudeste,Rio de Janeiro,Rio de Janeiro,VILA KENNEDY,,VILA KENNEDY,-22.8565080000,-43.4934060000,"02/02/2019, 03:46:00",false,false,,Não identificado,,,false,0,0,0,0,0,0,0,0,0,0,0,0,0,0
24106,"Ladeira dos Tabajaras - Copacabana, Rio de Janeiro - RJ, 22031-072, Brasil",Sudeste,Rio de Janeiro,Rio de Janeiro,COPACABANA,,LADEIRA DOS TABAJARAS,-22.9645712000,-43.1897517000,"02/02/2019, 05:19:00",false,false,,Não identificado,,,false,0,0,0,0,0,0,0,0,0,0,0,0,0,0
24112,"Morro dos Macacos, Vila Isabel, Rio de Janeiro - RJ, 20551-230, Brasil",Sudeste,Rio de Janeiro,Rio de Janeiro,RIACHUELO,,MORRO DOS MACACOS,-22.9089149000,-43.2563622000,"02/02/2019, 13:00:00",false,false,,Não identificado,,,false,0,0,0,0,0,0,0,0,0,0,0,0,0,0
24130,"R. Adriano - Meier, Rio de Janeiro - RJ, 20735-060, Brasil",Sudeste,Rio de Janeiro,Rio de Janeiro,MEIER,,,-22.9009359000,-43.2892926000,"02/02/2019, 15:30:00",false,false,,Homicidio/Tentativa,,,false,1,0,0,0,0,0,0,0,0,0,0,0,0,0
24115,"Ladeira dos Tabajaras - Copacabana, Rio de Janeiro - RJ, 22031-072, Brasil",Sudeste,Rio de Janeiro,Rio de Janeiro,COPACABANA,,LADEIRA DOS TABAJARAS,-22.9640068000,-43.1898666000,"02/02/2019, 16:16:00",false,false,,Não identificado,,,false,0,0,0,0,0,0,0,0,0,0,0,0,0,0
24123,"Ladeira dos Tabajaras - Copacabana, Rio de Janeiro - RJ, 22031-072, Brasil",Sudeste,Rio de Janeiro,Rio de Janeiro,COPACABANA,,LADEIRA DOS TABAJARAS,-22.9645712000,-43.1897517000,"02/02/2019, 20:30:00",false,false,,Não identificado,,,false,0,0,0,0,0,0,0,0,0,0,0,0,0,0
24124,"Estr. do Catruz - Pedra de Guaratiba, Rio de Janeiro - RJ, Brasil",Sudeste,Rio de Janeiro,Rio de Janeiro,PEDRA DE GUARATIBA,,,-22.9923239000,-43.6430867000,"02/02/2019, 20:30:00",false,false,,Não identificado,,,false,0,0,0,0,0,0,0,0,0,0,0,0,0,0
24122,"Morro Faz Quem Quer - Rocha Miranda, Rio de Janeiro - RJ, 21540-570, Brasil",Sudeste,Rio de Janeiro,Rio de Janeiro,ROCHA MIRANDA,,MORRO DO FAZ QUEM QUER (COMPLEXO DO CAJUEIRO),-22.8493094000,-43.3402137000,"02/02/2019, 20:35:00",false,false,,Não identificado,,,false,0,0,0,0,0,0,0,0,0,0,0,0,0,0
24141,"Jacarezinho, Rio de Janeiro - RJ, Brasil",Sudeste,Rio de Janeiro,Rio de Janeiro,JACAREZINHO,,JACAREZINHO,-22.8875573000,-43.2581953000,"03/02/2019, 01:00:00",false,false,,Homicidio/Tentativa,,Feminicídio/tentativa,false,1,0,0,0,0,0,0,0,0,0,0,0,0,0
24133,"Beco da Glória, Jacaré, Rio de Janeiro - RJ, 20970-304, Brasil",Sudeste,Rio de Janeiro,Rio de Janeiro,JACAREZINHO,,JACAREZINHO,-22.8881816000,-43.2612788000,"03/02/2019, 01:40:00",true,true,PM,Ação policial,,,false,1,0,0,0,0,0,0,0,0,0,0,0,0,0
24127,"Morro do Urubu, Pilares, Rio de Janeiro - RJ, 20751-300, Brasi",Sudeste,Rio de Janeiro,Rio de Janeiro,PILARES,,MORRO DO URUBU (COMPLEXO DO URUBU),-22.8763889000,-43.3033333000,"03/02/2019, 03:30:00",false,false,,Não identificado,,,false,0,0,0,0,0,0,0,0,0,0,0,0,0,0
24126,"Rua Dois,  Alvorada, Complexo do Alemão, Rio de Janeiro - RJ, Brasil",Sudeste,Rio de Janeiro,Rio de Janeiro,COMPLEXO DO ALEMAO,,ALVORADA (COMPLEXO DO ALEMAO),-22.8624341000,-43.2748755000,"03/02/2019, 05:14:00",true,true,N�o identificado,Ação policial,,,false,0,0,0,0,0,0,0,0,0,0,0,0,0,0
24128,"Largo da Sorveteria, Complexo do Alemão, Rio de Janeiro - RJ, 20766-120, Brasil",Sudeste,Rio de Janeiro,Rio de Janeiro,COMPLEXO DO ALEMAO,,FAZENDINHA (COMPLEXO DO ALEMAO),-22.8665980000,-43.2806840000,"03/02/2019, 05:42:00",true,true,N�o identificado,Operação policial,,,false,1,1,0,0,0,0,0,0,0,0,0,0,0,0
24132,"Fazendinha, Complexo do Alemão, Rio de Janeiro - RJ, 20766-120, Brasil",Sudeste,Rio de Janeiro,Rio de Janeiro,COMPLEXO DO ALEMAO,,FAZENDINHA (COMPLEXO DO ALEMAO),-22.8662164000,-43.2803323000,"03/02/2019, 07:36:00",true,true,N�o identificado,Ação policial,,,false,0,0,0,0,0,0,0,0,0,0,0,0,0,0
24134,"Morro Santo André, Bangu, Rio de Janeiro - RJ, 21825-320, Brasil",Sudeste,Rio de Janeiro,Rio de Janeiro,BANGU,,MORRO SANTO ANDRE,-22.8950240000,-43.4804530000,"03/02/2019, 08:50:00",false,false,,Não identificado,,,false,0,0,0,0,0,0,0,0,0,0,0,0,0,0
24136,"Favela do Muquiço - Guadalupe, Rio de Janeiro - RJ, 21670-470, Brasil",Sudeste,Rio de Janeiro,Rio de Janeiro,GUADALUPE,,FAVELA DO MUQUICO,-22.8496343000,-43.3786349000,"03/02/2019, 10:30:00",false,false,,Não identificado,,,false,0,0,0,0,0,0,0,0,0,0,0,0,0,0
24145,"Proença Rosa, Honório Gurgel, Rio de Janeiro - RJ, 21512-002, Brasil",Sudeste,Rio de Janeiro,Rio de Janeiro,HONORIO GURGEL,,PROENCA ROSA,-22.8419674000,-43.3609532000,"03/02/2019, 18:31:00",false,false,,Não identificado,,,false,0,0,0,0,0,0,0,0,0,0,0,0,0,0
24146,"Cidade Alta, Cordovil, Rio de Janeiro - RJ, 21010-150, Brasil",Sudeste,Rio de Janeiro,Rio de Janeiro,CORDOVIL,,CIDADE ALTA (COMPLEXO DE ISRAEL),-22.8197570000,-43.2958250000,"03/02/2019, 18:49:00",false,false,,Não identificado,,,false,0,0,0,0,0,0,0,0,0,0,0,0,0,0
24149,"Engenho de Dentro, Rio de Janeiro - RJ, Brasil",Sudeste,Rio de Janeiro,Rio de Janeiro,ENGENHO DE DENTRO,,,-22.8953320000,-43.2957776000,"03/02/2019, 20:08:00",false,false,,Não identificado,,,false,0,0,0,0,0,0,0,0,0,0,0,0,0,0
24150,"Jiló, Vila Kennedy - Bangu, Rio de Janeiro - RJ, 21850-020, Brasil",Sudeste,Rio de Janeiro,Rio de Janeiro,VILA KENNEDY,,VILA KENNEDY,-22.8604006000,-43.4884116000,"03/02/2019, 20:19:00",false,false,,Não identificado,,,false,0,0,0,0,0,0,0,0,0,0,0,0,0,0
24151,"Morro do Juramento - Vicente de Carvalho, Rio de Janeiro - RJ, Brasil",Sudeste,Rio de Janeiro,Rio de Janeiro,VICENTE DE CARVALHO,,MORRO DO JURAMENTO (COMPLEXO DO JURAMENTO),-22.8627778000,-43.3152778000,"03/02/2019, 21:28:00",false,false,,Não identificado,,,false,0,0,0,0,0,0,0,0,0,0,0,0,0,0
24155,"Morro dos Macacos, Vila Isabel, Rio de Janeiro - RJ, 20551-230, Brasil",Sudeste,Rio de Janeiro,Rio de Janeiro,RIACHUELO,,MORRO DOS MACACOS,-22.9089651000,-43.2563063000,"03/02/2019, 22:25:00",false,false,,Não identificado,,,false,0,0,0,0,0,0,0,0,0,0,0,0,0,0
24158,"Morro da Formiga - Tijuca, Rio de Janeiro - RJ, 20530-003, Brasil",Sudeste,Rio de Janeiro,Rio de Janeiro,TIJUCA,,MORRO DA FORMIGA,-22.9441667000,-43.2408333000,"03/02/2019, 22:40:00",false,false,,Não identificado,,,false,0,0,0,0,0,0,0,0,0,0,0,0,0,0
24153,"Morro da Formiga - Tijuca, Rio de Janeiro",Sudeste,Rio de Janeiro,Rio de Janeiro,TIJUCA,,MORRO DA FORMIGA,-22.9377123000,-43.2452224000,"04/02/2019, 02:09:00",false,false,,Não identificado,,,false,0,0,0,0,0,0,0,0,0,0,0,0,0,0
24161,"Cavalcanti, Rio de Janeiro - RJ, Brasil",Sudeste,Rio de Janeiro,Rio de Janeiro,CAVALCANTI,,,-22.8725957000,-43.3136000000,"04/02/2019, 04:25:00",false,false,,Não identificado,,,false,0,0,0,0,0,0,0,0,0,0,0,0,0,0
24173,"R. Castelo Branco - Bráz De Pina, Rio de Janeiro - RJ, 21012-350, Brasil",Sudeste,Rio de Janeiro,Rio de Janeiro,BRAS DE PINA,,FAVELA 5 BOCAS (COMPLEXO DE ISRAEL),-22.8225602000,-43.2824519000,"04/02/2019, 07:00:00",false,false,,Ataque a civis,,"Presença de político,Entrada na Favela por Engano",false,0,1,0,0,0,0,0,0,0,0,0,0,0,0
24163,"Morro do Borel - Tijuca, Rio de Janeiro - RJ, 20530-003, Brasil",Sudeste,Rio de Janeiro,Rio de Janeiro,TIJUCA,,MORRO DO BOREL,-22.9372466000,-43.2573799000,"04/02/2019, 07:15:00",false,false,,Não identificado,,,false,0,0,0,0,0,0,0,0,0,0,0,0,0,0
24168,"Estr. São Pedro de Alcântara - Magalhaes Bastos, Rio de Janeiro - RJ, 21615-310, Brasil",Sudeste,Rio de Janeiro,Rio de Janeiro,MAGALHAES BASTOS,,,-22.8678058000,-43.4132151000,"04/02/2019, 07:40:00",true,true,PM,Operação policial,,,false,0,0,0,0,0,0,0,0,0,0,0,0,0,0
24174,"Bangu, Rio de Janeiro - RJ, Brasil",Sudeste,Rio de Janeiro,Rio de Janeiro,BANGU,,,-22.8742263000,-43.4685442000,"04/02/2019, 08:00:00",false,false,,Ataque a civis,,,false,0,0,0,0,0,0,0,0,0,0,0,0,0,0
24169,"Amarelinho - Acari, Rio de Janeiro - RJ, Brasil",Sudeste,Rio de Janeiro,Rio de Janeiro,ACARI,,CONJUNTO AMARELINHO,-22.8237410000,-43.3400341000,"04/02/2019, 10:14:00",false,false,,Não identificado,,,false,0,0,0,0,0,0,0,0,0,0,0,0,0,0
24172,"R. Leopoldo Bulhões - Manguinhos, Rio de Janeiro - RJ, Brasil",Sudeste,Rio de Janeiro,Rio de Janeiro,MANGUINHOS,,COMPLEXO DE MANGUINHOS,-22.8820321000,-43.2496748000,"04/02/2019, 11:55:00",true,true,N�o identificado,Operação policial,,,false,0,0,0,0,0,0,0,0,0,0,0,0,0,0
24175,"Morro do Juramento - Vicente de Carvalho, Rio de Janeiro - RJ, Brasil",Sudeste,Rio de Janeiro,Rio de Janeiro,VICENTE DE CARVALHO,,MORRO DO JURAMENTO (COMPLEXO DO JURAMENTO),-22.8627778000,-43.3152778000,"04/02/2019, 14:03:00",true,true,N�o identificado,Operação policial,,,false,1,0,0,0,0,0,0,0,0,0,0,0,0,0
24176,"Morro da Fé - Penha Circular, Rio de Janeiro - RJ, 21210-360, Brasil",Sudeste,Rio de Janeiro,Rio de Janeiro,PENHA CIRCULAR,,MORRO DA FE (COMPLEXO DA PENHA),-22.8469239000,-43.2969005000,"04/02/2019, 14:50:00",false,false,,Não identificado,,,false,0,0,0,0,0,0,0,0,0,0,0,0,0,0
24177,"Morro do Juramento - Vicente de Carvalho, Rio de Janeiro - RJ, Brasil",Sudeste,Rio de Janeiro,Rio de Janeiro,VICENTE DE CARVALHO,,MORRO DO JURAMENTO (COMPLEXO DO JURAMENTO),-22.8627778000,-43.3152778000,"04/02/2019, 15:36:00",false,false,,Não identificado,,,false,0,0,0,0,0,0,0,0,0,0,0,0,0,0
24179,"Cidade Alta - Cordovil, Rio de Janeiro - RJ, 21010-150, Brasil",Sudeste,Rio de Janeiro,Rio de Janeiro,CORDOVIL,,CIDADE ALTA (COMPLEXO DE ISRAEL),-22.8197204000,-43.2956836000,"04/02/2019, 16:25:00",false,false,,Não identificado,,,false,0,0,0,0,0,0,0,0,0,0,0,0,0,0
24184,"Malvinas, Vila Kennedy , Rio de Janeiro - RJ, 21850-070, Brasil",Sudeste,Rio de Janeiro,Rio de Janeiro,VILA KENNEDY,,VILA KENNEDY,-22.8600881000,-43.4863223000,"05/02/2019, 01:09:00",false,false,,Não identificado,,,false,0,0,0,0,0,0,0,0,0,0,0,0,0,0
24186,"Praça do Carmo, Penha Circular, Rio de Janeiro - RJ, 21210-280, Brasil",Sudeste,Rio de Janeiro,Rio de Janeiro,PENHA CIRCULAR,,,-22.8388125000,-43.2950253000,"05/02/2019, 02:30:00",false,false,,Não identificado,,,false,0,0,0,0,0,0,0,0,0,0,0,0,0,0
24187,"Alvorada, Complexo do Alemão, Rio de Janeiro - RJ, Brasil",Sudeste,Rio de Janeiro,Rio de Janeiro,COMPLEXO DO ALEMAO,,ALVORADA (COMPLEXO DO ALEMAO),-22.8612593000,-43.2758573000,"05/02/2019, 05:38:00",false,false,,Não identificado,,,false,0,0,0,0,0,0,0,0,0,0,0,0,0,0
24194,"Ladeira dos Tabajaras e Morro dos Cabritos - Copacabana, Rio de Janeiro - RJ, 22031-072, Brasil",Sudeste,Rio de Janeiro,Rio de Janeiro,COPACABANA,,LADEIRA DOS TABAJARAS,-22.9645712000,-43.1897517000,"05/02/2019, 08:11:00",true,true,N�o identificado,Ação policial,,,false,0,0,0,0,0,0,0,0,0,0,0,0,0,0
24197,"Barreira do Vasco - São Cristóvão, Rio de Janeiro - RJ, 20921-080, Brasil",Sudeste,Rio de Janeiro,Rio de Janeiro,SAO CRISTOVAO,,BARREIRA DO VASCO,-22.8891479000,-43.2294074000,"05/02/2019, 14:50:00",true,true,PM,Ação policial,,,false,0,0,0,0,0,0,0,0,0,0,0,0,0,0
24198,"Av. Pres. Vargas, Rio de Janeiro - RJ, Brasil",Sudeste,Rio de Janeiro,Rio de Janeiro,CENTRO,,,-22.9066018000,-43.1948029000,"05/02/2019, 15:00:00",true,true,PM,Ação policial,,,false,0,1,0,0,0,0,0,0,0,0,0,0,0,0
24199,"R. Joaquim Meier - Meier, Rio de Janeiro - RJ, Brasil",Sudeste,Rio de Janeiro,Rio de Janeiro,MEIER,,,-22.9064123000,-43.2808474000,"05/02/2019, 15:20:00",false,false,,Não identificado,,,false,0,0,0,0,0,0,0,0,0,0,0,0,0,0
24205,"Linha Vermelha - Maré, Rio de Janeiro - RJ, Brasil",Sudeste,Rio de Janeiro,Rio de Janeiro,MARE,,COMPLEXO DA MARE,-22.8568425000,-43.2380998000,"05/02/2019, 15:50:00",true,true,PM,Ação policial,,,false,0,0,0,0,0,0,0,0,0,0,0,0,0,0
24201,"Santa Maria - Taquara, Rio de Janeiro - RJ, Brasil",Sudeste,Rio de Janeiro,Rio de Janeiro,TAQUARA,,COMUNIDADE SANTA MARIA,-22.9133505000,-43.4156585000,"05/02/2019, 17:17:00",true,true,PM,Ação policial,,,true,3,1,0,0,0,0,0,0,0,0,0,0,0,0
24204,"Morro do São João, Engenho Novo, Rio de Janeiro - RJ, 20950-370, Brasil",Sudeste,Rio de Janeiro,Rio de Janeiro,ENGENHO NOVO,,MORRO SAO JOAO,-22.9078627000,-43.2659281000,"05/02/2019, 18:02:00",false,false,,Não identificado,,,false,0,0,0,0,0,0,0,0,0,0,0,0,0,0
24211,"Vila da Penha, Rio de Janeiro - RJ, Brasil",Sudeste,Rio de Janeiro,Rio de Janeiro,VILA DA PENHA,,,-22.8440802000,-43.3094623000,"05/02/2019, 21:28:00",false,false,,Não identificado,,,false,0,0,0,0,0,0,0,0,0,0,0,0,0,0
24212,"Realengo, Rio de Janeiro - RJ, Brasil",Sudeste,Rio de Janeiro,Rio de Janeiro,REALENGO,,,-22.8763107000,-43.4302937000,"05/02/2019, 21:33:00",false,false,,Não identificado,,,false,0,0,0,0,0,0,0,0,0,0,0,0,0,0
24217,"Morro da Pedreira - Costa Barros, Rio de Janeiro - RJ, 21515-460, Brasil",Sudeste,Rio de Janeiro,Rio de Janeiro,COSTA BARROS,,MORRO DA PEDREIRA (COMPLEXO DA PEDREIRA),-22.8235797000,-43.3582608000,"05/02/2019, 22:56:00",false,false,,Não identificado,,,false,0,0,0,0,0,0,0,0,0,0,0,0,0,0
24228,"R. Juíz Jorge Salomão (Cotovelo), Morro do São João - Engenho Novo, Rio de Janeiro - RJ, 20950-360, Brasil",Sudeste,Rio de Janeiro,Rio de Janeiro,ENGENHO NOVO,,MORRO SAO JOAO,-22.9077837000,-43.2668777000,"06/02/2019, 02:00:00",true,true,UPP (S�o Jo�o),Ação policial,,,false,1,0,0,0,0,0,0,0,0,0,0,0,0,0
24215,"Beira Rio -Vila Kennedy - Bangu, Rio de Janeiro - RJ, 21850-007, Brasil",Sudeste,Rio de Janeiro,Rio de Janeiro,VILA KENNEDY,,VILA KENNEDY,-22.8576630000,-43.4927450000,"06/02/2019, 04:45:00",true,true,PM,Ação policial,,,false,0,1,0,0,0,0,0,0,0,0,0,0,0,0
24216,"Morro da Serrinha - Madureira, Rio de Janeiro - RJ, 21360-320, Brasil",Sudeste,Rio de Janeiro,Rio de Janeiro,VAZ LOBO,,MORRO DA SERRINHA (COMPLEXO DA SERRINHA),-22.8618479000,-43.3236221000,"06/02/2019, 04:50:00",true,true,BOPE,Operação policial,,,false,0,0,0,0,0,0,0,0,0,0,0,0,0,0
24227,"Bairro Carioca, Triagem, Rio de Janeiro - RJ, 20911-180, Brasil",Sudeste,Rio de Janeiro,Rio de Janeiro,ROCHA,,BAIRRO CARIOCA (TRIAGEM),-22.8936750000,-43.2475082000,"06/02/2019, 05:15:00",true,true,N�o identificado,Ação policial,,,false,0,0,0,0,0,0,0,0,0,0,0,0,0,0
24229,"Estrada Adhemar Bebiano - Del Castilho, Rio de Janeiro - RJ, Brasil",Sudeste,Rio de Janeiro,Rio de Janeiro,INHAUMA,,,-22.8728064000,-43.2747101000,"06/02/2019, 07:18:00",true,true,PM,Operação policial,,,false,0,1,0,0,0,0,0,0,0,0,0,0,0,0
24230,"Predio do CTV 360 - Av. Brasil, 4365 - Manguinhos, Rio de Janeiro - RJ, 21040-900, Brasil",Sudeste,Rio de Janeiro,Rio de Janeiro,MANGUINHOS,,,-22.8750113000,-43.2455451000,"06/02/2019, 10:36:00",true,true,N�o identificado,Tentativa/Roubo,,,false,0,2,0,1,0,0,0,0,0,0,0,0,0,1
24238,"R. São Pedro - Inhauma, Rio de Janeiro - RJ, Brasil",Sudeste,Rio de Janeiro,Rio de Janeiro,COMPLEXO DO ALEMAO,,FAZENDINHA (COMPLEXO DO ALEMAO),-22.8677852000,-43.2773107000,"06/02/2019, 12:18:00",true,true,UPP (Complexo do Alem�o),Operação policial,,,false,0,0,0,0,0,0,0,0,0,0,0,0,0,0
24240,"Morro do Adeus, Complexo do Alemão, Rio de Janeiro - RJ, Brasil",Sudeste,Rio de Janeiro,Rio de Janeiro,COMPLEXO DO ALEMAO,,MORRO DO ADEUS (COMPLEXO DO ALEMAO),-22.8654866000,-43.2619815000,"06/02/2019, 15:36:00",false,false,,Não identificado,,,false,0,0,0,0,0,0,0,0,0,0,0,0,0,0
24241,"Manilha, Vila Kennedy - Bangu, Rio de Janeiro - RJ, 21850-020, Brasil",Sudeste,Rio de Janeiro,Rio de Janeiro,VILA KENNEDY,,VILA KENNEDY,-22.8604006000,-43.4884116000,"06/02/2019, 17:34:00",false,false,,Não identificado,,,false,0,0,0,0,0,0,0,0,0,0,0,0,0,0
24243,"Leão, Vila Kennedy - Bangu, Rio de Janeiro - RJ, 21850-020, Brasil",Sudeste,Rio de Janeiro,Rio de Janeiro,VILA KENNEDY,,VILA KENNEDY,-22.8604006000,-43.4884116000,"06/02/2019, 18:48:00",false,false,,Não identificado,,,false,0,0,0,0,0,0,0,0,0,0,0,0,0,0
24244,"Rua Iruê - Bento Ribeiro, Rio de Janeiro - RJ, 21555-050, Brasil",Sudeste,Rio de Janeiro,Rio de Janeiro,BENTO RIBEIRO,,,-22.8580462000,-43.3572704000,"06/02/2019, 20:03:00",false,false,,Não identificado,,,false,0,0,0,0,0,0,0,0,0,0,0,0,0,0
24245,"Morro da Coroa, Catumbi, Rio de Janeiro - RJ, 20251-310, Brasil",Sudeste,Rio de Janeiro,Rio de Janeiro,CATUMBI,,MORRO DA COROA,-22.9209931000,-43.1951996000,"06/02/2019, 20:30:00",false,false,,Disputa,,,false,0,0,0,0,0,0,0,0,0,0,0,0,0,0
24249,"Favela do Muquiço - Guadalupe, Rio de Janeiro - RJ, 21670-470, Brasil",Sudeste,Rio de Janeiro,Rio de Janeiro,GUADALUPE,,FAVELA DO MUQUICO,-22.8496343000,-43.3786349000,"06/02/2019, 22:07:00",false,false,,Não identificado,,,false,0,0,0,0,0,0,0,0,0,0,0,0,0,0
24258,"R. Carlos Anes - Pavuna, Rio de Janeiro - RJ, 21650-120, Brasil",Sudeste,Rio de Janeiro,Rio de Janeiro,PAVUNA,,,-22.8152644000,-43.3712154000,"07/02/2019, 07:00:00",false,false,,Homicidio/Tentativa,,Feminicídio/tentativa,false,1,0,0,0,0,0,0,0,0,0,1,0,0,0
24257,"Estr. do Viegas, Senador Camará, Rio de Janeiro - RJ, 21832-006, Brasil",Sudeste,Rio de Janeiro,Rio de Janeiro,SENADOR CAMARA,,,-22.9025345000,-43.5035697000,"07/02/2019, 08:40:00",false,false,,Não identificado,,,false,0,0,0,0,0,0,0,0,0,0,0,0,0,0
24256,"R. Leopoldo Bulhões - Manguinhos, Rio de Janeiro - RJ, Brasil",Sudeste,Rio de Janeiro,Rio de Janeiro,MANGUINHOS,,COMPLEXO DE MANGUINHOS,-22.8820321000,-43.2496748000,"07/02/2019, 09:09:00",true,true,N�o identificado,Tentativa/Roubo de cargas,,,false,0,0,0,0,0,0,0,0,0,0,0,0,0,0
24260,"Metral, Vila Kennedy, Rio de Janeiro - RJ, 21853-600, Brasil",Sudeste,Rio de Janeiro,Rio de Janeiro,VILA KENNEDY,,VILA KENNEDY,-22.8550195000,-43.4971339000,"07/02/2019, 12:28:00",true,true,PM,Ação policial,,,false,0,6,0,0,0,0,0,0,0,0,0,0,0,0
24262,"Jardim Novo, Realengo, Rio de Janeiro - RJ, 21760-240, Brasil",Sudeste,Rio de Janeiro,Rio de Janeiro,REALENGO,,,-22.8923941000,-43.4177244000,"07/02/2019, 14:39:00",false,false,,Não identificado,,,false,0,0,0,0,0,0,0,0,0,0,0,0,0,0
24267,"Morro da Coroa, Catumbi, Rio de Janeiro - RJ, 20251-310, Brasil",Sudeste,Rio de Janeiro,Rio de Janeiro,CATUMBI,,MORRO DA COROA,-22.9225000000,-43.1925000000,"07/02/2019, 16:40:00",false,false,,Não identificado,,,false,0,0,0,0,0,0,0,0,0,0,0,0,0,0
24310,"Av. Mem de Sá, 67 - Centro, Rio de Janeiro - RJ, 20230-150, Brasil",Sudeste,Rio de Janeiro,Rio de Janeiro,LAPA,,,-22.9132836000,-43.1815457000,"07/02/2019, 16:40:00",true,true,N�o identificado,Operação policial,,,false,0,0,0,0,0,0,0,0,0,0,0,0,0,0
24270,"Leão, Vila Kennedy - Bangu, Rio de Janeiro - RJ, 21850-020, Brasil",Sudeste,Rio de Janeiro,Rio de Janeiro,VILA KENNEDY,,VILA KENNEDY,-22.8563684000,-43.4898289000,"07/02/2019, 16:48:00",false,false,,Não identificado,,,false,0,0,0,0,0,0,0,0,0,0,0,0,0,0
24272,"Morro da Coroa, Catumbi, Rio de Janeiro - RJ, 20251-310, Brasil",Sudeste,Rio de Janeiro,Rio de Janeiro,CATUMBI,,MORRO DA COROA,-22.9209831000,-43.1950248000,"07/02/2019, 17:38:00",false,false,,Disputa,,,false,0,0,0,0,0,0,0,0,0,0,0,0,0,0
24273,"R. Dias Viêira - Praça Seca, Rio de Janeiro - RJ, 21320-000, Brasil",Sudeste,Rio de Janeiro,Rio de Janeiro,PRACA SECA,,FAVELA MORRO DO DIVINO,-22.8927517000,-43.3451677000,"07/02/2019, 18:37:00",false,false,,Não identificado,,,false,0,0,0,0,0,0,0,0,0,0,0,0,0,0
24279,"Vila Cruzeiro - Penha, Rio de Janeiro - RJ, 21070-370, Brasil",Sudeste,Rio de Janeiro,Rio de Janeiro,PENHA,,VILA CRUZEIRO (COMPLEXO DA PENHA),-22.8487256000,-43.2818674000,"07/02/2019, 18:45:00",true,true,UPP (Complexo da Penha),Ação policial,,,false,0,0,0,0,0,0,0,0,0,0,0,0,0,0
24276,"Guadalupe, Rio de Janeiro - RJ, Brasil",Sudeste,Rio de Janeiro,Rio de Janeiro,GUADALUPE,,,-22.8401095000,-43.3780741000,"07/02/2019, 19:25:00",false,false,,Não identificado,,,false,0,0,0,0,0,0,0,0,0,0,0,0,0,0
24277,"Rua Jacurutã - Penha, Rio de Janeiro - RJ, Brasil",Sudeste,Rio de Janeiro,Rio de Janeiro,PENHA,,,-22.8342161000,-43.2712678000,"07/02/2019, 20:33:00",false,false,,Não identificado,,,false,0,0,0,0,0,0,0,0,0,0,0,0,0,0
24278,"Karatê, Cidade de Deus, Rio de Janeiro - RJ, Brasil",Sudeste,Rio de Janeiro,Rio de Janeiro,CIDADE DE DEUS,,CIDADE DE DEUS,-22.9481688000,-43.3626721000,"07/02/2019, 20:38:00",false,false,,Não identificado,,,false,0,0,0,0,0,0,0,0,0,0,0,0,0,0
24280,"Morro da Formiga - Tijuca, Rio de Janeiro - RJ, 20530-003, Brasil",Sudeste,Rio de Janeiro,Rio de Janeiro,TIJUCA,,MORRO DA FORMIGA,-22.9441667000,-43.2408333000,"07/02/2019, 21:29:00",false,false,,Não identificado,,,false,0,0,0,0,0,0,0,0,0,0,0,0,0,0
24281,"Av. Brasil - Guadalupe, Rio de Janeiro - RJ, Brasil",Sudeste,Rio de Janeiro,Rio de Janeiro,GUADALUPE,,,-22.8427263000,-43.3730742000,"07/02/2019, 21:41:00",false,false,,Não identificado,,,false,0,0,0,0,0,0,0,0,0,0,0,0,0,0
24283,"Morro da Coroa, Catumbi, Rio de Janeiro - RJ, 20251-310, Brasil",Sudeste,Rio de Janeiro,Rio de Janeiro,CATUMBI,,MORRO DA COROA,-22.9225000000,-43.1925000000,"08/02/2019, 00:43:00",false,false,,Não identificado,,,false,0,0,0,0,0,0,0,0,0,0,0,0,0,0
24284,"Pavão-Pavãozinho,Copacabana, Rio de Janeiro - RJ, 22071-060, Brasil",Sudeste,Rio de Janeiro,Rio de Janeiro,COPACABANA,,MORRO DO PAVAO-PAVAOZINHO,-22.9807270000,-43.1945870000,"08/02/2019, 03:40:00",true,true,N�o identificado,Ação policial,,,false,0,0,0,0,0,0,0,0,0,0,0,0,0,0
24286,"Cidade Alta, Cordovil, Rio de Janeiro - RJ, 21010-200, Brasil",Sudeste,Rio de Janeiro,Rio de Janeiro,CORDOVIL,,CIDADE ALTA (COMPLEXO DE ISRAEL),-22.8196976000,-43.2943395000,"08/02/2019, 04:06:00",false,false,,Não identificado,,,false,0,0,0,0,0,0,0,0,0,0,0,0,0,0
24285,"Fallet/ Fogueteiro- Santa Teresa, Rio de Janeiro - RJ, 20241-360, Brasil",Sudeste,Rio de Janeiro,Rio de Janeiro,SANTA TERESA,,FALLET/FOGUETEIRO,-22.9273536000,-43.1956935000,"08/02/2019, 04:07:00",true,true,N�o identificado,Ação policial,,,false,0,0,0,0,0,0,0,0,0,0,0,0,0,0
24287,"Morro dos Macacos, Vila Isabel, Rio de Janeiro - RJ, Brasil",Sudeste,Rio de Janeiro,Rio de Janeiro,RIACHUELO,,MORRO DOS MACACOS,-22.9095665000,-43.2553859000,"08/02/2019, 04:18:00",false,false,,Não identificado,,,false,0,0,0,0,0,0,0,0,0,0,0,0,0,0
24292,"Morro dos Prazeres - Santa Teresa, Rio de Janeiro - RJ, Brasil",Sudeste,Rio de Janeiro,Rio de Janeiro,SANTA TERESA,,MORRO DOS PRAZERES,-22.9347222000,-43.2047222000,"08/02/2019, 04:20:00",true,true,"BOPE, BPChq, COE",Operação policial,,,true,1,1,0,0,0,0,0,0,0,0,0,0,0,0
24290,"Pavão-Pavãozinho,Copacabana, Rio de Janeiro - RJ, 22071-060, Brasil",Sudeste,Rio de Janeiro,Rio de Janeiro,COPACABANA,,MORRO DO PAVAO-PAVAOZINHO,-22.9816912000,-43.1962577000,"08/02/2019, 05:55:00",true,true,UPP (Pav�o Pav�ozinho/Cantagalo),Operação policial,,,false,0,1,0,0,0,0,0,0,0,0,0,0,0,0
24296,"Maré, Rio de Janeiro - RJ, Brasil",Sudeste,Rio de Janeiro,Rio de Janeiro,MARE,,COMPLEXO DA MARE,-22.8574971000,-43.2430137000,"08/02/2019, 06:36:00",false,false,,Não identificado,,,false,0,0,0,0,0,0,0,0,0,0,0,0,0,0
24300,"Favelinha, Morro dos Macacos - Vila Isabel, Rio de Janeiro - RJ, 20551-630, Brasil",Sudeste,Rio de Janeiro,Rio de Janeiro,VILA ISABEL,,MORRO DOS MACACOS,-22.9132900000,-43.2534810000,"08/02/2019, 07:00:00",true,true,UPP (Macacos),Operação policial,,,false,0,0,0,0,0,0,0,0,0,0,0,0,0,0
24297,"Batô (Bateau Mouche) - Praça Seca, Rio de Janeiro - RJ, 22733-120, Brasil",Sudeste,Rio de Janeiro,Rio de Janeiro,PRACA SECA,,FAVELA BATEAU MOUCHE,-22.9048084000,-43.3550791000,"08/02/2019, 07:28:00",false,false,,Não identificado,,,false,0,0,0,0,0,0,0,0,0,0,0,0,0,0
24298,"Fallet/Fogueteiro - Rio Comprido, Rio de Janeiro - RJ, 20251-031, Brasil",Sudeste,Rio de Janeiro,Rio de Janeiro,CATUMBI,,FALLET/FOGUETEIRO,-22.9197579000,-43.1960250000,"08/02/2019, 07:57:00",true,true,"BOPE, BPChq, COE",Operação policial,,,false,12,0,0,0,0,0,0,0,0,0,3,0,0,0
24301,"Vila Progresso, Vila Kennedy, Rio de Janeiro - RJ, Brasil",Sudeste,Rio de Janeiro,Rio de Janeiro,VILA KENNEDY,,VILA KENNEDY,-22.8609444000,-43.4967083000,"08/02/2019, 10:05:00",false,false,,Não identificado,,,false,0,0,0,0,0,0,0,0,0,0,0,0,0,0
24302,"Alvorada - Complexo do Alemão, Rio de Janeiro - RJ, 20011-001, Brasil",Sudeste,Rio de Janeiro,Rio de Janeiro,COMPLEXO DO ALEMAO,,ALVORADA (COMPLEXO DO ALEMAO),-22.8614624000,-43.2731533000,"08/02/2019, 10:30:00",false,false,,Não identificado,,,false,0,0,0,0,0,0,0,0,0,0,0,0,0,0
24304,"Fazendinha - Complexo do Alemão, Rio de Janeiro - RJ, Brasil",Sudeste,Rio de Janeiro,Rio de Janeiro,COMPLEXO DO ALEMAO,,FAZENDINHA (COMPLEXO DO ALEMAO),-22.8628766000,-43.2795020000,"08/02/2019, 11:50:00",false,false,,Não identificado,,,false,0,0,0,0,0,0,0,0,0,0,0,0,0,0
24305,"Morro do Adeus - Complexo do Alemão, Rio de Janeiro - RJ, Brasil",Sudeste,Rio de Janeiro,Rio de Janeiro,COMPLEXO DO ALEMAO,,MORRO DO ADEUS (COMPLEXO DO ALEMAO),-22.8649861000,-43.2618042000,"08/02/2019, 12:36:00",false,false,,Não identificado,,,false,0,0,0,0,0,0,0,0,0,0,0,0,0,0
24307,"Morro do Urubu - Pilares, Rio de Janeiro - RJ, 20750-160, Brasil",Sudeste,Rio de Janeiro,Rio de Janeiro,PILARES,,MORRO DO URUBU (COMPLEXO DO URUBU),-22.8771270000,-43.3021914000,"08/02/2019, 14:13:00",false,false,,Não identificado,,,false,0,0,0,0,0,0,0,0,0,0,0,0,0,0
24306,"Fazendinha - Complexo do Alemão, Rio de Janeiro - RJ, Brasil",Sudeste,Rio de Janeiro,Rio de Janeiro,COMPLEXO DO ALEMAO,,FAZENDINHA (COMPLEXO DO ALEMAO),-22.8630074000,-43.2778773000,"08/02/2019, 14:18:00",true,true,UPP (Complexo do Alem�o),Operação policial,,,false,1,0,0,0,0,0,0,0,0,0,0,0,0,0
24308,"R. Merendiba, Vila Cruzeiro - Penha, Rio de Janeiro - RJ, 21070-730, Brasil",Sudeste,Rio de Janeiro,Rio de Janeiro,OLARIA,,VILA CRUZEIRO (COMPLEXO DA PENHA),-22.8472161000,-43.2754407000,"08/02/2019, 14:57:00",false,false,,Não identificado,,,false,0,0,0,0,0,0,0,0,0,0,0,0,0,0
24311,"Fallet/Fogueteiro - Santa Teresa, Rio de Janeiro - RJ, 20241-360, Brasil",Sudeste,Rio de Janeiro,Rio de Janeiro,SANTA TERESA,,FALLET/FOGUETEIRO,-22.9265111000,-43.1964401000,"08/02/2019, 16:27:00",false,false,,Não identificado,,,false,0,0,0,0,0,0,0,0,0,0,0,0,0,0
24312,"Fallet/Fogueteiro, Santa Teresa, Rio de Janeiro - RJ, 20241-360, Brasil",Sudeste,Rio de Janeiro,Rio de Janeiro,SANTA TERESA,,FALLET/FOGUETEIRO,-22.9262160000,-43.1965180000,"08/02/2019, 17:28:00",true,true,N�o identificado,Ação policial,,,false,0,0,0,0,0,0,0,0,0,0,0,0,0,0
24318,"Av. Brasil, 22950 - Guadalupe, Rio de Janeiro - RJ, 21660-000, Brasil",Sudeste,Rio de Janeiro,Rio de Janeiro,GUADALUPE,,,-22.8421462000,-43.3756683000,"08/02/2019, 19:16:00",false,false,,Não identificado,,,false,0,0,0,0,0,0,0,0,0,0,0,0,0,0
24317,"R. Alice Freitas - Váz Lobo, Rio de Janeiro - RJ, Brasil",Sudeste,Rio de Janeiro,Rio de Janeiro,VAZ LOBO,,,-22.8585061000,-43.3257025000,"08/02/2019, 20:12:00",false,false,,Não identificado,,,false,0,0,0,0,0,0,0,0,0,0,0,0,0,0
24319,"Morro do Urubu,  Pilares, Rio de Janeiro - RJ, 20750-290, Brasil",Sudeste,Rio de Janeiro,Rio de Janeiro,PILARES,,MORRO DO URUBU (COMPLEXO DO URUBU),-22.8759836000,-43.3024082000,"08/02/2019, 20:51:00",true,true,PM,Operação policial,,,false,0,1,0,0,0,0,0,0,0,0,0,0,0,0
24321,"R. Rio do Pau - Pavuna, Rio de Janeiro - RJ, 21655-620, Brasil",Sudeste,Rio de Janeiro,Rio de Janeiro,PAVUNA,,CONDOMINIO ARAGUATINS,-22.8131401000,-43.3824590000,"08/02/2019, 21:17:00",false,false,,Não identificado,,,false,0,0,0,0,0,0,0,0,0,0,0,0,0,0
24324,"R. Ferreira de Andrade - Cachambi, Rio de Janeiro - RJ, Brasil",Sudeste,Rio de Janeiro,Rio de Janeiro,CACHAMBI,,,-22.8901332000,-43.2706267000,"09/02/2019, 03:40:00",false,false,,Não identificado,,,false,0,0,0,0,0,0,0,0,0,0,0,0,0,0
24330,"Vila Aliança - Bangu, Rio de Janeiro - RJ, 21844-040, Brasil",Sudeste,Rio de Janeiro,Rio de Janeiro,BANGU,,VILA ALIANCA,-22.8704070000,-43.4797670000,"09/02/2019, 04:00:00",true,true,"PC, 14 BPM",Operação policial,,,true,3,0,0,1,0,0,0,0,0,0,0,0,0,0
24327,"Morro do Juramento - Vicente de Carvalho, Rio de Janeiro - RJ, Brasil",Sudeste,Rio de Janeiro,Rio de Janeiro,VICENTE DE CARVALHO,,MORRO DO JURAMENTO (COMPLEXO DO JURAMENTO),-22.8627778000,-43.3152778000,"09/02/2019, 05:15:00",false,false,,Não identificado,,,false,0,0,0,0,0,0,0,0,0,0,0,0,0,0
24328,"Estr. do Porto Velho - Cordovil, Rio de Janeiro - RJ, Brasil",Sudeste,Rio de Janeiro,Rio de Janeiro,CORDOVIL,,CIDADE ALTA (COMPLEXO DE ISRAEL),-22.8207342000,-43.2918436000,"09/02/2019, 05:30:00",false,false,,Não identificado,,,false,0,0,0,0,0,0,0,0,0,0,0,0,0,0
24331,"Morro da Babilônia, Leme, Rio de Janeiro - RJ, 22010-060, Brasil",Sudeste,Rio de Janeiro,Rio de Janeiro,LEME,,BABILONIA,-22.9605062000,-43.1706087000,"09/02/2019, 07:57:00",false,false,,Não identificado,,,false,0,0,0,0,0,0,0,0,0,0,0,0,0,0
24332,"Morro do Urubu  - Pilares, Rio de Janeiro - RJ, 20750-290, Brasil",Sudeste,Rio de Janeiro,Rio de Janeiro,PILARES,,MORRO DO URUBU (COMPLEXO DO URUBU),-22.8759836000,-43.3024082000,"09/02/2019, 09:39:00",false,false,,Não identificado,,,false,0,0,0,0,0,0,0,0,0,0,0,0,0,0
24334,"Morro do Chaves - Barros Filho, Rio de Janeiro - RJ, Brasil",Sudeste,Rio de Janeiro,Rio de Janeiro,BARROS FILHO,,MORRO DO CHAVES (COMPLEXO DA PEDREIRA),-22.8328861000,-43.3631385000,"09/02/2019, 12:39:00",true,true,PM,Operação policial,,,false,0,1,0,0,0,0,0,0,0,0,0,0,0,0
24333,"Metral, Vila Kennedy, Rio de Janeiro - RJ, 23095-700, Brasil",Sudeste,Rio de Janeiro,Rio de Janeiro,VILA KENNEDY,,VILA KENNEDY,-22.8562420000,-43.4960710000,"09/02/2019, 12:48:00",false,false,,Não identificado,,,false,0,0,0,0,0,0,0,0,0,0,0,0,0,0
24336,"R. Enéas Martins, Guadalupe, Rio de Janeiro - RJ, 21660-320, Brasil",Sudeste,Rio de Janeiro,Rio de Janeiro,GUADALUPE,,,-22.8344940000,-43.3761780000,"09/02/2019, 17:04:00",false,false,,Não identificado,,,false,0,0,0,0,0,0,0,0,0,0,0,0,0,0
24335,"Alvorada, Complexo do Alemão, Rio de Janeiro - RJ, Brasil",Sudeste,Rio de Janeiro,Rio de Janeiro,COMPLEXO DO ALEMAO,,ALVORADA (COMPLEXO DO ALEMAO),-22.8612593000,-43.2758573000,"09/02/2019, 17:43:00",false,false,,Não identificado,,,false,0,0,0,0,0,0,0,0,0,0,0,0,0,0
24338,"Av. Chrisóstomo Pimentel de Oliveira - Pavuna, Rio de Janeiro - RJ, Brasil",Sudeste,Rio de Janeiro,Rio de Janeiro,PAVUNA,,CONDOMINIO ARAGUATINS,-22.8146299000,-43.3808791000,"09/02/2019, 19:48:00",false,false,,Não identificado,,,false,0,0,0,0,0,0,0,0,0,0,0,0,0,0
24340,"Estrada do Itararé, Complexo do Alemão, Rio de Janeiro - RJ, 21061-200, Brasil",Sudeste,Rio de Janeiro,Rio de Janeiro,COMPLEXO DO ALEMAO,,NOVA BRASILIA (COMPLEXO DO ALEMAO),-22.8660157000,-43.2689779000,"09/02/2019, 20:39:00",false,false,,Não identificado,,,false,0,0,0,0,0,0,0,0,0,0,0,0,0,0
24344,"R. Artur Rios, Campo Grande, Rio de Janeiro - RJ, 23013-470, Brasil",Sudeste,Rio de Janeiro,Rio de Janeiro,CAMPO GRANDE,,,-22.9025225000,-43.5488114000,"09/02/2019, 21:00:00",false,false,,Homicidio/Tentativa,,,false,1,0,0,0,0,0,0,0,0,0,0,0,0,0
24343,"R. Canitar - Complexo do Alemão, Rio de Janeiro - RJ, Brasil",Sudeste,Rio de Janeiro,Rio de Janeiro,COMPLEXO DO ALEMAO,,MORRO DAS PALMEIRAS (COMPLEXO DO ALEMAO),-22.8603985000,-43.2821082000,"10/02/2019, 02:33:00",false,false,,Não identificado,,,false,0,0,0,0,0,0,0,0,0,0,0,0,0,0
24348,"Cosmos, Rio de Janeiro - RJ, Brasil",Sudeste,Rio de Janeiro,Rio de Janeiro,COSMOS,,,-22.9120556000,-43.6146683000,"10/02/2019, 03:30:00",false,false,,Não identificado,,,false,0,0,0,0,0,0,0,0,0,0,0,0,0,0
24347,"Morro do Timbau - Maré, Rio de Janeiro - RJ, 21042-050, Brasil",Sudeste,Rio de Janeiro,Rio de Janeiro,MARE,,MORRO DO TIMBAU (COMPLEXO DA MARE),-22.8622222000,-43.2405556000,"10/02/2019, 03:55:00",false,false,,Não identificado,,,false,0,0,0,0,0,0,0,0,0,0,0,0,0,0
24351,"Estr. do Quitungo - Brás De Pina, Rio de Janeiro - RJ, Brasil",Sudeste,Rio de Janeiro,Rio de Janeiro,BRAS DE PINA,,QUITUNGO-GUAPORE,-22.8313558000,-43.3022230000,"10/02/2019, 05:46:00",false,false,,Não identificado,,,false,0,0,0,0,0,0,0,0,0,0,0,0,0,0
24352,"Morro da Coroa, Catumbi, Rio de Janeiro - RJ, 20251-310, Brasil",Sudeste,Rio de Janeiro,Rio de Janeiro,CATUMBI,,MORRO DA COROA,-22.9211419000,-43.1941205000,"10/02/2019, 07:11:00",false,false,,Não identificado,,,false,0,0,0,0,0,0,0,0,0,0,0,0,0,0
24354,"Caminho Santo Antônio da Bica - Barra de Guaratiba, Rio de Janeiro - RJ, 23020-390, Brasil",Sudeste,Rio de Janeiro,Rio de Janeiro,BARRA DE GUARATIBA,,,-23.0179997000,-43.5432374000,"10/02/2019, 08:00:00",true,true,N�o identificado,Tentativa/Roubo,,,false,0,0,0,1,0,0,0,0,0,0,0,0,0,0
24353,"R. Dois - Complexo do Alemão, Rio de Janeiro - RJ, Brasil",Sudeste,Rio de Janeiro,Rio de Janeiro,COMPLEXO DO ALEMAO,,ALVORADA (COMPLEXO DO ALEMAO),-22.8612593000,-43.2758573000,"10/02/2019, 10:48:00",false,false,,Não identificado,,,false,0,0,0,0,0,0,0,0,0,0,0,0,0,0
24357,"R. Sen. Nabuco, 82 - Vila Isabel, Rio de Janeiro - RJ, 20551-230, Brasil",Sudeste,Rio de Janeiro,Rio de Janeiro,VILA ISABEL,,,-22.9130039000,-43.2484845000,"10/02/2019, 17:06:00",true,true,UPP (Macacos),Ação policial,,,false,0,0,0,0,0,0,0,0,0,0,0,0,0,0
24360,"Manguinhos, Rio de Janeiro - RJ, Brasil",Sudeste,Rio de Janeiro,Rio de Janeiro,MANGUINHOS,,COMPLEXO DE MANGUINHOS,-22.8830377000,-43.2457507000,"10/02/2019, 17:14:00",false,false,,Não identificado,,,false,0,0,0,0,0,0,0,0,0,0,0,0,0,0
24361,"Rua Cabiuna, Sen. Vasconcelos, Rio de Janeiro - RJ, 23010-002, Brasil",Sudeste,Rio de Janeiro,Rio de Janeiro,SENADOR VASCONCELOS,,,-22.8937596000,-43.5373003000,"10/02/2019, 18:00:00",false,false,,Não identificado,,,false,0,0,0,0,0,0,0,0,0,0,0,0,0,0
24366,"Santa Teresa, Rio de Janeiro - RJ, Brasil",Sudeste,Rio de Janeiro,Rio de Janeiro,SANTA TERESA,,,-22.9191206000,-43.1907328000,"10/02/2019, 19:30:00",false,false,,Homicidio/Tentativa,,,false,1,0,0,0,0,0,0,0,0,0,0,0,0,0
24362,"Morro do Santo André,  Bangu, Rio de Janeiro - RJ, 21825-390, Brasil",Sudeste,Rio de Janeiro,Rio de Janeiro,BANGU,,MORRO SANTO ANDRE,-22.8952110000,-43.4817190000,"10/02/2019, 19:31:00",false,false,,Não identificado,,,false,0,0,0,0,0,0,0,0,0,0,0,0,0,0
24367,"Parada de Lucas, Rio de Janeiro - RJ, Brasil",Sudeste,Rio de Janeiro,Rio de Janeiro,PARADA DE LUCAS,,,-22.8184513000,-43.3030143000,"11/02/2019, 04:20:00",true,true,PM,Operação policial,,,false,0,2,0,0,0,0,0,0,0,0,0,0,0,0
24365,"Morro Santo André, Bangu",Sudeste,Rio de Janeiro,Rio de Janeiro,BANGU,,MORRO SANTO ANDRE,-22.8952110000,-43.4817190000,"11/02/2019, 04:52:00",false,false,,Não identificado,,,false,0,0,0,0,0,0,0,0,0,0,0,0,0,0
24368,"Batô (Bateau Mouche) - Praça Seca, Rio de Janeiro - RJ, 22733-120, Brasil",Sudeste,Rio de Janeiro,Rio de Janeiro,PRACA SECA,,FAVELA BATEAU MOUCHE,-22.9048084000,-43.3550791000,"11/02/2019, 07:11:00",false,false,,Não identificado,,,false,0,0,0,0,0,0,0,0,0,0,0,0,0,0
24371,"4 bicas, Vila Cruzeiro, Complexo da Penha, Rio de Janeiro - RJ, 21070-550, Brasil",Sudeste,Rio de Janeiro,Rio de Janeiro,PENHA,,VILA CRUZEIRO (COMPLEXO DA PENHA),-22.8461779000,-43.2795599000,"11/02/2019, 08:54:00",false,false,,Não identificado,,,false,0,0,0,0,0,0,0,0,0,0,0,0,0,0
24369,"R. Leopoldo Bulhões, Manguinhos, Rio de Janeiro - RJ, 21041-210, Brasil",Sudeste,Rio de Janeiro,Rio de Janeiro,MANGUINHOS,,COMPLEXO DE MANGUINHOS,-22.8797839000,-43.2504594000,"11/02/2019, 09:15:00",true,true,UPP (Manguinhos),Ação policial,,,false,0,0,0,0,0,0,0,0,0,0,0,0,0,0
24378,"Edifício Argentina, Botafogo, Rio de Janeiro - RJ, 22250-040, Brasil",Sudeste,Rio de Janeiro,Rio de Janeiro,BOTAFOGO,,,-22.9425030000,-43.1812164000,"11/02/2019, 12:14:00",true,true,N�o identificado,Tentativa/Roubo,,,false,0,1,0,0,0,0,0,0,0,0,0,0,0,0
24381,"R. Pereira da Silva - Laranjeiras, Rio de Janeiro - RJ, Brasil",Sudeste,Rio de Janeiro,Rio de Janeiro,LARANJEIRAS,,,-22.9307681000,-43.1890808000,"11/02/2019, 13:25:00",false,false,,Não identificado,,,false,0,0,0,0,0,0,0,0,0,0,0,0,0,0
24380,"Morro do Adeus - Complexo do Alemão, Rio de Janeiro - RJ, Brasil",Sudeste,Rio de Janeiro,Rio de Janeiro,COMPLEXO DO ALEMAO,,MORRO DO ADEUS (COMPLEXO DO ALEMAO),-22.8649861000,-43.2618042000,"11/02/2019, 14:25:00",false,false,,Não identificado,,,false,0,0,0,0,0,0,0,0,0,0,0,0,0,0
24382,"Batô (Bateau Mouche) - Praça Seca, Rio de Janeiro - RJ, 22733-120, Brasil",Sudeste,Rio de Janeiro,Rio de Janeiro,PRACA SECA,,FAVELA BATEAU MOUCHE,-22.9047379000,-43.3552300000,"11/02/2019, 15:21:00",false,false,,Não identificado,,,false,0,0,0,0,0,0,0,0,0,0,0,0,0,0
24385,"Morro do Urubu - Pilares, Rio de Janeiro - RJ, 20750-290, Brasil",Sudeste,Rio de Janeiro,Rio de Janeiro,PILARES,,MORRO DO URUBU (COMPLEXO DO URUBU),-22.8759836000,-43.3024082000,"11/02/2019, 16:40:00",false,false,,Não identificado,,,false,0,0,0,0,0,0,0,0,0,0,0,0,0,0
24389,"Morro do Borel, Tijuca, Rio de Janeiro - RJ, 20530-420, Brasil",Sudeste,Rio de Janeiro,Rio de Janeiro,TIJUCA,,MORRO DO BOREL,-22.9395041000,-43.2515359000,"11/02/2019, 18:34:00",false,false,,Não identificado,,,false,0,0,0,0,0,0,0,0,0,0,0,0,0,0
24393,"Morro do Adeus, Complexo do Alemão, Rio de Janeiro - RJ, Brasil",Sudeste,Rio de Janeiro,Rio de Janeiro,COMPLEXO DO ALEMAO,,MORRO DO ADEUS (COMPLEXO DO ALEMAO),-22.8654866000,-43.2619815000,"11/02/2019, 20:15:00",false,false,,Não identificado,,,false,0,0,0,0,0,0,0,0,0,0,0,0,0,0
24402,"Grota - Complexo do Alemão, Rio de Janeiro - RJ, Brasil",Sudeste,Rio de Janeiro,Rio de Janeiro,COMPLEXO DO ALEMAO,,GROTA (COMPLEXO DO ALEMAO),-22.8608240000,-43.2742080000,"11/02/2019, 22:28:00",true,true,N�o identificado,Operação policial,,,false,0,0,0,0,0,0,0,0,0,0,0,0,0,0
24401,"Morro da Formiga - Tijuca, Rio de Janeiro - RJ, Brasil",Sudeste,Rio de Janeiro,Rio de Janeiro,TIJUCA,,MORRO DA FORMIGA,-22.9441667000,-43.2408333000,"12/02/2019, 00:12:00",true,true,N�o identificado,Ação policial,,,false,0,0,0,0,0,0,0,0,0,0,0,0,0,0
24403,"Vila Aliança - Bangu, Rio de Janeiro - RJ, 21844-040, Brasil",Sudeste,Rio de Janeiro,Rio de Janeiro,BANGU,,VILA ALIANCA,-22.8704070000,-43.4797670000,"12/02/2019, 03:58:00",false,false,,Não identificado,,,false,0,0,0,0,0,0,0,0,0,0,0,0,0,0
24407,"Rua General Luis Mendes de Morais, Santo Cristo, Rio de Janeiro - RJ, Brasil",Sudeste,Rio de Janeiro,Rio de Janeiro,SANTO CRISTO,,,-22.9015940000,-43.2084580000,"12/02/2019, 04:30:00",false,true,,Tentativa/Roubo,,,false,0,1,0,1,0,0,0,0,0,0,0,0,0,0
24404,"Pavão Pavãozinho/Cantagalo - PPG- Copacabana, Rio de Janeiro - RJ, 22071-060, Brasil",Sudeste,Rio de Janeiro,Rio de Janeiro,COPACABANA,,MORRO DO PAVAO-PAVAOZINHO,-22.9805328000,-43.1936650000,"12/02/2019, 04:48:00",false,true,,Homicidio/Tentativa,,,false,0,0,0,1,0,0,0,0,0,0,0,0,0,0
24408,"Viaduto de Benfica, Rio de Janeiro - RJ, Brasil",Sudeste,Rio de Janeiro,Rio de Janeiro,BENFICA,,,-22.8882898000,-43.2492801000,"12/02/2019, 05:30:00",true,true,UPP (Arar� /Mandela),Ação policial,,,false,0,2,0,0,0,0,0,0,0,0,0,0,0,0
24405,"R. Congo, Vila Kennedy - Bangu, Rio de Janeiro - RJ, 21852-580, Brasil",Sudeste,Rio de Janeiro,Rio de Janeiro,VILA KENNEDY,,VILA KENNEDY,-22.8620080000,-43.4907570000,"12/02/2019, 06:23:00",true,true,N�o identificado,Ação policial,,,false,0,1,0,0,0,0,0,0,0,0,0,1,0,0
24409,"Santa Maria - Taquara, Rio de Janeiro - RJ, Brasil",Sudeste,Rio de Janeiro,Rio de Janeiro,TAQUARA,,COMUNIDADE SANTA MARIA,-22.9152533000,-43.4208262000,"12/02/2019, 07:42:00",true,true,N�o identificado,Operação policial,,,false,0,0,0,0,0,0,0,0,0,0,0,0,0,0
24423,"Rua Leopoldo Bulhões, Manguinhos, Rio de Janeiro - RJ, 20911-300, Brasil",Sudeste,Rio de Janeiro,Rio de Janeiro,MANGUINHOS,,COMPLEXO DE MANGUINHOS,-22.8842759000,-43.2487807000,"12/02/2019, 10:35:00",false,false,,Não identificado,,,false,0,0,0,0,0,0,0,0,0,0,0,0,0,0
24416,"Leão, Vila Kennedy, Bangu, Rio de Janeiro - RJ, 21852-010, Brasil",Sudeste,Rio de Janeiro,Rio de Janeiro,VILA KENNEDY,,VILA KENNEDY,-22.8563580000,-43.4900230000,"12/02/2019, 13:56:00",false,false,,Não identificado,,,false,0,0,0,0,0,0,0,0,0,0,0,0,0,0
24422,"Morro do Encontro, Complexo do Lins,  Engenho Novo, Rio de Janeiro - RJ, Brasil",Sudeste,Rio de Janeiro,Rio de Janeiro,ENGENHO NOVO,,MORRO DO ENCONTRO (COMPLEXO DO LINS),-22.9159187000,-43.2666956000,"12/02/2019, 14:28:00",true,true,PM,Ação policial,,,false,0,0,0,0,0,0,0,0,0,0,0,0,0,0
24417,"R. Merendiba, Vila Cruzeiro, Penha, Rio de Janeiro - RJ, 21070-730, Brasil",Sudeste,Rio de Janeiro,Rio de Janeiro,OLARIA,,VILA CRUZEIRO (COMPLEXO DA PENHA),-22.8472161000,-43.2754407000,"12/02/2019, 15:00:00",false,false,,Não identificado,,,false,0,0,0,0,0,0,0,0,0,0,0,0,0,0
24418,"Manilha, Vila Kennedy, Rio de Janeiro - RJ, 21850-020, Brasil",Sudeste,Rio de Janeiro,Rio de Janeiro,VILA KENNEDY,,VILA KENNEDY,-22.8604006000,-43.4884116000,"12/02/2019, 15:41:00",false,false,,Não identificado,,,false,0,0,0,0,0,0,0,0,0,0,0,0,0,0
24420,"Morro da Providencia - Gambôa, Rio de Janeiro - RJ, Brasil",Sudeste,Rio de Janeiro,Rio de Janeiro,GAMBOA,,MORRO DA PROVIDENCIA,-22.9002778000,-43.1952778000,"12/02/2019, 16:17:00",false,false,,Não identificado,,,false,0,0,0,0,0,0,0,0,0,0,0,0,0,0
24424,"Congo e Leão, Vila Kennedy - Bangu, Rio de Janeiro - RJ, 21850-007, Brasil",Sudeste,Rio de Janeiro,Rio de Janeiro,VILA KENNEDY,,VILA KENNEDY,-22.8604006000,-43.4884116000,"12/02/2019, 16:41:00",false,false,,Não identificado,,,false,0,0,0,0,0,0,0,0,0,0,0,0,0,0
24426,"Morro do Adeus, Complexo do Alemão, Rio de Janeiro - RJ, Brasil",Sudeste,Rio de Janeiro,Rio de Janeiro,COMPLEXO DO ALEMAO,,MORRO DO ADEUS (COMPLEXO DO ALEMAO),-22.8654866000,-43.2619815000,"12/02/2019, 19:50:00",false,false,,Não identificado,,,false,0,0,0,0,0,0,0,0,0,0,0,0,0,0
24428,"Cavalcanti, Rio de Janeiro - RJ, Brasil",Sudeste,Rio de Janeiro,Rio de Janeiro,CAVALCANTI,,,-22.8725957000,-43.3136000000,"12/02/2019, 20:06:00",false,false,,Não identificado,,,false,0,0,0,0,0,0,0,0,0,0,0,0,0,0
24440,"R. Aquiri, Complexo do Alemão, Rio de Janeiro - RJ, Brasil",Sudeste,Rio de Janeiro,Rio de Janeiro,COMPLEXO DO ALEMAO,,MORRO DO ADEUS (COMPLEXO DO ALEMAO),-22.8622012000,-43.2638393000,"13/02/2019, 00:00:00",true,true,UPP (Complexo do Alem�o),Ação policial,,,false,0,0,0,0,0,0,0,0,0,0,0,0,0,0
24431,"R. Japurá - Praça Seca, Rio de Janeiro - RJ, Brasil",Sudeste,Rio de Janeiro,Rio de Janeiro,PRACA SECA,,,-22.8969521000,-43.3457912000,"13/02/2019, 02:25:00",false,false,,Não identificado,,,false,0,0,0,0,0,0,0,0,0,0,0,0,0,0
24433,"Madureira, Rio de Janeiro - RJ, Brasil",Sudeste,Rio de Janeiro,Rio de Janeiro,MADUREIRA,,,-22.8725334000,-43.3363639000,"13/02/2019, 03:46:00",false,false,,Não identificado,,,false,0,0,0,0,0,0,0,0,0,0,0,0,0,0
24439,"Amarelinho, Acari, Rio de Janeiro - RJ, 21531-315, Brasil",Sudeste,Rio de Janeiro,Rio de Janeiro,ACARI,,CONJUNTO AMARELINHO,-22.8257676000,-43.3389194000,"13/02/2019, 08:14:00",false,false,,Não identificado,,,false,0,0,0,0,0,0,0,0,0,0,0,0,0,0
24442,"Manguinhos, Rio de Janeiro - RJ, Brasil",Sudeste,Rio de Janeiro,Rio de Janeiro,MANGUINHOS,,COMPLEXO DE MANGUINHOS,-22.8830377000,-43.2457507000,"13/02/2019, 09:00:00",true,true,N�o identificado,Tentativa/Roubo de cargas,,,false,0,0,0,0,0,0,0,0,0,0,0,0,0,0
24449,"R. Barão de Petrópolis - Rio Comprido, Rio de Janeiro - RJ, Brasil",Sudeste,Rio de Janeiro,Rio de Janeiro,RIO COMPRIDO,,FALLET/FOGUETEIRO,-22.9292805000,-43.2027587000,"13/02/2019, 16:32:00",false,false,,Não identificado,,,false,0,0,0,0,0,0,0,0,0,0,0,0,0,0
24464,"Rua Senador Vergueiro - Flamengo, Rio de Janeiro - RJ, 22230-001, Brasil",Sudeste,Rio de Janeiro,Rio de Janeiro,FLAMENGO,,,-22.9369426000,-43.1757870000,"13/02/2019, 20:30:00",true,true,PM,Ação policial,,Perseguição,false,0,0,0,0,0,0,0,0,0,0,0,0,0,0
24454,"R. Araçá - Ricardo de Albuquerque, Rio de Janeiro - RJ, 21620-050, Brasil",Sudeste,Rio de Janeiro,Rio de Janeiro,RICARDO DE ALBUQUERQUE,,,-22.8397731000,-43.4054321000,"13/02/2019, 21:30:00",false,false,,Não identificado,,,false,0,0,0,0,0,0,0,0,0,0,0,0,0,0
24460,"Morro dos Teixeiras, Taquara, Rio de Janeiro - RJ, 22723-205, Brasil",Sudeste,Rio de Janeiro,Rio de Janeiro,TAQUARA,,TEIXEIRAS,-22.9077451000,-43.4207116000,"14/02/2019, 04:17:00",false,false,,Não identificado,,,false,0,0,0,0,0,0,0,0,0,0,0,0,0,0
24462,"Morro do Borel, Tijuca, Rio de Janeiro - RJ, 20530-420, Brasil",Sudeste,Rio de Janeiro,Rio de Janeiro,TIJUCA,,MORRO DO BOREL,-22.9394794000,-43.2515432000,"14/02/2019, 05:37:00",false,false,,Não identificado,,,false,0,0,0,0,0,0,0,0,0,0,0,0,0,0
24463,"Santa Maria - Taquara, Rio de Janeiro - RJ, Brasil",Sudeste,Rio de Janeiro,Rio de Janeiro,TAQUARA,,COMUNIDADE SANTA MARIA,-22.9150773000,-43.4207282000,"14/02/2019, 05:44:00",false,false,,Não identificado,,,false,0,0,0,0,0,0,0,0,0,0,0,0,0,0
24465,"R. Merendiba, Vila Cruzeiro, Penha, Rio de Janeiro - RJ, 21070-730, Brasil",Sudeste,Rio de Janeiro,Rio de Janeiro,OLARIA,,VILA CRUZEIRO (COMPLEXO DA PENHA),-22.8473310000,-43.2754000000,"14/02/2019, 06:38:00",false,false,,Não identificado,,,false,0,0,0,0,0,0,0,0,0,0,0,0,0,0
24466,"R. Merendiba, Vila Cruzeiro, Penha, Rio de Janeiro - RJ, 21070-730, Brasil",Sudeste,Rio de Janeiro,Rio de Janeiro,OLARIA,,VILA CRUZEIRO (COMPLEXO DA PENHA),-22.8473780000,-43.2752170000,"14/02/2019, 07:52:00",false,false,,Não identificado,,,false,0,0,0,0,0,0,0,0,0,0,0,0,0,0
24468,"R. Congo, Vila Kennedy,  Bangu, Rio de Janeiro - RJ, Brasil",Sudeste,Rio de Janeiro,Rio de Janeiro,VILA KENNEDY,,VILA KENNEDY,-22.8620054000,-43.4901391000,"14/02/2019, 09:21:00",false,false,,Não identificado,,,false,0,0,0,0,0,0,0,0,0,0,0,0,0,0
24469,"Morro da Fé - Penha Circular, Rio de Janeiro - RJ, 21210-360, Brasil",Sudeste,Rio de Janeiro,Rio de Janeiro,PENHA CIRCULAR,,MORRO DA FE (COMPLEXO DA PENHA),-22.8469239000,-43.2969005000,"14/02/2019, 10:04:00",false,false,,Não identificado,,,false,0,0,0,0,0,0,0,0,0,0,0,0,0,0
24471,"R. Bergamo, 52 - Jacaré, Rio de Janeiro - RJ, 20973-020, Brasil",Sudeste,Rio de Janeiro,Rio de Janeiro,JACAREZINHO,,JACAREZINHO,-22.8886379000,-43.2564503000,"14/02/2019, 11:00:00",true,true,PM,Tentativa/Roubo de cargas,,,false,1,2,0,0,0,0,0,0,1,0,0,0,0,0
24475,"Ap2, Cidade de Deus, Rio de Janeiro - RJ, 22770-650, Brasil",Sudeste,Rio de Janeiro,Rio de Janeiro,CIDADE DE DEUS,,CIDADE DE DEUS,-22.9420012000,-43.3624701000,"14/02/2019, 16:20:00",false,false,,Não identificado,,,false,0,0,0,0,0,0,0,0,0,0,0,0,0,0
24476,"Ladeira Santa Maria - Taquara, Rio de Janeiro - RJ, Brasil",Sudeste,Rio de Janeiro,Rio de Janeiro,TAQUARA,,COMUNIDADE SANTA MARIA,-22.9151971000,-43.4210123000,"14/02/2019, 17:53:00",false,false,,Não identificado,,,false,0,0,0,0,0,0,0,0,0,0,0,0,0,0
24564,"Tv. Sanda - Bangu, Rio de Janeiro - RJ, 21850-310, Brasil",Sudeste,Rio de Janeiro,Rio de Janeiro,VILA KENNEDY,,VILA KENNEDY,-22.8560858000,-43.4835918000,"14/02/2019, 18:47:00",false,false,,Não identificado,,,false,0,0,0,0,0,0,0,0,0,0,0,0,0,0
24478,"Morro do Juramento - Vicente de Carvalho, Rio de Janeiro - RJ, Brasil",Sudeste,Rio de Janeiro,Rio de Janeiro,VICENTE DE CARVALHO,,MORRO DO JURAMENTO (COMPLEXO DO JURAMENTO),-22.8627778000,-43.3152778000,"14/02/2019, 19:03:00",false,false,,Não identificado,,,false,0,0,0,0,0,0,0,0,0,0,0,0,0,0
24479,"Batô (Bateau Mouche) - Praça Seca, Rio de Janeiro - RJ, 22733-120, Brasil",Sudeste,Rio de Janeiro,Rio de Janeiro,PRACA SECA,,FAVELA BATEAU MOUCHE,-22.9048084000,-43.3550791000,"14/02/2019, 19:11:00",false,false,,Não identificado,,,false,0,0,0,0,0,0,0,0,0,0,0,0,0,0
24480,"Av. Nazaré - Ricardo de Albuquerque, Rio de Janeiro - RJ, Brasil",Sudeste,Rio de Janeiro,Rio de Janeiro,RICARDO DE ALBUQUERQUE,,CONJUNTO SANTA EDWIGES,-22.8342172000,-43.3949679000,"14/02/2019, 19:54:00",false,false,,Não identificado,,,false,0,0,0,0,0,0,0,0,0,0,0,0,0,0
24498,"Boulevard 28 de Setembro, Rio de Janeiro - RJ, Brasil",Sudeste,Rio de Janeiro,Rio de Janeiro,VILA ISABEL,,,-22.9155343000,-43.2443327000,"14/02/2019, 21:30:00",true,true,N�o identificado,Tiros a esmo,,,false,0,0,0,0,0,0,0,0,0,0,0,0,0,0
24485,"Morro do Juramento - Vicente de Carvalho, Rio de Janeiro - RJ, Brasil",Sudeste,Rio de Janeiro,Rio de Janeiro,VICENTE DE CARVALHO,,MORRO DO JURAMENTO (COMPLEXO DO JURAMENTO),-22.8627778000,-43.3152778000,"14/02/2019, 22:22:00",false,false,,Não identificado,,,false,0,0,0,0,0,0,0,0,0,0,0,0,0,0
24486,"Morro do Adeus, Complexo do Alemão, Rio de Janeiro - RJ, Brasil",Sudeste,Rio de Janeiro,Rio de Janeiro,COMPLEXO DO ALEMAO,,MORRO DO ADEUS (COMPLEXO DO ALEMAO),-22.8654866000,-43.2619815000,"15/02/2019, 01:08:00",false,false,,Não identificado,,,false,0,0,0,0,0,0,0,0,0,0,0,0,0,0
24489,"Alvorada, Complexo do Alemão, Rio de Janeiro - RJ, 21061-180, Brasil",Sudeste,Rio de Janeiro,Rio de Janeiro,COMPLEXO DO ALEMAO,,ALVORADA (COMPLEXO DO ALEMAO),-22.8622187000,-43.2743218000,"15/02/2019, 03:33:00",false,false,,Não identificado,,,false,0,0,0,0,0,0,0,0,0,0,0,0,0,0
24490,"Cidade de Deus, Rio de Janeiro - RJ, Brasil",Sudeste,Rio de Janeiro,Rio de Janeiro,CIDADE DE DEUS,,CIDADE DE DEUS,-22.9481688000,-43.3626721000,"15/02/2019, 03:54:00",true,true,N�o identificado,Operação policial,,,false,0,0,0,0,0,0,0,0,0,0,0,0,0,0
24488,"Pavão-Pavãozinho nº 02 - Copacabana, Rio de Janeiro - RJ, 22071-060, Brasil",Sudeste,Rio de Janeiro,Rio de Janeiro,COPACABANA,,MORRO DO PAVAO-PAVAOZINHO,-22.9807270000,-43.1945870000,"15/02/2019, 03:56:00",true,true,PM,Operação policial,,,false,0,0,0,0,0,0,0,0,0,0,0,0,0,0
24491,"R. Javata - Anchieta, Rio de Janeiro - RJ, Brasil",Sudeste,Rio de Janeiro,Rio de Janeiro,ANCHIETA,,JAVATA (COMPLEXO DO CHAPADAO),-22.8230742000,-43.3861426000,"15/02/2019, 04:23:00",false,false,,Não identificado,,,false,0,0,0,0,0,0,0,0,0,0,0,0,0,0
24497,"Cavalo de Aço, Senador Camará, Rio de Janeiro - RJ, Brasil",Sudeste,Rio de Janeiro,Rio de Janeiro,SENADOR CAMARA,,COMUNIDADE CAVALO DE ACO,-22.8747578000,-43.5016806000,"15/02/2019, 05:01:00",true,true,PM,Operação policial,,,false,0,2,0,0,0,0,0,0,0,0,0,0,0,0
24494,"Morro do Borel, Tijuca, Rio de Janeiro - RJ, 20530-420, Brasil",Sudeste,Rio de Janeiro,Rio de Janeiro,TIJUCA,,MORRO DO BOREL,-22.9395041000,-43.2515359000,"15/02/2019, 05:19:00",false,false,,Não identificado,,,false,0,0,0,0,0,0,0,0,0,0,0,0,0,0
24499,"R. Iara - Rocha Miranda, Rio de Janeiro - RJ, Brasil",Sudeste,Rio de Janeiro,Rio de Janeiro,ROCHA MIRANDA,,MORRO JORGE TURCO,-22.8406078000,-43.3439838000,"15/02/2019, 06:00:00",true,true,PM,Ação policial,,,false,0,1,0,0,0,0,0,0,0,0,0,0,0,0
24501,"Bandeira 2, Del Castilho, Rio de Janeiro - RJ, 20771-595, Brasil",Sudeste,Rio de Janeiro,Rio de Janeiro,DEL CASTILHO,,FAVELA BANDEIRA 2,-22.8806699000,-43.2707100000,"15/02/2019, 08:30:00",true,true,PM,Operação policial,,,false,0,1,0,0,0,0,0,0,0,0,0,0,0,0
24503,"Morro do Borel, Tijuca, Rio de Janeiro - RJ, 20530-420, Brasil",Sudeste,Rio de Janeiro,Rio de Janeiro,TIJUCA,,MORRO DO BOREL,-22.9394232000,-43.2515561000,"15/02/2019, 11:53:00",false,false,,Não identificado,,Tiroteio contínuo,false,0,0,0,0,0,0,0,0,0,0,0,0,0,0
24510,"Cidade de Deus, Rio de Janeiro - RJ, Brasil",Sudeste,Rio de Janeiro,Rio de Janeiro,CIDADE DE DEUS,,CIDADE DE DEUS,-22.9481688000,-43.3626721000,"15/02/2019, 12:01:00",true,true,N�o identificado,Ação policial,,,false,0,0,0,0,0,0,0,0,0,0,0,0,0,0
24504,"Batô (Bateau Mouche) - Praça Seca, Rio de Janeiro - RJ, 22733-120, Brasil",Sudeste,Rio de Janeiro,Rio de Janeiro,PRACA SECA,,FAVELA BATEAU MOUCHE,-22.9047379000,-43.3552300000,"15/02/2019, 12:15:00",false,false,,Não identificado,,,false,0,0,0,0,0,0,0,0,0,0,0,0,0,0
24508,"Morro do Borel, Tijuca, Rio de Janeiro - RJ, 20530-420, Brasil",Sudeste,Rio de Janeiro,Rio de Janeiro,TIJUCA,,MORRO DO BOREL,-22.9394232000,-43.2515561000,"15/02/2019, 12:54:00",false,false,,Não identificado,,,false,0,0,0,0,0,0,0,0,0,0,0,0,0,0
24509,"Morro do São Carlos - Estácio, Rio de Janeiro - RJ, Brasil",Sudeste,Rio de Janeiro,Rio de Janeiro,ESTACIO,,MORRO DO SAO CARLOS (COMPLEXO DO SAO CARLOS),-22.9195367000,-43.2015238000,"15/02/2019, 13:25:00",false,false,,Não identificado,,,false,0,0,0,0,0,0,0,0,0,0,0,0,0,0
24511,"Curral das Éguas - Magalhaes Bastos, Rio de Janeiro - RJ, 21710-390, Brasil",Sudeste,Rio de Janeiro,Rio de Janeiro,MAGALHAES BASTOS,,FAVELA CURRAL DAS EGUAS,-22.8727360000,-43.4194910000,"15/02/2019, 13:30:00",true,true,N�o identificado,Ação policial,,,false,0,0,0,0,0,0,0,0,0,0,0,0,0,0
24517,"Morro do Borel, Tijuca, Rio de Janeiro - RJ, 20530-420, Brasil",Sudeste,Rio de Janeiro,Rio de Janeiro,TIJUCA,,MORRO DO BOREL,-22.9394795000,-43.2511884000,"15/02/2019, 13:57:00",false,false,,Não identificado,,,false,0,0,0,0,0,0,0,0,0,0,0,0,0,0
24521,"Merendiba, Olaria, Complexo da Penha,  Rio de Janeiro - RJ, 21070-520, Brasil",Sudeste,Rio de Janeiro,Rio de Janeiro,OLARIA,,MORRO DA MERENDIBA (COMPLEXO DA PENHA),-22.8473310000,-43.2754000000,"15/02/2019, 18:13:00",false,false,,Não identificado,,,false,0,0,0,0,0,0,0,0,0,0,0,0,0,0
24522,"Morro da Formiga - Tijuca, Rio de Janeiro - RJ, Brasil",Sudeste,Rio de Janeiro,Rio de Janeiro,TIJUCA,,MORRO DA FORMIGA,-22.9441667000,-43.2408333000,"15/02/2019, 18:57:00",false,false,,Não identificado,,,false,0,0,0,0,0,0,0,0,0,0,0,0,0,0
24525,"Estrada Adhemar Bebiano, 3994 - Engenho da Rainha, Rio de Janeiro - RJ, 20766-721, Brasil",Sudeste,Rio de Janeiro,Rio de Janeiro,ENGENHO DA RAINHA,,,-22.8646383000,-43.2939439000,"15/02/2019, 20:25:00",false,false,,Não identificado,,,false,0,0,0,0,0,0,0,0,0,0,0,0,0,0
24529,"Curva Chico Anysio - Jacarepagua, Rio de Janeiro - RJ, Brasil",Sudeste,Rio de Janeiro,Rio de Janeiro,BARRA OLIMPICA,,,-22.9736754000,-43.3634809000,"15/02/2019, 20:40:00",true,true,N�o identificado,Ação policial,,,false,0,0,0,0,0,0,0,0,0,0,0,0,0,0
24527,"Rua da Usina - Bangu, Rio de Janeiro - RJ, Brasil",Sudeste,Rio de Janeiro,Rio de Janeiro,BANGU,,,-22.8852836000,-43.4592367000,"15/02/2019, 21:02:00",false,false,,Não identificado,,,false,0,0,0,0,0,0,0,0,0,0,0,0,0,0
24528,"Favela Kelson's, Penha Circular, Rio de Janeiro - RJ, 21020-124, Brasil",Sudeste,Rio de Janeiro,Rio de Janeiro,PENHA CIRCULAR,,FAVELA DA KELSONS,-22.8220151000,-43.2712566000,"15/02/2019, 21:11:00",false,false,,Não identificado,,,false,0,0,0,0,0,0,0,0,0,0,0,0,0,0
24530,"Pavuna, Rio de Janeiro - RJ, Brasil",Sudeste,Rio de Janeiro,Rio de Janeiro,PAVUNA,,,-22.8112324000,-43.3625273000,"15/02/2019, 21:52:00",false,false,,Não identificado,,,false,0,0,0,0,0,0,0,0,0,0,0,0,0,0
24533,"Complexo do Chapadão, Pavuna, Rio de Janeiro - RJ, 21655-510, Brasil",Sudeste,Rio de Janeiro,Rio de Janeiro,PAVUNA,,COMPLEXO DO CHAPADAO,-22.8174420000,-43.3827470000,"16/02/2019, 04:44:00",false,false,,Não identificado,,,false,0,0,0,0,0,0,0,0,0,0,0,0,0,0
24539,"Morro das Torres, Complexo do Chapadão, Pavuna, Rio de Janeiro - RJ, 21655-149, Brasil",Sudeste,Rio de Janeiro,Rio de Janeiro,PAVUNA,,MORRO DAS TORRES (COMPLEXO DO CHAPADAO),-22.8216050000,-43.3819170000,"16/02/2019, 07:36:00",false,false,,Não identificado,,,false,0,0,0,0,0,0,0,0,0,0,0,0,0,0
24541,"Complexo do Chapadão, Pavuna, Rio de Janeiro - RJ, 21655-160, Brasil",Sudeste,Rio de Janeiro,Rio de Janeiro,ANCHIETA,,COMPLEXO DO CHAPADAO,-22.8226008000,-43.3840812000,"16/02/2019, 08:41:00",false,false,,Não identificado,,,false,0,0,0,0,0,0,0,0,0,0,0,0,0,0
24547,"Favela do Batan - Realengo, Rio de Janeiro - RJ, 21730-450, Brasil",Sudeste,Rio de Janeiro,Rio de Janeiro,REALENGO,,BATAN,-22.8608510000,-43.4290460000,"16/02/2019, 10:40:00",true,true,PM,Operação policial,,,false,0,0,0,0,0,0,0,0,0,0,0,0,0,0
24545,"Av. Braz de Pina  - Penha Circular, Rio de Janeiro - RJ, 21210-673, Brasil",Sudeste,Rio de Janeiro,Rio de Janeiro,PENHA CIRCULAR,,,-22.8380090000,-43.2880154000,"16/02/2019, 12:15:00",false,false,,Não identificado,,,false,0,0,0,0,0,0,0,0,0,0,0,0,0,0
24546,"R. Morais Pinheiro - Ricardo de Albuquerque, Rio de Janeiro - RJ, Brasil",Sudeste,Rio de Janeiro,Rio de Janeiro,RICARDO DE ALBUQUERQUE,,MORRO DA TIRADENTES (COMPLEXO DO CHAPADAO),-22.8322403000,-43.3904486000,"16/02/2019, 12:20:00",false,false,,Não identificado,,,false,0,0,0,0,0,0,0,0,0,0,0,0,0,0
24549,"Favela Beira Rio, Rod. Pres. Dutra - Pavuna, Rio de Janeiro - RJ, 21240-001, Brasil",Sudeste,Rio de Janeiro,Rio de Janeiro,PAVUNA,,FAVELA AZ DE OURO (OU BEIRA-RIO),-22.8046350000,-43.3473570000,"16/02/2019, 13:26:00",true,true,PM,Operação policial,,,false,0,3,0,0,0,0,0,0,0,0,0,0,0,0
24548,"Vila Cruzeiro - Penha, Rio de Janeiro - RJ, 21070-560, Brasil",Sudeste,Rio de Janeiro,Rio de Janeiro,PENHA,,VILA CRUZEIRO (COMPLEXO DA PENHA),-22.8459238000,-43.2772279000,"16/02/2019, 15:46:00",true,true,N�o identificado,Operação policial,,Tiroteio contínuo,false,0,4,0,0,0,0,0,0,0,0,0,0,0,2
24553,"R. Malacacheta, Complexo do Alemão, Rio de Janeiro - RJ, Brasil",Sudeste,Rio de Janeiro,Rio de Janeiro,COMPLEXO DO ALEMAO,,CANITAR (COMPLEXO DO ALEMAO),-22.8639446000,-43.2874142000,"16/02/2019, 16:13:00",false,false,,Não identificado,,,false,0,0,0,0,0,0,0,0,0,0,0,0,0,0
24550,"R. Água Doce, 40 - Cordovil, Rio de Janeiro - RJ, 21010-200, Brasil",Sudeste,Rio de Janeiro,Rio de Janeiro,CORDOVIL,,CIDADE ALTA (COMPLEXO DE ISRAEL),-22.8196976000,-43.2943395000,"16/02/2019, 16:26:00",false,false,,Não identificado,,,false,0,0,0,0,0,0,0,0,0,0,0,0,0,0
24552,"Vila Cruzeiro - Penha, Rio de Janeiro - RJ, 21070-190, Brasil",Sudeste,Rio de Janeiro,Rio de Janeiro,PENHA,,VILA CRUZEIRO (COMPLEXO DA PENHA),-22.8448389000,-43.2768034000,"16/02/2019, 16:46:00",true,true,N�o identificado,Ação policial,,,false,0,0,0,0,0,0,0,0,0,0,0,0,0,0
24555,"Vila Cruzeiro - Penha, Rio de Janeiro - RJ, 21070-190, Brasil",Sudeste,Rio de Janeiro,Rio de Janeiro,PENHA,,VILA CRUZEIRO (COMPLEXO DA PENHA),-22.8487441000,-43.2828813000,"16/02/2019, 17:46:00",true,true,N�o identificado,Ação policial,,,false,0,0,0,0,0,0,0,0,0,0,0,0,0,0
24557,"Favela das 5 Bocas, Bráz De Pina, Rio de Janeiro - RJ, 21725-520, Brasil",Sudeste,Rio de Janeiro,Rio de Janeiro,BRAS DE PINA,,,-22.8211267000,-43.2851082000,"16/02/2019, 18:40:00",false,false,,Não identificado,,,false,0,0,0,0,0,0,0,0,0,0,0,0,0,0
24556,"Vila Cruzeiro - Penha, Rio de Janeiro - RJ, 21070-190, Brasil",Sudeste,Rio de Janeiro,Rio de Janeiro,PENHA,,VILA CRUZEIRO (COMPLEXO DA PENHA),-22.8487441000,-43.2828813000,"16/02/2019, 18:46:00",true,true,N�o identificado,Ação policial,,,false,0,0,0,0,0,0,0,0,0,0,0,0,0,0
24561,"Vila Cruzeiro - Penha, Rio de Janeiro - RJ, 21070-190, Brasil",Sudeste,Rio de Janeiro,Rio de Janeiro,PENHA,,VILA CRUZEIRO (COMPLEXO DA PENHA),-22.8487441000,-43.2828813000,"16/02/2019, 19:46:00",true,true,N�o identificado,Ação policial,,,false,0,0,0,0,0,0,0,0,0,0,0,0,0,0
24562,"Rua Canitar, Complexo do Alemão, Rio de Janeiro - RJ, Brasil",Sudeste,Rio de Janeiro,Rio de Janeiro,COMPLEXO DO ALEMAO,,MORRO DAS PALMEIRAS (COMPLEXO DO ALEMAO),-22.8603985000,-43.2821082000,"16/02/2019, 20:15:00",false,false,,Não identificado,,,false,0,0,0,0,0,0,0,0,0,0,0,0,0,0
24565,"Viaduto de Benfica, Rio de Janeiro - RJ, Brasil",Sudeste,Rio de Janeiro,Rio de Janeiro,BENFICA,,,-22.8882898000,-43.2492801000,"16/02/2019, 22:15:00",false,false,,Não identificado,,,false,0,0,0,0,0,0,0,0,0,0,0,0,0,0
24566,"Sapo, Vila Kennedy , Rio de Janeiro, Brasil",Sudeste,Rio de Janeiro,Rio de Janeiro,VILA KENNEDY,,VILA KENNEDY,-22.8540043000,-43.4963719000,"17/02/2019, 03:18:00",false,false,,Não identificado,,,false,0,0,0,0,0,0,0,0,0,0,0,0,0,0
24567,"R. Laurindo Filho - Cavalcanti, Rio de Janeiro - RJ, Brasil",Sudeste,Rio de Janeiro,Rio de Janeiro,CAVALCANTI,,,-22.8696902000,-43.3167235000,"17/02/2019, 03:20:00",false,false,,Não identificado,,,false,0,0,0,0,0,0,0,0,0,0,0,0,0,0
24570,"R. Dois, Alvorada - Complexo do Alemão, Rio de Janeiro - RJ, Brasil",Sudeste,Rio de Janeiro,Rio de Janeiro,COMPLEXO DO ALEMAO,,ALVORADA (COMPLEXO DO ALEMAO),-22.8612593000,-43.2758573000,"17/02/2019, 04:27:00",false,false,,Não identificado,,,false,0,0,0,0,0,0,0,0,0,0,0,0,0,0
24568,"Ladeira dos Tabajaras, Copacabana, Rio de Janeiro - RJ, Brasil",Sudeste,Rio de Janeiro,Rio de Janeiro,COPACABANA,,LADEIRA DOS TABAJARAS,-22.9632188000,-43.1904874000,"17/02/2019, 05:36:00",false,false,,Não identificado,,,false,0,0,0,0,0,0,0,0,0,0,0,0,0,0
24569,"Vila Cruzeiro - Penha, Rio de Janeiro - RJ, 21070-190, Brasil",Sudeste,Rio de Janeiro,Rio de Janeiro,PENHA,,VILA CRUZEIRO (COMPLEXO DA PENHA),-22.8487441000,-43.2828813000,"17/02/2019, 05:51:00",true,true,N�o identificado,Operação policial,,,false,0,0,0,1,0,0,0,0,0,0,0,0,0,0
24582,"Vicente de Carvalho, Rio de Janeiro - RJ, Brasil",Sudeste,Rio de Janeiro,Rio de Janeiro,VICENTE DE CARVALHO,,,-22.8558216000,-43.3157850000,"17/02/2019, 08:00:00",false,true,,Tentativa/Roubo,,,false,0,0,0,1,0,0,0,0,0,0,0,0,0,0
24572,"Malvinas, Vila Kennedy, Rio de Janeiro - RJ, 21850-070, Brasil",Sudeste,Rio de Janeiro,Rio de Janeiro,VILA KENNEDY,,VILA KENNEDY,-22.8600881000,-43.4863223000,"17/02/2019, 09:54:00",false,false,,Não identificado,,,false,0,0,0,0,0,0,0,0,0,0,0,0,0,0
24581,"13 - Cidade de Deus, Rio de Janeiro - RJ, 22773-200, Brasil",Sudeste,Rio de Janeiro,Rio de Janeiro,CIDADE DE DEUS,,CIDADE DE DEUS,-22.9442116000,-43.3678663000,"17/02/2019, 13:48:00",false,false,,Não identificado,,,false,0,0,0,0,0,0,0,0,0,0,0,0,0,0
24584,"R. Barão de Mesquita - Tijuca, Rio de Janeiro - RJ, Brasil",Sudeste,Rio de Janeiro,Rio de Janeiro,TIJUCA,,,-22.9242150000,-43.2424377000,"17/02/2019, 16:11:00",false,false,,Não identificado,,,false,0,0,0,0,0,0,0,0,0,0,0,0,0,0
24585,"Rocinha, Rio de Janeiro - RJ, Brasil",Sudeste,Rio de Janeiro,Rio de Janeiro,ROCINHA,,ROCINHA,-22.9879841000,-43.2479825000,"17/02/2019, 16:42:00",false,false,,Não identificado,,,false,0,0,0,0,0,0,0,0,0,0,0,0,0,0
24589,"Divisa, Morro do Juramento - Vicente de Carvalho, Rio de Janeiro - RJ, Brasil",Sudeste,Rio de Janeiro,Rio de Janeiro,VICENTE DE CARVALHO,,MORRO DO JURAMENTO (COMPLEXO DO JURAMENTO),-22.8627778000,-43.3152778000,"17/02/2019, 18:44:00",false,false,,Não identificado,,,false,0,0,0,0,0,0,0,0,0,0,0,0,0,0
24592,"R. Barão do Bom Retiro, Rio de Janeiro - RJ, Brasil",Sudeste,Rio de Janeiro,Rio de Janeiro,ENGENHO NOVO,,,-22.9137671000,-43.2639551000,"18/02/2019, 01:30:00",false,false,,Não identificado,,,false,0,0,0,0,0,0,0,0,0,0,0,0,0,0
24593,"Complexo do Lins - Lins de Vasconcelos, Rio de Janeiro - RJ, 20725-220, Brasil",Sudeste,Rio de Janeiro,Rio de Janeiro,LINS DE VASCONCELOS,,MORRO DA CACHOEIRA GRANDE (COMPLEXO DO LINS),-22.9127980000,-43.2845700000,"18/02/2019, 03:20:00",true,true,N�o identificado,Operação policial,,,false,0,0,0,0,0,0,0,0,0,0,0,0,0,0
24595,"R. Flexal - Engenho da Rainha, Rio de Janeiro - RJ, 20766-610, Brasil",Sudeste,Rio de Janeiro,Rio de Janeiro,ENGENHO DA RAINHA,,,-22.8626186000,-43.2959604000,"18/02/2019, 04:41:00",false,false,,Não identificado,,,false,0,0,0,0,0,0,0,0,0,0,0,0,0,0
24597,"Batô (Bateau Mouche) - Praça Seca, Rio de Janeiro - RJ, 22733-120, Brasil",Sudeste,Rio de Janeiro,Rio de Janeiro,PRACA SECA,,FAVELA BATEAU MOUCHE,-22.9048084000,-43.3550791000,"18/02/2019, 06:22:00",false,false,,Não identificado,,,false,0,0,0,0,0,0,0,0,0,0,0,0,0,0
24602,"Rio Comprido, Rio de Janeiro - RJ, Brasil",Sudeste,Rio de Janeiro,Rio de Janeiro,RIO COMPRIDO,,,-22.9252336000,-43.2053404000,"18/02/2019, 09:20:00",false,false,,Não identificado,,,false,0,0,0,0,0,0,0,0,0,0,0,0,0,0
24610,"Malvinas, Vila Kennedy - Bangu, Rio de Janeiro - RJ, 21850-007, Brasil",Sudeste,Rio de Janeiro,Rio de Janeiro,VILA KENNEDY,,VILA KENNEDY,-22.8604006000,-43.4884116000,"18/02/2019, 17:08:00",false,false,,Não identificado,,,false,0,0,0,0,0,0,0,0,0,0,0,0,0,0
24623,"Av. Brasil - Vigário Geral, Rio de Janeiro - RJ, Brasil",Sudeste,Rio de Janeiro,Rio de Janeiro,VIGARIO GERAL,,,-22.8186686000,-43.3094934000,"18/02/2019, 18:00:00",true,true,PM,Tentativa/Roubo,,,false,1,0,0,0,0,0,0,0,0,0,0,0,0,0
24614,"Irajá, Rio de Janeiro - RJ, Brasil",Sudeste,Rio de Janeiro,Rio de Janeiro,IRAJA,,,-22.8387571000,-43.3241817000,"18/02/2019, 18:01:00",false,false,,Não identificado,,,false,0,0,0,0,0,0,0,0,0,0,0,0,0,0
24613,"Vila Vintém - Padre Miguel, Rio de Janeiro - RJ, 21721-460, Brasil",Sudeste,Rio de Janeiro,Rio de Janeiro,PADRE MIGUEL,,VILA VINTEM,-22.8709633000,-43.4426703000,"18/02/2019, 18:06:00",false,false,,Não identificado,,,false,0,0,0,0,0,0,0,0,0,0,0,0,0,0
24625,"Comunidade Rato Molhado - Jacaré, Rio de Janeiro - RJ, 20970-140, Brasil",Sudeste,Rio de Janeiro,Rio de Janeiro,SAMPAIO,,FAVELA DO RATO MOLHADO (OU DOIS DE MAIO),-22.8976187000,-43.2612322000,"18/02/2019, 19:00:00",true,true,UPP (Jacarezinho),Ação policial,,,false,0,0,0,0,0,0,0,0,0,0,0,0,0,0
24616,"Complexo do Alemão, Rio de Janeiro - RJ, Brasil",Sudeste,Rio de Janeiro,Rio de Janeiro,COMPLEXO DO ALEMAO,,COMPLEXO DO ALEMAO,-22.8593331000,-43.2754759000,"18/02/2019, 19:53:00",false,false,,Não identificado,,,false,0,0,0,0,0,0,0,0,0,0,0,0,0,0
24619,"Morro do Juramento - Vicente de Carvalho, Rio de Janeiro - RJ, Brasil",Sudeste,Rio de Janeiro,Rio de Janeiro,VICENTE DE CARVALHO,,MORRO DO JURAMENTO (COMPLEXO DO JURAMENTO),-22.8627778000,-43.3152778000,"18/02/2019, 21:04:00",false,false,,Não identificado,,,false,0,0,0,0,0,0,0,0,0,0,0,0,0,0
24621,"Morro da Fé - Penha Circular, Rio de Janeiro - RJ, 21210-360, Brasil",Sudeste,Rio de Janeiro,Rio de Janeiro,PENHA CIRCULAR,,MORRO DA FE (COMPLEXO DA PENHA),-22.8469239000,-43.2969005000,"19/02/2019, 02:27:00",false,false,,Não identificado,,,false,0,0,0,0,0,0,0,0,0,0,0,0,0,0
24620,"Vila Cruzeiro - Penha, Rio de Janeiro - RJ, 21070-190, Brasil",Sudeste,Rio de Janeiro,Rio de Janeiro,PENHA,,VILA CRUZEIRO (COMPLEXO DA PENHA),-22.8487441000,-43.2828813000,"19/02/2019, 02:36:00",true,true,N�o identificado,Ação policial,,,false,0,0,0,0,0,0,0,0,0,0,0,0,0,0
24622,"29, Vila Cruzeiro - Penha, Rio de Janeiro - RJ, 21070-190, Brasil",Sudeste,Rio de Janeiro,Rio de Janeiro,PENHA,,VILA CRUZEIRO (COMPLEXO DA PENHA),-22.8487441000,-43.2828813000,"19/02/2019, 04:29:00",true,true,PM,Operação policial,,,false,1,4,0,0,0,0,0,0,0,0,0,1,0,0
24624,"Morro do Engenho da Rainha - Pilares, Rio de Janeiro - RJ, 20760-691, Brasil",Sudeste,Rio de Janeiro,Rio de Janeiro,PILARES,,MORRO DO ENGENHO DA RAINHA,-22.8722222000,-43.2913889000,"19/02/2019, 05:25:00",false,false,,Não identificado,,,false,0,0,0,0,0,0,0,0,0,0,0,0,0,0
24626,"R. Afonso Terra - Pavuna, Rio de Janeiro - RJ, Brasil",Sudeste,Rio de Janeiro,Rio de Janeiro,PAVUNA,,,-22.8153223000,-43.3601730000,"19/02/2019, 06:00:00",false,false,,Não identificado,,,false,0,0,0,0,0,0,0,0,0,0,0,0,0,0
24630,"R. João Vicente - Bento Ribeiro, Rio de Janeiro - RJ, Brasil",Sudeste,Rio de Janeiro,Rio de Janeiro,BENTO RIBEIRO,,LOTEAMENTO BENTO RIBEIRO,-22.8646137000,-43.3621545000,"19/02/2019, 12:00:00",false,false,,Tentativa/Roubo,,,false,1,0,0,0,0,0,0,0,0,0,0,0,0,0
24631,"Parque Arará - Benfica, Rio de Janeiro - RJ, 20911-390, Brasil",Sudeste,Rio de Janeiro,Rio de Janeiro,BENFICA,,PARQUE ARARA,-22.8892065000,-43.2379478000,"19/02/2019, 14:10:00",false,false,,Não identificado,,,false,0,0,0,0,0,0,0,0,0,0,0,0,0,0
24632,"Morro do Adeus, Complexo do Alemão, Rio de Janeiro - RJ, Brasil",Sudeste,Rio de Janeiro,Rio de Janeiro,COMPLEXO DO ALEMAO,,MORRO DO ADEUS (COMPLEXO DO ALEMAO),-22.8654866000,-43.2619815000,"19/02/2019, 14:52:00",false,false,,Não identificado,,,false,0,0,0,0,0,0,0,0,0,0,0,0,0,0
24636,"Bancários, Ilha do Governador, Rio de Janeiro - RJ, Brasil",Sudeste,Rio de Janeiro,Rio de Janeiro,BANCARIOS,,,-22.7907923000,-43.1809860000,"19/02/2019, 17:53:00",false,false,,Não identificado,,,false,0,0,0,0,0,0,0,0,0,0,0,0,0,0
24638,"Váz Lobo, Rio de Janeiro - RJ, Brasil",Sudeste,Rio de Janeiro,Rio de Janeiro,VAZ LOBO,,,-22.8574907000,-43.3293570000,"19/02/2019, 20:35:00",false,false,,Não identificado,,,false,0,0,0,0,0,0,0,0,0,0,0,0,0,0
24639,"Ladeira dos Tabajaras - Copacabana, Rio de Janeiro - RJ, 22031-072, Brasil",Sudeste,Rio de Janeiro,Rio de Janeiro,COPACABANA,,LADEIRA DOS TABAJARAS,-22.9645712000,-43.1897517000,"19/02/2019, 21:01:00",false,false,,Não identificado,,,false,0,0,0,0,0,0,0,0,0,0,0,0,0,0
24640,"Pica-Pau, Cordovil, Rio de Janeiro - RJ, 21012-040, Brasil",Sudeste,Rio de Janeiro,Rio de Janeiro,CORDOVIL,,FAVELA DO PICA PAU (COMPLEXO DE ISRAEL),-22.8197280000,-43.2891320000,"20/02/2019, 03:08:00",false,false,,Não identificado,,,false,0,0,0,0,0,0,0,0,0,0,0,0,0,0
24641,"Vila Aliança, Bangu, Rio de Janeiro - RJ, 21842-740, Brasil",Sudeste,Rio de Janeiro,Rio de Janeiro,BANGU,,VILA ALIANCA,-22.8648423000,-43.4771013000,"20/02/2019, 03:18:00",true,true,N�o identificado,Operação policial,,,false,0,0,0,0,0,0,0,0,0,0,0,0,0,0
24647,"Senador Camará, Rio de Janeiro - RJ, Brasil",Sudeste,Rio de Janeiro,Rio de Janeiro,SENADOR CAMARA,,,-22.8968333000,-43.4877927000,"20/02/2019, 04:11:00",false,false,,Homicidio/Tentativa,,,false,1,0,0,0,0,0,0,0,0,0,0,0,0,0
24648,"Favela do Muquiço, Mal. Hermes, Rio de Janeiro - RJ, Brasil",Sudeste,Rio de Janeiro,Rio de Janeiro,MARECHAL HERMES,,FAVELA DO MUQUICO,-22.8509397000,-43.3754629000,"20/02/2019, 05:08:00",true,true,PM,Operação policial,,,false,2,0,0,0,0,0,0,0,0,0,0,0,0,0
24646,"Casinhas, Complexo do Alemão, Rio de Janeiro - RJ, Brasil",Sudeste,Rio de Janeiro,Rio de Janeiro,COMPLEXO DO ALEMAO,,CASINHAS (COMPLEXO DO ALEMAO),-22.8593331000,-43.2754759000,"20/02/2019, 05:36:00",true,true,N�o identificado,Ação policial,,,false,0,0,0,0,0,0,0,0,0,0,0,0,0,0
24649,"13, Morro do Andaraí, Tijuca, Rio de Janeiro - RJ, 20530-390, Brasil",Sudeste,Rio de Janeiro,Rio de Janeiro,ANDARAI,,MORRO DO ANDARAI,-22.9336972000,-43.2577943000,"20/02/2019, 06:07:00",false,false,,Não identificado,,,false,0,0,0,0,0,0,0,0,0,0,0,0,0,0
24650,"Casinhas, Complexo do Alemão, Rio de Janeiro - RJ, Brasil",Sudeste,Rio de Janeiro,Rio de Janeiro,COMPLEXO DO ALEMAO,,CASINHAS (COMPLEXO DO ALEMAO),-22.8593331000,-43.2754759000,"20/02/2019, 06:33:00",false,false,,Não identificado,,,false,0,0,0,0,0,0,0,0,0,0,0,0,0,0
24658,"Morro da Babilônia, Leme, Rio de Janeiro - RJ, 22010-060, Brasil",Sudeste,Rio de Janeiro,Rio de Janeiro,LEME,,BABILONIA,-22.9604430000,-43.1707020000,"20/02/2019, 08:15:00",true,true,UPP (Babil�nia/Chap�u Mangueira),Ação policial,,,false,0,0,0,0,0,0,0,0,0,0,0,0,0,0
24654,"Vila Aliança, Bangu, Rio de Janeiro - RJ, 21842-740, Brasil",Sudeste,Rio de Janeiro,Rio de Janeiro,BANGU,,VILA ALIANCA,-22.8648423000,-43.4771013000,"20/02/2019, 08:31:00",true,true,N�o identificado,Ação policial,,,false,0,0,0,0,0,0,0,0,0,0,0,0,0,0
24657,"13, Morro do Andaraí, Tijuca, Rio de Janeiro - RJ, 20530-390, Brasil",Sudeste,Rio de Janeiro,Rio de Janeiro,ANDARAI,,MORRO DO ANDARAI,-22.9336972000,-43.2577943000,"20/02/2019, 11:17:00",false,false,,Não identificado,,,false,0,0,0,0,0,0,0,0,0,0,0,0,0,0
24667,"Av. Antares - Santa Cruz, Rio de Janeiro - RJ, 23590-450, Brasil",Sudeste,Rio de Janeiro,Rio de Janeiro,SANTA CRUZ,,FAVELA DE ANTARES,-22.9214300000,-43.6647960000,"20/02/2019, 20:17:00",false,false,,Não identificado,,,false,0,0,0,0,0,0,0,0,0,0,0,0,0,0
24671,"Cachoeirinha, Lins de Vasconcelos, Rio de Janeiro - RJ, 20725-140, Brasil",Sudeste,Rio de Janeiro,Rio de Janeiro,LINS DE VASCONCELOS,,MORRO DA CACHOEIRINHA (COMPLEXO DO LINS),-22.9131990000,-43.2808839000,"21/02/2019, 02:30:00",false,false,,Não identificado,,,false,0,0,0,0,0,0,0,0,0,0,0,0,0,0
24672,"AP, Cidade de Deus, Rio de Janeiro - RJ, 22763-010, Brasil",Sudeste,Rio de Janeiro,Rio de Janeiro,CIDADE DE DEUS,,CIDADE DE DEUS,-22.9473031000,-43.3594905000,"21/02/2019, 03:06:00",true,true,PC,Operação policial,,Tiros de Helicóptero,false,0,0,0,0,0,0,0,0,0,0,0,0,0,0
24685,"Chapéu Mangueira - Leme, Rio de Janeiro - RJ, 22010-060, Brasil",Sudeste,Rio de Janeiro,Rio de Janeiro,LEME,,CHAPEU-MANGUEIRA,-22.9607135000,-43.1695418000,"21/02/2019, 05:00:00",false,false,,Não identificado,,,false,0,0,0,0,0,0,0,0,0,0,0,0,0,0
24675,"Tangará, Cidade de Deus, Rio de Janeiro - RJ, 22775-710, Brasil",Sudeste,Rio de Janeiro,Rio de Janeiro,CIDADE DE DEUS,,CIDADE DE DEUS,-22.9433449000,-43.3707495000,"21/02/2019, 05:51:00",true,true,N�o identificado,Ação policial,,,false,0,0,0,0,0,0,0,0,0,0,0,0,0,0
24680,"Morro dos Macacos - Vila Isabel, Rio de Janeiro - RJ, Brasil",Sudeste,Rio de Janeiro,Rio de Janeiro,VILA ISABEL,,MORRO DOS MACACOS,-22.9104508000,-43.2536242000,"21/02/2019, 11:50:00",true,true,UPP (Macacos),Operação policial,,,false,0,0,0,0,0,0,0,0,0,0,0,0,0,0
24682,"Quinze (15)  - Cidade de Deus, Rio de Janeiro - RJ, 22773-330, Brasil",Sudeste,Rio de Janeiro,Rio de Janeiro,CIDADE DE DEUS,,CIDADE DE DEUS,-22.9489720000,-43.3620150000,"21/02/2019, 12:00:00",false,false,,Não identificado,,,false,0,0,0,0,0,0,0,0,0,0,0,0,0,0
24683,"13 - Cidade de Deus, Rio de Janeiro - RJ, 22773-200, Brasil",Sudeste,Rio de Janeiro,Rio de Janeiro,CIDADE DE DEUS,,CIDADE DE DEUS,-22.9442116000,-43.3678663000,"21/02/2019, 12:20:00",false,false,,Não identificado,,,false,0,0,0,0,0,0,0,0,0,0,0,0,0,0
24681,"Barreira do Vasco - São Cristóvão, Rio de Janeiro - RJ, 20921-240, Brasil",Sudeste,Rio de Janeiro,Rio de Janeiro,SAO CRISTOVAO,,BARREIRA DO VASCO,-22.8895523000,-43.2296116000,"21/02/2019, 12:20:00",false,false,,Não identificado,,,false,0,0,0,0,0,0,0,0,0,0,0,0,0,0
24684,"Chapéu Mangueira - Leme, Rio de Janeiro - RJ, 22010-060, Brasil",Sudeste,Rio de Janeiro,Rio de Janeiro,LEME,,CHAPEU-MANGUEIRA,-22.9607135000,-43.1695418000,"21/02/2019, 13:14:00",true,true,N�o identificado,Operação policial,,,false,1,0,0,0,0,0,0,0,0,0,0,0,0,0
24694,"Bateau Mouche,  Praça Seca, Rio de Janeiro - RJ, 22733-120, Brasil",Sudeste,Rio de Janeiro,Rio de Janeiro,PRACA SECA,,FAVELA BATEAU MOUCHE,-22.9048084000,-43.3550791000,"21/02/2019, 16:30:00",false,false,,Não identificado,,,false,0,0,0,0,0,0,0,0,0,0,0,0,0,0
24695,"Bateau Mouche,  Praça Seca, Rio de Janeiro - RJ, 22733-120, Brasil",Sudeste,Rio de Janeiro,Rio de Janeiro,PRACA SECA,,FAVELA BATEAU MOUCHE,-22.9048084000,-43.3550791000,"21/02/2019, 17:42:00",false,false,,Não identificado,,,false,0,0,0,0,0,0,0,0,0,0,0,0,0,0
24699,"Ap2, Cidade de Deus, Rio de Janeiro - RJ, Brasil",Sudeste,Rio de Janeiro,Rio de Janeiro,CIDADE DE DEUS,,CIDADE DE DEUS,-22.9481688000,-43.3626721000,"21/02/2019, 19:46:00",false,false,,Não identificado,,,false,0,0,0,0,0,0,0,0,0,0,0,0,0,0
24712,"Acari, Rio de Janeiro - RJ, Brasil",Sudeste,Rio de Janeiro,Rio de Janeiro,ACARI,,,-22.8255312000,-43.3444600000,"22/02/2019, 01:30:00",false,false,,Não identificado,,,false,0,0,0,0,0,0,0,0,0,0,0,0,0,0
24701,"Morro da Formiga - Tijuca, Rio de Janeiro - RJ, 20530-003, Brasil",Sudeste,Rio de Janeiro,Rio de Janeiro,TIJUCA,,MORRO DA FORMIGA,-22.9441667000,-43.2408333000,"22/02/2019, 02:40:00",false,false,,Não identificado,,,false,0,0,0,0,0,0,0,0,0,0,0,0,0,0
24707,"Morro da Serrinha - Madureira, Rio de Janeiro - RJ, 21360-320, Brasil",Sudeste,Rio de Janeiro,Rio de Janeiro,VAZ LOBO,,MORRO DA SERRINHA (COMPLEXO DA SERRINHA),-22.8641667000,-43.3238889000,"22/02/2019, 03:00:00",false,false,,Não identificado,,,false,0,0,0,0,0,0,0,0,0,0,0,0,0,0
24706,"Arará, Benfica, Rio de Janeiro - RJ, 20911-360, Brasil",Sudeste,Rio de Janeiro,Rio de Janeiro,BENFICA,,PARQUE ARARA,-22.8920740000,-43.2399571000,"22/02/2019, 03:10:00",false,false,,Não identificado,,,false,0,0,0,0,0,0,0,0,0,0,0,0,0,0
24702,"Morro da Pedreira - Costa Barros, Rio de Janeiro - RJ, 21515-460, Brasil",Sudeste,Rio de Janeiro,Rio de Janeiro,COSTA BARROS,,MORRO DA PEDREIRA (COMPLEXO DA PEDREIRA),-22.8234438000,-43.3584503000,"22/02/2019, 03:12:00",true,true,"41 BPM, BOPE, BPChq, GAM, 9 BPM, 14 BPM, 15 BPM, 16 BPM, 20 BPM, 21 BPM",Operação policial,,,true,3,1,0,0,0,0,0,0,0,0,0,0,0,0
24703,"Morro da Babilônia, Leme, Rio de Janeiro - RJ, 22010-060, Brasil",Sudeste,Rio de Janeiro,Rio de Janeiro,LEME,,BABILONIA,-22.9604430000,-43.1707020000,"22/02/2019, 03:34:00",false,false,,Não identificado,,,false,0,0,0,0,0,0,0,0,0,0,0,0,0,0
24704,"Morro do Juramento - Vicente de Carvalho, Rio de Janeiro - RJ, Brasil",Sudeste,Rio de Janeiro,Rio de Janeiro,VICENTE DE CARVALHO,,MORRO DO JURAMENTO (COMPLEXO DO JURAMENTO),-22.8627778000,-43.3152778000,"22/02/2019, 03:41:00",false,false,,Não identificado,,,false,0,0,0,0,0,0,0,0,0,0,0,0,0,0
24705,"R. Canitar - Complexo do Alemão, Rio de Janeiro - RJ, Brasil",Sudeste,Rio de Janeiro,Rio de Janeiro,COMPLEXO DO ALEMAO,,MORRO DAS PALMEIRAS (COMPLEXO DO ALEMAO),-22.8603985000,-43.2821082000,"22/02/2019, 03:48:00",true,true,UPP (Complexo do Alem�o),Ação policial,,,false,0,1,0,0,0,0,0,0,0,0,0,0,0,0
24710,"Morro da Pedreira - Costa Barros, Rio de Janeiro - RJ, 21515-460, Brasil",Sudeste,Rio de Janeiro,Rio de Janeiro,COSTA BARROS,,MORRO DA PEDREIRA (COMPLEXO DA PEDREIRA),-22.8234438000,-43.3584503000,"22/02/2019, 04:25:00",true,true,N�o identificado,Ação policial,,,false,0,0,0,0,0,0,0,0,0,0,0,0,0,0
24711,"Morro da Serrinha, Madureira, Rio de Janeiro - RJ, Brasil",Sudeste,Rio de Janeiro,Rio de Janeiro,VAZ LOBO,,MORRO DA SERRINHA (COMPLEXO DA SERRINHA),-22.8641667000,-43.3238889000,"22/02/2019, 04:26:00",false,false,,Não identificado,,,false,0,0,0,0,0,0,0,0,0,0,0,0,0,0
24713,"Morro Juramentinho, Vicente de Carvalho, Rio de Janeiro - RJ, 21220-770, Brasil",Sudeste,Rio de Janeiro,Rio de Janeiro,VICENTE DE CARVALHO,,MORRO DO JURAMENTINHO (COMPLEXO DO JURAMENTO),-22.8627778000,-43.3152778000,"22/02/2019, 05:12:00",false,false,,Não identificado,,,false,0,0,0,0,0,0,0,0,0,0,0,0,0,0
24714,"Morro da Formiga - Tijuca, Rio de Janeiro - RJ, 20530-003, Brasil",Sudeste,Rio de Janeiro,Rio de Janeiro,TIJUCA,,MORRO DA FORMIGA,-22.9441667000,-43.2408333000,"22/02/2019, 06:11:00",false,false,,Não identificado,,,false,0,0,0,0,0,0,0,0,0,0,0,0,0,0
24740,"R. Visc. de Pirajá - Ipanema, Rio de Janeiro - RJ, Brasil",Sudeste,Rio de Janeiro,Rio de Janeiro,IPANEMA,,,-22.9843910000,-43.2019098000,"22/02/2019, 11:00:00",true,true,N�o identificado,Tentativa/Roubo,,,false,0,0,0,0,0,0,0,0,0,0,0,0,0,0
24722,"AP, Cidade de Deus, Rio de Janeiro - RJ, 22763-010, Brasil",Sudeste,Rio de Janeiro,Rio de Janeiro,CIDADE DE DEUS,,CIDADE DE DEUS,-22.9479520000,-43.3592760000,"22/02/2019, 12:16:00",false,false,,Não identificado,,,false,0,0,0,0,0,0,0,0,0,0,0,0,0,0
24723,"Morro dos Macacos - Vila Isabel, Rio de Janeiro - RJ, Brasil",Sudeste,Rio de Janeiro,Rio de Janeiro,VILA ISABEL,,MORRO DOS MACACOS,-22.9110577000,-43.2564735000,"22/02/2019, 12:34:00",false,false,,Não identificado,,,false,0,0,0,0,0,0,0,0,0,0,0,0,0,0
24724,"Morro do Turano, Rio Comprido, Rio de Janeiro - RJ, 20261-243, Brasil",Sudeste,Rio de Janeiro,Rio de Janeiro,RIO COMPRIDO,,MORRO DO TURANO,-22.9284499000,-43.2177750000,"22/02/2019, 12:47:00",false,false,,Não identificado,,,false,0,0,0,0,0,0,0,0,0,0,0,0,0,0
24728,"Rebu - Senador Camará, Rio de Janeiro - RJ, 21843-040, Brasil",Sudeste,Rio de Janeiro,Rio de Janeiro,SENADOR CAMARA,,REBU (COMPLEXO DO REBU DE SENADOR CAMARA),-22.8787940000,-43.4917090000,"22/02/2019, 13:00:00",false,false,,Não identificado,,,false,0,0,0,0,0,0,0,0,0,0,0,0,0,0
24726,"Buraco do Lacerda - Jacarezinho, Rio de Janeiro - RJ, Brasil",Sudeste,Rio de Janeiro,Rio de Janeiro,JACAREZINHO,,JACAREZINHO,-22.8873810000,-43.2531360000,"22/02/2019, 13:20:00",false,false,,Não identificado,,,false,0,0,0,0,0,0,0,0,0,0,0,0,0,0
24727,"Casinhas, Complexo do Alemão, Rio de Janeiro - RJ, Brasil",Sudeste,Rio de Janeiro,Rio de Janeiro,COMPLEXO DO ALEMAO,,CASINHAS (COMPLEXO DO ALEMAO),-22.8656341000,-43.2831551000,"22/02/2019, 13:35:00",false,false,,Não identificado,,,false,0,0,0,0,0,0,0,0,0,0,0,0,0,0
24730,"Morro do Adeus, Complexo do Alemão, Rio de Janeiro - RJ, Brasil",Sudeste,Rio de Janeiro,Rio de Janeiro,COMPLEXO DO ALEMAO,,MORRO DO ADEUS (COMPLEXO DO ALEMAO),-22.8654866000,-43.2619815000,"22/02/2019, 14:47:00",false,false,,Não identificado,,,false,0,0,0,0,0,0,0,0,0,0,0,0,0,0
24733,"Jardim America, Rio de Janeiro - RJ, Brasil",Sudeste,Rio de Janeiro,Rio de Janeiro,JARDIM AMERICA,,,-22.8114870000,-43.3207177000,"22/02/2019, 17:22:00",false,false,,Não identificado,,,false,0,0,0,0,0,0,0,0,0,0,0,0,0,0
24736,"Morro da Formiga - Tijuca, Rio de Janeiro - RJ, Brasil",Sudeste,Rio de Janeiro,Rio de Janeiro,TIJUCA,,MORRO DA FORMIGA,-22.9441667000,-43.2408333000,"22/02/2019, 19:57:00",false,false,,Não identificado,,,false,0,0,0,0,0,0,0,0,0,0,0,0,0,0
24744,"Irajá, Rio de Janeiro - RJ, Brasil",Sudeste,Rio de Janeiro,Rio de Janeiro,IRAJA,,,-22.8387571000,-43.3241817000,"23/02/2019, 00:48:00",false,false,,Não identificado,,,false,0,0,0,0,0,0,0,0,0,0,0,0,0,0
24741,"Buraco do Lacerda - Jacarezinho, Rio de Janeiro - RJ, Brasil",Sudeste,Rio de Janeiro,Rio de Janeiro,JACAREZINHO,,JACAREZINHO,-22.8875893000,-43.2527367000,"23/02/2019, 03:50:00",false,false,,Não identificado,,,false,0,0,0,0,0,0,0,0,0,0,0,0,0,0
24743,"Morro do Borel, Tijuca, Rio de Janeiro - RJ, 20530-420, Brasil",Sudeste,Rio de Janeiro,Rio de Janeiro,TIJUCA,,MORRO DO BOREL,-22.9394794000,-43.2515432000,"23/02/2019, 07:10:00",false,false,,Não identificado,,,false,0,0,0,0,0,0,0,0,0,0,0,0,0,0
24747,"Estr. do Mendanha - Campo Grande, Rio de Janeiro - RJ, Brasil",Sudeste,Rio de Janeiro,Rio de Janeiro,CAMPO GRANDE,,,-22.8644709000,-43.5488999000,"23/02/2019, 08:23:00",false,false,,Não identificado,,,false,0,0,0,0,0,0,0,0,0,0,0,0,0,0
24752,"Complexo do Chapadão - Pavuna, Rio de Janeiro - RJ, 21655-160, Brasil",Sudeste,Rio de Janeiro,Rio de Janeiro,PAVUNA,,COMPLEXO DO CHAPADAO,-22.8208160000,-43.3833200000,"23/02/2019, 10:00:00",true,true,PM,Operação policial,,,false,1,0,0,0,0,0,0,0,0,0,0,0,0,0
24778,"Linha Amarela - Água Santa, Rio de Janeiro - RJ, Brasil",Sudeste,Rio de Janeiro,Rio de Janeiro,AGUA SANTA,,,-22.9139409000,-43.3182742000,"23/02/2019, 11:00:00",false,false,,Não identificado,,,false,0,0,0,0,0,0,0,0,0,0,0,0,0,0
24750,"R. Honório - Del Castilho, Rio de Janeiro - RJ, Brasil",Sudeste,Rio de Janeiro,Rio de Janeiro,TODOS OS SANTOS,,,-22.8853838000,-43.2732063000,"23/02/2019, 11:25:00",false,false,,Não identificado,,,false,0,0,0,0,0,0,0,0,0,0,0,0,0,0
24755,"Morro dos Macaos, Vila Isabel, Rio de Janeiro - RJ, Brasil",Sudeste,Rio de Janeiro,Rio de Janeiro,VILA ISABEL,,MORRO DOS MACACOS,-22.9110577000,-43.2564735000,"23/02/2019, 13:38:00",false,false,,Não identificado,,,false,0,0,0,0,0,0,0,0,0,0,0,0,0,0
24759,"4 Bicas, Penha, Rio de Janeiro - RJ, 21070-620, Brasil",Sudeste,Rio de Janeiro,Rio de Janeiro,PENHA,,VILA CRUZEIRO (COMPLEXO DA PENHA),-22.8465250000,-43.2817960000,"23/02/2019, 15:03:00",false,false,,Não identificado,,,false,0,0,0,0,0,0,0,0,0,0,0,0,0,0
24761,"Bateau Mouche,  Praça Seca, Rio de Janeiro - RJ, 22733-120, Brasil",Sudeste,Rio de Janeiro,Rio de Janeiro,PRACA SECA,,FAVELA BATEAU MOUCHE,-22.9048084000,-43.3550791000,"23/02/2019, 16:42:00",false,false,,Não identificado,,,false,0,0,0,0,0,0,0,0,0,0,0,0,0,0
24764,"Complexo do Chapadão, Pavuna, Rio de Janeiro - RJ, 21655-160, Brasil",Sudeste,Rio de Janeiro,Rio de Janeiro,PAVUNA,,COMPLEXO DO CHAPADAO,-22.8210714000,-43.3829286000,"23/02/2019, 17:32:00",false,false,,Não identificado,,,false,0,0,0,0,0,0,0,0,0,0,0,0,0,0
24765,"Morro do Turano,  Rio Comprido, Rio de Janeiro - RJ, 21665-360, Brasil",Sudeste,Rio de Janeiro,Rio de Janeiro,RIO COMPRIDO,,MORRO DO TURANO,-22.9270700000,-43.2168830000,"23/02/2019, 17:42:00",false,false,,Não identificado,,,false,0,0,0,0,0,0,0,0,0,0,0,0,0,0
24763,"Cachoeirinha, Complexo do Lins,  Lins de Vasconcelos, Rio de Janeiro - RJ",Sudeste,Rio de Janeiro,Rio de Janeiro,LINS DE VASCONCELOS,,MORRO DA CACHOEIRINHA (COMPLEXO DO LINS),-22.9178401000,-43.2877569000,"23/02/2019, 17:44:00",false,false,,Não identificado,,,false,0,0,0,0,0,0,0,0,0,0,0,0,0,0
24768,"R. Alves, 4 - Madureira, Rio de Janeiro - RJ, 21360-210, Brasil",Sudeste,Rio de Janeiro,Rio de Janeiro,MADUREIRA,,MORRO DO SAO JOSE (COMPLEXO DA SERRINHA),-22.8715838000,-43.3334225000,"23/02/2019, 18:56:00",false,false,,Não identificado,,,false,0,0,0,0,0,0,0,0,0,0,0,0,0,0
24770,"Acari, Rio de Janeiro - RJ, Brasil",Sudeste,Rio de Janeiro,Rio de Janeiro,ACARI,,,-22.8255312000,-43.3444600000,"23/02/2019, 19:30:00",false,false,,Não identificado,,,false,0,0,0,0,0,0,0,0,0,0,0,0,0,0
24774,"Morro do Urubu,  Pilares, Rio de Janeiro - RJ, Brasil",Sudeste,Rio de Janeiro,Rio de Janeiro,PILARES,,MORRO DO URUBU (COMPLEXO DO URUBU),-22.8753430000,-43.3043756000,"23/02/2019, 20:38:00",false,false,,Não identificado,,,false,0,0,0,0,0,0,0,0,0,0,0,0,0,0
24779,"R. Paranhos, Complexo do Alemão, Rio de Janeiro - RJ, Brasil",Sudeste,Rio de Janeiro,Rio de Janeiro,COMPLEXO DO ALEMAO,,PEDRA DO SAPO (COMPLEXO DO ALEMAO),-22.8533394000,-43.2718169000,"23/02/2019, 21:15:00",true,true,PM,Ação policial,,,false,1,0,0,0,0,0,0,0,0,0,0,0,0,0
24808,"Estrada de Jacarepaguá, Anil, Rio de Janeiro - RJ, 22753-033, Brasil",Sudeste,Rio de Janeiro,Rio de Janeiro,ANIL,,,-22.9613492000,-43.3350909000,"23/02/2019, 22:00:00",false,false,,Briga,,Bar,false,0,1,0,0,0,0,0,0,0,0,0,0,0,0
24777,"Pilares, Rio de Janeiro - RJ, Brasil",Sudeste,Rio de Janeiro,Rio de Janeiro,PILARES,,,-22.8814021000,-43.2934758000,"24/02/2019, 00:16:00",false,false,,Não identificado,,,false,0,0,0,0,0,0,0,0,0,0,0,0,0,0
24781,"Leão, Vila Kennedy, Bangu, Rio de Janeiro - RJ, 21852-010, Brasil",Sudeste,Rio de Janeiro,Rio de Janeiro,VILA KENNEDY,,VILA KENNEDY,-22.8562920000,-43.4898800000,"24/02/2019, 04:00:00",false,false,,Não identificado,,,false,0,0,0,0,0,0,0,0,0,0,0,0,0,0
24788,"R. Cel. Audomaro Costa - Gambôa, Rio de Janeiro - RJ, 20221-220, Brasil",Sudeste,Rio de Janeiro,Rio de Janeiro,GAMBOA,,MORRO DA PROVIDENCIA,-22.9015371000,-43.1931914000,"24/02/2019, 09:40:00",true,true,UPP (Provid�ncia),Operação policial,,,false,0,0,0,0,0,0,0,0,0,0,0,0,0,0
24786,"Vila Aliança - Bangu, Rio de Janeiro - RJ, 21842-640, Brasil",Sudeste,Rio de Janeiro,Rio de Janeiro,BANGU,,VILA ALIANCA,-22.8656820000,-43.4778499000,"24/02/2019, 09:40:00",false,false,,Não identificado,,,false,0,0,0,0,0,0,0,0,0,0,0,0,0,0
24787,"Estrada do Taquaral - Senador Camará, Rio de Janeiro - RJ, 21843-040, Brasil",Sudeste,Rio de Janeiro,Rio de Janeiro,SENADOR CAMARA,,COMPLEXO DA COREIA DE SENADOR CAMARA,-22.8713763000,-43.4881326000,"24/02/2019, 10:13:00",false,false,,Não identificado,,,false,0,0,0,0,0,0,0,0,0,0,0,0,0,0
24790,"Complexo do Chapadão - Pavuna, Rio de Janeiro - RJ, 21655-160, Brasil",Sudeste,Rio de Janeiro,Rio de Janeiro,PAVUNA,,COMPLEXO DO CHAPADAO,-22.8208745000,-43.3831147000,"24/02/2019, 12:30:00",true,true,PM,Operação policial,,,false,0,2,0,0,0,0,0,0,0,0,0,0,0,0
24796,"Complexo do Alemão, Rio de Janeiro - RJ, Brasil",Sudeste,Rio de Janeiro,Rio de Janeiro,COMPLEXO DO ALEMAO,,COMPLEXO DO ALEMAO,-22.8593331000,-43.2754759000,"24/02/2019, 16:47:00",false,false,,Não identificado,,,false,0,0,0,0,0,0,0,0,0,0,0,0,0,0
24798,"Av. Maracanã, Tijuca, Rio de Janeiro - RJ, 20511-000, Brasil",Sudeste,Rio de Janeiro,Rio de Janeiro,TIJUCA,,,-22.9219194000,-43.2352821000,"24/02/2019, 21:15:00",false,true,,Tentativa/Roubo,,,false,1,2,0,0,0,0,0,0,0,0,0,0,0,0
24805,"R. Luís Vargas, Morro do Urubu, Pilares, Rio de Janeiro - RJ, 20751-340, Brasil",Sudeste,Rio de Janeiro,Rio de Janeiro,ABOLICAO,,MORRO DO URUBU (COMPLEXO DO URUBU),-22.8796370000,-43.3037629000,"25/02/2019, 00:53:00",false,false,,Homicidio/Tentativa,,"Ataques armados sobre rodas,Bar",false,1,0,0,0,0,0,0,0,0,0,0,0,0,0
24799,"Mangueira, Rio de Janeiro - RJ, Brasil",Sudeste,Rio de Janeiro,Rio de Janeiro,MANGUEIRA,,MANGUEIRA,-22.9052507000,-43.2340127000,"25/02/2019, 02:47:00",true,true,N�o identificado,Operação policial,,,false,0,0,0,0,0,0,0,0,0,0,0,0,0,0
24800,"Buraco Quente, Mangueira, Rio de Janeiro - RJ, Brasil",Sudeste,Rio de Janeiro,Rio de Janeiro,MANGUEIRA,,MANGUEIRA,-22.9052507000,-43.2340127000,"25/02/2019, 04:00:00",true,true,N�o identificado,Ação policial,,,false,0,0,0,0,0,0,0,0,0,0,0,0,0,0
24810,"R. do Rocha  - Rocha, Rio de Janeiro - RJ, 20960-090, Brasil",Sudeste,Rio de Janeiro,Rio de Janeiro,ROCHA,,,-22.9008163000,-43.2484110000,"25/02/2019, 06:10:00",false,true,,Tentativa/Roubo,,,false,1,0,0,0,0,0,0,0,0,0,0,0,0,0
24809,"Ap2 - Cidade de Deus, Rio de Janeiro - RJ, 22772-400, Brasil",Sudeste,Rio de Janeiro,Rio de Janeiro,CIDADE DE DEUS,,CIDADE DE DEUS,-22.9480890000,-43.3625710000,"25/02/2019, 08:52:00",false,false,,Não identificado,,,false,0,0,0,0,0,0,0,0,0,0,0,0,0,0
24813,"Morro do Adeus, Complexo do Alemão, Rio de Janeiro - RJ, 21060-505, Brasil",Sudeste,Rio de Janeiro,Rio de Janeiro,COMPLEXO DO ALEMAO,,MORRO DO ADEUS (COMPLEXO DO ALEMAO),-22.8649973000,-43.2612580000,"25/02/2019, 12:34:00",true,true,UPP (Complexo do Alem�o),Operação policial,,,false,1,1,0,0,0,0,0,0,0,0,0,0,0,0
24815,"Moro do Turano - Rio Comprido, Rio de Janeiro - RJ, 21665-360, Brasil",Sudeste,Rio de Janeiro,Rio de Janeiro,RIO COMPRIDO,,MORRO DO TURANO,-22.9270700000,-43.2168830000,"25/02/2019, 15:07:00",false,false,,Não identificado,,,false,0,0,0,0,0,0,0,0,0,0,0,0,0,0
24816,"Morro do Salgueiro - Tijuca, Rio de Janeiro - RJ, 20521-330, Brasil",Sudeste,Rio de Janeiro,Rio de Janeiro,TIJUCA,,MORRO DO SALGUEIRO,-22.9302767000,-43.2256519000,"25/02/2019, 15:12:00",false,false,,Não identificado,,,false,0,0,0,0,0,0,0,0,0,0,0,0,0,0
24818,"Tangará - Cidade de Deus, Rio de Janeiro - RJ, 22715-090, Brasil",Sudeste,Rio de Janeiro,Rio de Janeiro,CIDADE DE DEUS,,CIDADE DE DEUS,-22.9433449000,-43.3707495000,"25/02/2019, 15:20:00",false,false,,Não identificado,,,false,0,0,0,0,0,0,0,0,0,0,0,0,0,0
24819,"Ap2, Cidade de Deus, Rio de Janeiro - RJ, Brasil",Sudeste,Rio de Janeiro,Rio de Janeiro,CIDADE DE DEUS,,CIDADE DE DEUS,-22.9481688000,-43.3626721000,"25/02/2019, 15:40:00",true,true,PM,Operação policial,,,false,0,1,0,0,0,0,0,0,0,0,0,0,0,0
24821,"Morro do Salgueiro, Tijuca, Rio de Janeiro - RJ, 20521-330",Sudeste,Rio de Janeiro,Rio de Janeiro,TIJUCA,,MORRO DO SALGUEIRO,-22.9293261000,-43.2263527000,"25/02/2019, 16:18:00",false,false,,Não identificado,,,false,0,0,0,0,0,0,0,0,0,0,0,0,0,0
24822,"Favela do Tatão,  Anchieta, Rio de Janeiro - RJ, 21635-440, Brasil",Sudeste,Rio de Janeiro,Rio de Janeiro,ANCHIETA,,FAVELA DO TATAO,-22.8269208000,-43.4099832000,"25/02/2019, 20:00:00",false,false,,Não identificado,,,false,0,0,0,0,0,0,0,0,0,0,0,0,0,0
24824,"Karatê  - Cidade de Deus, Rio de Janeiro - RJ, 22772-410, Brasil",Sudeste,Rio de Janeiro,Rio de Janeiro,CIDADE DE DEUS,,CIDADE DE DEUS,-22.9479960000,-43.3619450000,"26/02/2019, 03:36:00",true,true,PM,Operação policial,,,false,0,0,0,0,0,0,0,0,0,0,0,0,0,0
24826,"Praça Guilherme da Silveira - Bangu, Rio de Janeiro - RJ, 21721-310, Brasil",Sudeste,Rio de Janeiro,Rio de Janeiro,BANGU,,,-22.8745565000,-43.4565175000,"26/02/2019, 03:55:00",false,false,,Não identificado,,,false,0,0,0,0,0,0,0,0,0,0,0,0,0,0
24831,"Morro do Juramento - Vicente de Carvalho, Rio de Janeiro - RJ, Brasil",Sudeste,Rio de Janeiro,Rio de Janeiro,VICENTE DE CARVALHO,,MORRO DO JURAMENTO (COMPLEXO DO JURAMENTO),-22.8627778000,-43.3152778000,"26/02/2019, 05:30:00",false,false,,Não identificado,,,false,0,0,0,0,0,0,0,0,0,0,0,0,0,0
24832,"Vila Cruzeiro - Penha, Rio de Janeiro - RJ, 21070-370, Brasil",Sudeste,Rio de Janeiro,Rio de Janeiro,PENHA,,VILA CRUZEIRO (COMPLEXO DA PENHA),-22.8487251000,-43.2822820000,"26/02/2019, 07:54:00",false,false,,Não identificado,,,false,0,0,0,0,0,0,0,0,0,0,0,0,0,0
24845,"Morro do Salgueiro, Tijuca, Rio de Janeiro - RJ, Brasil",Sudeste,Rio de Janeiro,Rio de Janeiro,TIJUCA,,MORRO DO SALGUEIRO,-22.9260954000,-43.2314798000,"26/02/2019, 10:00:00",true,true,N�o identificado,Operação policial,,,false,1,0,0,0,0,0,0,0,0,0,1,0,0,0
24839,"R. Itália D'incau, Rio de Janeiro - RJ, Brasil",Sudeste,Rio de Janeiro,Rio de Janeiro,TOMAS COELHO,,MORRO DO URUBU (COMPLEXO DO URUBU),-22.8732458000,-43.3085682000,"26/02/2019, 12:17:00",false,false,,Não identificado,,,false,0,0,0,0,0,0,0,0,0,0,0,0,0,0
24837,"R. Morro da Candelária - Mangueira, Rio de Janeiro - RJ, 20941-430, Brasil",Sudeste,Rio de Janeiro,Rio de Janeiro,MANGUEIRA,,MANGUEIRA,-22.9062445000,-43.2369190000,"26/02/2019, 12:19:00",false,false,,Não identificado,,,false,0,0,0,0,0,0,0,0,0,0,0,0,0,0
24840,"R. da Alvorada, Complexo do Alemão, Rio de Janeiro - RJ, 21061-180, Brasil",Sudeste,Rio de Janeiro,Rio de Janeiro,COMPLEXO DO ALEMAO,,ALVORADA (COMPLEXO DO ALEMAO),-22.8622187000,-43.2743218000,"26/02/2019, 12:46:00",false,false,,Não identificado,,,false,0,0,0,0,0,0,0,0,0,0,0,0,0,0
24841,"R. Sinimbú, Vila Miséria, Mangueira, Rio de Janeiro - RJ, 20910-180, Brasil",Sudeste,Rio de Janeiro,Rio de Janeiro,MANGUEIRA,,FAVELA PARQUE SINIMBU,-22.9012593000,-43.2300778000,"26/02/2019, 13:38:00",true,true,UPP (Mangueira),Ação policial,,,false,0,0,0,0,0,0,0,0,0,0,0,0,0,0
24842,"Malvinas, Vila Kennedy - Bangu, Rio de Janeiro - RJ, 21850-007, Brasil",Sudeste,Rio de Janeiro,Rio de Janeiro,VILA KENNEDY,,VILA KENNEDY,-22.8600881000,-43.4863223000,"26/02/2019, 14:07:00",false,false,,Não identificado,,,false,0,0,0,0,0,0,0,0,0,0,0,0,0,0
24844,"Morro do Juramento - Vicente de Carvalho, Rio de Janeiro - RJ, Brasil",Sudeste,Rio de Janeiro,Rio de Janeiro,VICENTE DE CARVALHO,,MORRO DO JURAMENTO (COMPLEXO DO JURAMENTO),-22.8627778000,-43.3152778000,"26/02/2019, 14:29:00",false,false,,Não identificado,,,false,0,0,0,0,0,0,0,0,0,0,0,0,0,0
24850,"Morro do Urubu, Pilares, Rio de Janeiro - RJ, Brasil",Sudeste,Rio de Janeiro,Rio de Janeiro,PILARES,,MORRO DO URUBU (COMPLEXO DO URUBU),-22.8759836000,-43.3024082000,"26/02/2019, 17:06:00",false,false,,Não identificado,,,false,0,0,0,0,0,0,0,0,0,0,0,0,0,0
24854,"Congo, Vila Kennedy - Bangu, Rio de Janeiro - RJ, 21850-007, Brasil",Sudeste,Rio de Janeiro,Rio de Janeiro,VILA KENNEDY,,VILA KENNEDY,-22.8604006000,-43.4884116000,"26/02/2019, 23:23:00",false,false,,Não identificado,,,false,0,0,0,0,0,0,0,0,0,0,0,0,0,0
24853,"Morro do Guarabu,  Jardim Carioca, Rio de Janeiro - RJ, 21922-610, Brasil",Sudeste,Rio de Janeiro,Rio de Janeiro,JARDIM CARIOCA,,MORRO DO DENDE,-22.8045692000,-43.1923038000,"27/02/2019, 02:30:00",true,true,N�o identificado,Ação policial,,,false,0,0,0,0,0,0,0,0,0,0,0,0,0,0
24856,"R. Cel. Tamarindo - Bangu, Rio de Janeiro - RJ, 21810-015, Brasil",Sudeste,Rio de Janeiro,Rio de Janeiro,BANGU,,,-22.8752928000,-43.4653599000,"27/02/2019, 03:19:00",false,false,,Não identificado,,,false,0,0,0,0,0,0,0,0,0,0,0,0,0,0
24860,"Morro da Serrinha, Madureira, Rio de Janeiro - RJ, Brasil",Sudeste,Rio de Janeiro,Rio de Janeiro,MADUREIRA,,MORRO DA SERRINHA (COMPLEXO DA SERRINHA),-22.8662669000,-43.3318801000,"27/02/2019, 03:47:00",true,true,PM,Operação policial,,,false,0,0,0,1,0,0,0,0,0,0,0,0,0,0
24861,"Fazendinha, Complexo do Alemão, Rio de Janeiro - RJ, Brasil",Sudeste,Rio de Janeiro,Rio de Janeiro,COMPLEXO DO ALEMAO,,FAZENDINHA (COMPLEXO DO ALEMAO),-22.8593331000,-43.2754759000,"27/02/2019, 03:49:00",false,false,,Não identificado,,,false,0,0,0,0,0,0,0,0,0,0,0,0,0,0
24866,"Vila Aliança,  Bangu, Rio de Janeiro - RJ, 21842-740, Brasil",Sudeste,Rio de Janeiro,Rio de Janeiro,BANGU,,VILA ALIANCA,-22.8648423000,-43.4771013000,"27/02/2019, 04:50:00",true,true,PM,Operação policial,,,false,0,0,0,0,0,0,0,0,0,0,0,0,0,0
24867,"Morro da Serrinha, Madureira, Rio de Janeiro - RJ, Brasil",Sudeste,Rio de Janeiro,Rio de Janeiro,MADUREIRA,,MORRO DA SERRINHA (COMPLEXO DA SERRINHA),-22.8662669000,-43.3318801000,"27/02/2019, 04:55:00",true,true,N�o identificado,Ação policial,,,false,0,0,0,0,0,0,0,0,0,0,0,0,0,0
24870,"Vila Aliança, Bangu, Rio de Janeiro - RJ, 21842-740, Brasil",Sudeste,Rio de Janeiro,Rio de Janeiro,BANGU,,VILA ALIANCA,-22.8648423000,-43.4771013000,"27/02/2019, 05:51:00",false,false,,Não identificado,,,false,0,0,0,0,0,0,0,0,0,0,0,0,0,0
24873,"Morro da Serrinha, Madureira, Rio de Janeiro - RJ, Brasil",Sudeste,Rio de Janeiro,Rio de Janeiro,MADUREIRA,,MORRO DA SERRINHA (COMPLEXO DA SERRINHA),-22.8662669000,-43.3318801000,"27/02/2019, 06:52:00",true,true,N�o identificado,Ação policial,,,false,0,0,0,0,0,0,0,0,0,0,0,0,0,0
24874,"Praça General Osório, R. Visc. de Pirajá, 61 - Ipanema, Rio de Janeiro - RJ, 22410-003, Brasil",Sudeste,Rio de Janeiro,Rio de Janeiro,IPANEMA,,,-22.9851806000,-43.1978183000,"27/02/2019, 07:20:00",true,true,N�o identificado,Operação policial,,,false,0,0,0,0,0,0,0,0,0,0,0,0,0,0
24876,"Estácio, Rio de Janeiro - RJ, Brasil",Sudeste,Rio de Janeiro,Rio de Janeiro,ESTACIO,,,-22.9174205000,-43.2049783000,"27/02/2019, 07:35:00",false,false,,Não identificado,,,false,0,0,0,0,0,0,0,0,0,0,0,0,0,0
24878,"Morro do São Carlos - Estácio, Rio de Janeiro - RJ, 20250-150, Brasil",Sudeste,Rio de Janeiro,Rio de Janeiro,ESTACIO,,MORRO DO SAO CARLOS (COMPLEXO DO SAO CARLOS),-22.9195380000,-43.2020050000,"27/02/2019, 10:20:00",true,true,N�o identificado,Operação policial,,Tiros de Helicóptero,false,0,0,0,0,0,0,0,0,0,0,0,0,0,0
24879,"Vila Aliança, Bangu, Rio de Janeiro - RJ, 21842-570, Brasil",Sudeste,Rio de Janeiro,Rio de Janeiro,BANGU,,VILA ALIANCA,-22.8649880000,-43.4769570000,"27/02/2019, 10:45:00",true,true,N�o identificado,Operação policial,,,false,0,1,0,0,0,0,0,0,0,0,0,0,0,0
24880,"Morro do Juramentinho - Vicente de Carvalho, Rio de Janeiro - RJ, Brasil",Sudeste,Rio de Janeiro,Rio de Janeiro,VICENTE DE CARVALHO,,MORRO DO JURAMENTINHO (COMPLEXO DO JURAMENTO),-22.8596732000,-43.3151039000,"27/02/2019, 11:32:00",false,false,,Não identificado,,,false,0,0,0,0,0,0,0,0,0,0,0,0,0,0
24881,"Andarai, Rio de Janeiro - RJ, Brasil",Sudeste,Rio de Janeiro,Rio de Janeiro,ANDARAI,,,-22.9259539000,-43.2487131000,"27/02/2019, 13:10:00",true,true,UPP (Andara�),Ação policial,,,false,0,0,0,0,0,0,0,0,0,0,0,0,0,0
24884,"Buraco do Lacerda, Jacarezinho, Rio de Janeiro - RJ, Brasil",Sudeste,Rio de Janeiro,Rio de Janeiro,JACAREZINHO,,JACAREZINHO,-22.8878394000,-43.2524004000,"27/02/2019, 13:43:00",false,false,,Não identificado,,,false,0,0,0,0,0,0,0,0,0,0,0,0,0,0
24883,"Morro do Borel - Tijuca, Rio de Janeiro - RJ, Brasil",Sudeste,Rio de Janeiro,Rio de Janeiro,TIJUCA,,MORRO DO BOREL,-22.9385731000,-43.2519803000,"27/02/2019, 13:59:00",false,false,,Não identificado,,,false,0,0,0,0,0,0,0,0,0,0,0,0,0,0
24885,"Batô (Bateau Mouche) - Praça Seca, Rio de Janeiro - RJ, 22733-001, Brasil",Sudeste,Rio de Janeiro,Rio de Janeiro,PRACA SECA,,FAVELA BATEAU MOUCHE,-22.9050760000,-43.3548140000,"27/02/2019, 14:50:00",false,false,,Não identificado,,,false,0,0,0,0,0,0,0,0,0,0,0,0,0,0
24886,"Morro do Dendê - Jardim Carioca, Ilha do Governador, Rio de Janeiro - RJ, 21921-420, Brasil",Sudeste,Rio de Janeiro,Rio de Janeiro,JARDIM CARIOCA,,MORRO DO DENDE,-22.8015510000,-43.1911690000,"27/02/2019, 15:25:00",true,true,PM,Operação policial,,,false,0,1,0,0,0,0,0,0,0,0,0,0,0,0
24898,"Karatê - Cidade de Deus, Rio de Janeiro - RJ, 22772-410, Brasil",Sudeste,Rio de Janeiro,Rio de Janeiro,CIDADE DE DEUS,,CIDADE DE DEUS,-22.9518380000,-43.3546000000,"27/02/2019, 19:05:00",false,false,,Não identificado,,,false,0,0,0,0,0,0,0,0,0,0,0,0,0,0
24896,"Morro do Juramento - Vicente de Carvalho, Rio de Janeiro - RJ, Brasil",Sudeste,Rio de Janeiro,Rio de Janeiro,VICENTE DE CARVALHO,,MORRO DO JURAMENTO (COMPLEXO DO JURAMENTO),-22.8627778000,-43.3152778000,"27/02/2019, 19:11:00",false,false,,Não identificado,,,false,0,0,0,0,0,0,0,0,0,0,0,0,0,0
24907,"R. Maria Lopes - Madureira, Rio de Janeiro - RJ, Brasil",Sudeste,Rio de Janeiro,Rio de Janeiro,MADUREIRA,,,-22.8797229000,-43.3377757000,"27/02/2019, 20:00:00",false,false,,Tentativa/Roubo,,,false,1,0,0,0,0,0,0,0,0,0,0,0,0,0
24911,"Chapéu Mangueira - Leme, Rio de Janeiro - RJ, 22010-060, Brasil",Sudeste,Rio de Janeiro,Rio de Janeiro,LEME,,CHAPEU-MANGUEIRA,-22.9606560000,-43.1694892000,"28/02/2019, 03:00:00",true,true,PM,Ação policial,,,false,0,0,0,0,0,0,0,0,0,0,0,0,0,0
24908,"Alvorada, Complexo do Alemão, Rio de Janeiro - RJ, 21061-180, Brasil",Sudeste,Rio de Janeiro,Rio de Janeiro,COMPLEXO DO ALEMAO,,ALVORADA (COMPLEXO DO ALEMAO),-22.8624406000,-43.2747796000,"28/02/2019, 04:18:00",false,false,,Não identificado,,,false,0,0,0,0,0,0,0,0,0,0,0,0,0,0
24909,"Morro da Fé - Penha Circular, Rio de Janeiro - RJ, 21210-360, Brasil",Sudeste,Rio de Janeiro,Rio de Janeiro,PENHA CIRCULAR,,MORRO DA FE (COMPLEXO DA PENHA),-22.8469239000,-43.2969005000,"28/02/2019, 05:38:00",false,false,,Não identificado,,,false,0,0,0,0,0,0,0,0,0,0,0,0,0,0
24912,"Morro do Sereno - Penha Circular, Rio de Janeiro - RJ, 21210-154, Brasil",Sudeste,Rio de Janeiro,Rio de Janeiro,PENHA CIRCULAR,,MORRO DO SERENO (COMPLEXO DA PENHA),-22.8429787000,-43.2938186000,"28/02/2019, 06:22:00",false,false,,Não identificado,,,false,0,0,0,0,0,0,0,0,0,0,0,0,0,0
24914,"Morro do Sereno - Penha Circular, Rio de Janeiro - RJ, 21210-154, Brasil",Sudeste,Rio de Janeiro,Rio de Janeiro,PENHA CIRCULAR,,MORRO DO SERENO (COMPLEXO DA PENHA),-22.8429787000,-43.2938186000,"28/02/2019, 07:28:00",false,false,,Não identificado,,,false,0,0,0,0,0,0,0,0,0,0,0,0,0,0
24916,"Morro do Gambá -  Lins de Vasconcelos, Rio de Janeiro - RJ, Brasil",Sudeste,Rio de Janeiro,Rio de Janeiro,LINS DE VASCONCELOS,,MORRO DO GAMBA (COMPLEXO DO LINS),-22.9142752000,-43.2867987000,"28/02/2019, 09:30:00",false,false,,Não identificado,,,false,0,0,0,0,0,0,0,0,0,0,0,0,0,0
24921,"Morro do 18 - Piedade, Rio de Janeiro - RJ, 20740-380, Brasil",Sudeste,Rio de Janeiro,Rio de Janeiro,PIEDADE,,MORRO DO 18 (COMPLEXO DO 18),-22.9010027000,-43.3142396000,"28/02/2019, 13:45:00",false,false,,Não identificado,,,false,0,0,0,0,0,0,0,0,0,0,0,0,0,0
24923,"Morro do Adeus, Complexo do Alemão, Rio de Janeiro - RJ, Brasil",Sudeste,Rio de Janeiro,Rio de Janeiro,COMPLEXO DO ALEMAO,,MORRO DO ADEUS (COMPLEXO DO ALEMAO),-22.8654866000,-43.2619815000,"28/02/2019, 16:30:00",false,false,,Não identificado,,,false,0,0,0,0,0,0,0,0,0,0,0,0,0,0
24926,"R. Tomás Édison - Anchieta, Rio de Janeiro - RJ, 21645-640, Brasil",Sudeste,Rio de Janeiro,Rio de Janeiro,ANCHIETA,,PARQUE ESPERANCA (COMPLEXO DO CHAPADAO),-22.8225117000,-43.3954695000,"28/02/2019, 18:17:00",false,false,,Não identificado,,,false,0,0,0,0,0,0,0,0,0,0,0,0,0,0
24928,"R. Cajurana - Coelho Neto, Rio de Janeiro - RJ, 20765-630, Brasil",Sudeste,Rio de Janeiro,Rio de Janeiro,COELHO NETO,,,-22.8317430000,-43.3479052000,"28/02/2019, 20:03:00",false,false,,Não identificado,,,false,0,0,0,0,0,0,0,0,0,0,0,0,0,0
24930,"Ladeira dos Tabajaras, 50 - Copacabana, Rio de Janeiro - RJ, 22031-112, Brasil",Sudeste,Rio de Janeiro,Rio de Janeiro,COPACABANA,,LADEIRA DOS TABAJARAS,-22.9663052000,-43.1865305000,"28/02/2019, 21:12:00",false,false,,Não identificado,,,false,0,0,0,0,0,0,0,0,0,0,0,0,0,0
24947,"Estr. do Magarça - Campo Grande, Rio de Janeiro - RJ, Brasil",Sudeste,Rio de Janeiro,Rio de Janeiro,CAMPO GRANDE,,,-22.9428769000,-43.5923639000,"28/02/2019, 22:00:00",true,true,PM,Tentativa/Roubo,,,false,0,0,0,0,0,0,0,0,0,0,0,0,0,0
24931,"Rua Antônio Austregésilo - Complexo do Alemão, Rio de Janeiro - RJ, Brasil",Sudeste,Rio de Janeiro,Rio de Janeiro,COMPLEXO DO ALEMAO,,FAZENDINHA (COMPLEXO DO ALEMAO),-22.8658549000,-43.2764278000,"01/03/2019, 03:23:00",false,false,,Não identificado,,,false,0,0,0,0,0,0,0,0,0,0,0,0,0,0
24932,"Morro do São Carlos - Estácio, Rio de Janeiro - RJ, 20250-150, Brasil",Sudeste,Rio de Janeiro,Rio de Janeiro,ESTACIO,,MORRO DO SAO CARLOS (COMPLEXO DO SAO CARLOS),-22.9249912000,-43.1972821000,"01/03/2019, 03:31:00",true,true,BOPE,Operação policial,,,false,0,0,0,0,0,0,0,0,0,0,0,0,0,0
24945,"Morro dos Prazeres - Santa Teresa, Rio de Janeiro - RJ, Brasil",Sudeste,Rio de Janeiro,Rio de Janeiro,SANTA TERESA,,MORRO DOS PRAZERES,-22.9347222000,-43.2047222000,"01/03/2019, 04:30:00",true,true,BOPE,Operação policial,,,false,0,0,0,0,0,0,0,0,0,0,0,0,0,0
24939,"Alvorada, Complexo do Alemão, Rio de Janeiro - RJ, Brasil",Sudeste,Rio de Janeiro,Rio de Janeiro,COMPLEXO DO ALEMAO,,ALVORADA (COMPLEXO DO ALEMAO),-22.8612593000,-43.2758573000,"01/03/2019, 04:37:00",false,false,,Não identificado,,,false,0,0,0,0,0,0,0,0,0,0,0,0,0,0
24942,"Manguinhos, Rio de Janeiro - RJ, Brasil",Sudeste,Rio de Janeiro,Rio de Janeiro,MANGUINHOS,,COMPLEXO DE MANGUINHOS,-22.8830377000,-43.2457507000,"01/03/2019, 05:10:00",true,true,N�o identificado,Ação policial,,,false,0,0,0,0,0,0,0,0,0,0,0,0,0,0
24943,"Morro da Fé - Penha Circular, Rio de Janeiro - RJ, 21210-360, Brasil",Sudeste,Rio de Janeiro,Rio de Janeiro,PENHA CIRCULAR,,MORRO DA FE (COMPLEXO DA PENHA),-22.8469239000,-43.2969005000,"01/03/2019, 05:57:00",false,false,,Não identificado,,,false,0,0,0,0,0,0,0,0,0,0,0,0,0,0
24946,"Av. Min. Edgard Romero - Madureira, Rio de Janeiro - RJ, Brasil",Sudeste,Rio de Janeiro,Rio de Janeiro,MADUREIRA,,,-22.8667128000,-43.3345624000,"01/03/2019, 06:17:00",true,true,PM,Tentativa/Roubo,,,false,0,0,0,0,0,0,0,0,0,0,0,0,0,0
24949,"Morro do Sereno - Penha Circular, Rio de Janeiro - RJ, 21210-154, Brasil",Sudeste,Rio de Janeiro,Rio de Janeiro,PENHA CIRCULAR,,MORRO DO SERENO (COMPLEXO DA PENHA),-22.8436111000,-43.2936111000,"01/03/2019, 10:30:00",true,true,UPP (Complexo da Penha),Operação policial,,,false,0,0,0,0,0,0,0,0,0,0,0,0,0,0
24952,"Morro da Caixa D'água,  Quintino Bocaiuva, Rio de Janeiro - RJ, 20740-060, Brasil",Sudeste,Rio de Janeiro,Rio de Janeiro,QUINTINO BOCAIUVA,,MORRO DA CAIXA D'AGUA (COMPLEXO DO 18),-22.8932000000,-43.3172017000,"01/03/2019, 16:01:00",false,false,,Não identificado,,,false,0,0,0,0,0,0,0,0,0,0,0,0,0,0
24957,"Morro da Coroa, Catumbi, Rio de Janeiro - RJ, 20251-290, Brasil",Sudeste,Rio de Janeiro,Rio de Janeiro,CATUMBI,,MORRO DA COROA,-22.9234424000,-43.1952802000,"01/03/2019, 19:15:00",false,false,,Não identificado,,,false,0,0,0,0,0,0,0,0,0,0,0,0,0,0
24958,"Bangu, Rio de Janeiro - RJ, Brasil",Sudeste,Rio de Janeiro,Rio de Janeiro,BANGU,,,-22.8742263000,-43.4685442000,"01/03/2019, 19:24:00",false,false,,Não identificado,,,false,0,0,0,0,0,0,0,0,0,0,0,0,0,0
24959,"Morro do Adeus, Complexo do Alemão, Rio de Janeiro - RJ, Brasil",Sudeste,Rio de Janeiro,Rio de Janeiro,COMPLEXO DO ALEMAO,,MORRO DO ADEUS (COMPLEXO DO ALEMAO),-22.8654866000,-43.2619815000,"01/03/2019, 20:27:00",false,false,,Não identificado,,,false,0,0,0,0,0,0,0,0,0,0,0,0,0,0
24966,"Favela do Muquiço - Guadalupe, Rio de Janeiro - RJ, 21670-470, Brasil",Sudeste,Rio de Janeiro,Rio de Janeiro,GUADALUPE,,FAVELA DO MUQUICO,-22.8458942000,-43.3789977000,"02/03/2019, 03:00:00",false,false,,Não identificado,,,false,0,0,0,0,0,0,0,0,0,0,0,0,0,0
24961,"Morro do Engenho da Rainha - Pilares, Rio de Janeiro - RJ, 20760-691, Brasil",Sudeste,Rio de Janeiro,Rio de Janeiro,INHAUMA,,MORRO DO ENGENHO DA RAINHA,-22.8722222000,-43.2913889000,"02/03/2019, 03:47:00",false,false,,Não identificado,,,false,0,0,0,0,0,0,0,0,0,0,0,0,0,0
24970,"Morro do Urubu, Piedade, Rio de Janeiro - RJ, Brasil",Sudeste,Rio de Janeiro,Rio de Janeiro,PIEDADE,,MORRO DO URUBU (COMPLEXO DO URUBU),-22.8767150000,-43.3056223000,"02/03/2019, 06:48:00",false,false,,Não identificado,,,false,0,0,0,0,0,0,0,0,0,0,0,0,0,0
24969,"Morro do Urubu, Piedade, Rio de Janeiro - RJ, 20751-350, Brasil",Sudeste,Rio de Janeiro,Rio de Janeiro,PIEDADE,,MORRO DO URUBU (COMPLEXO DO URUBU),-22.8790740000,-43.3057159000,"02/03/2019, 07:48:00",false,false,,Não identificado,,,false,0,0,0,0,0,0,0,0,0,0,0,0,0,0
24972,"Linha Amarela - Bonsucesso, Rio de Janeiro - RJ, Brasil",Sudeste,Rio de Janeiro,Rio de Janeiro,BONSUCESSO,,,-22.8716509000,-43.2562752000,"02/03/2019, 09:50:00",true,true,PM,Ação policial,,,false,0,0,0,0,0,0,0,0,0,0,0,0,0,0
24974,"Pavão-Pavãozinho, Ipanema, Rio de Janeiro - RJ, 22071-060, Brasil",Sudeste,Rio de Janeiro,Rio de Janeiro,IPANEMA,,MORRO DO PAVAO-PAVAOZINHO,-22.9818862000,-43.1975712000,"02/03/2019, 14:15:00",false,false,,Não identificado,,,false,0,0,0,0,0,0,0,0,0,0,0,0,0,0
24977,"Cidade de Deus, Rio de Janeiro - RJ, Brasil",Sudeste,Rio de Janeiro,Rio de Janeiro,CIDADE DE DEUS,,CIDADE DE DEUS,-22.9481688000,-43.3626721000,"02/03/2019, 18:02:00",false,false,,Não identificado,,,false,0,0,0,0,0,0,0,0,0,0,0,0,0,0
24978,"Colégio, Rio de Janeiro - RJ, Brasil",Sudeste,Rio de Janeiro,Rio de Janeiro,COLEGIO,,,-22.8428941000,-43.3355731000,"02/03/2019, 18:16:00",false,false,,Não identificado,,,false,0,0,0,0,0,0,0,0,0,0,0,0,0,0
24976,"Morro da Formiga - Tijuca, Rio de Janeiro - RJ, Brasil",Sudeste,Rio de Janeiro,Rio de Janeiro,TIJUCA,,MORRO DA FORMIGA,-22.9441667000,-43.2408333000,"02/03/2019, 18:22:00",false,false,,Não identificado,,,false,0,0,0,0,0,0,0,0,0,0,0,0,0,0
24980,"R. Boiobi - Bangu, Rio de Janeiro - RJ, Brasil",Sudeste,Rio de Janeiro,Rio de Janeiro,BANGU,,,-22.8861231000,-43.4734621000,"02/03/2019, 19:10:00",false,false,,Não identificado,,,false,0,0,0,0,0,0,0,0,0,0,0,0,0,0
24979,"Morro do Fubá, Campinho, Rio de Janeiro - RJ, Brasil",Sudeste,Rio de Janeiro,Rio de Janeiro,CAMPINHO,,MORRO DO FUBA (COMPLEXO DO FUBA),-22.8874746000,-43.3419018000,"02/03/2019, 19:18:00",false,false,,Não identificado,,,false,0,0,0,0,0,0,0,0,0,0,0,0,0,0
24981,"Guadalupe, Rio de Janeiro - RJ, Brasil",Sudeste,Rio de Janeiro,Rio de Janeiro,GUADALUPE,,,-22.8401095000,-43.3780741000,"02/03/2019, 19:48:00",false,false,,Não identificado,,,false,0,0,0,0,0,0,0,0,0,0,0,0,0,0
24983,"Av. Marrocos, Vila Kennedy, Rio de Janeiro - RJ, 21852-590, Brasil",Sudeste,Rio de Janeiro,Rio de Janeiro,VILA KENNEDY,,VILA KENNEDY,-22.8595673000,-43.4917482000,"02/03/2019, 22:29:00",false,false,,Não identificado,,,false,0,0,0,0,0,0,0,0,0,0,0,0,0,0
24986,"Magali, Campo Grande, Rio de Janeiro - RJ, 23081-220, Brasil",Sudeste,Rio de Janeiro,Rio de Janeiro,CAMPO GRANDE,,,-22.8923796000,-43.5673015000,"03/03/2019, 02:50:00",false,false,,Não identificado,,,false,0,0,0,0,0,0,0,0,0,0,0,0,0,0
24987,"R. Congo, Vila Kennedy, Rio de Janeiro - RJ, Brasil",Sudeste,Rio de Janeiro,Rio de Janeiro,VILA KENNEDY,,VILA KENNEDY,-22.8620054000,-43.4901391000,"03/03/2019, 05:26:00",false,false,,Não identificado,,,false,0,0,0,0,0,0,0,0,0,0,0,0,0,0
24993,"Morro do São Carlos - Estácio, Rio de Janeiro - RJ, 20250-150, Brasil",Sudeste,Rio de Janeiro,Rio de Janeiro,CATUMBI,,MORRO DO SAO CARLOS (COMPLEXO DO SAO CARLOS),-22.9247536000,-43.1973215000,"03/03/2019, 08:30:00",true,true,PM,Operação policial,,,false,0,1,0,0,0,0,0,0,0,0,0,0,0,0
24990,"R. Canitar - Complexo do Alemão, Rio de Janeiro - RJ, Brasil",Sudeste,Rio de Janeiro,Rio de Janeiro,COMPLEXO DO ALEMAO,,MORRO DAS PALMEIRAS (COMPLEXO DO ALEMAO),-22.8604259000,-43.2818530000,"03/03/2019, 09:45:00",true,true,N�o identificado,Ação policial,,Outros,false,2,0,0,0,0,0,0,0,0,0,0,0,0,0
24991,"Alvorada, Complexo do Alemão, Rio de Janeiro - RJ, Brasil",Sudeste,Rio de Janeiro,Rio de Janeiro,COMPLEXO DO ALEMAO,,ALVORADA (COMPLEXO DO ALEMAO),-22.8624406000,-43.2747796000,"03/03/2019, 11:04:00",true,true,N�o identificado,Ação policial,,,false,0,0,0,0,0,0,0,0,0,0,0,0,0,0
24992,"R. Canitar - Complexo do Alemão, Rio de Janeiro - RJ, Brasil",Sudeste,Rio de Janeiro,Rio de Janeiro,COMPLEXO DO ALEMAO,,MORRO DAS PALMEIRAS (COMPLEXO DO ALEMAO),-22.8604259000,-43.2818530000,"03/03/2019, 11:14:00",true,true,N�o identificado,Ação policial,,,false,0,0,0,0,0,0,0,0,0,0,0,0,0,0
24999,"Mal. Hermes, Rio de Janeiro - RJ, Brasil",Sudeste,Rio de Janeiro,Rio de Janeiro,MARECHAL HERMES,,,-22.8599462000,-43.3698377000,"03/03/2019, 16:46:00",false,false,,Não identificado,,,false,0,0,0,0,0,0,0,0,0,0,0,0,0,0
25032,"Av. Lúcio Costa, 17980 - Recreio dos Bandeirantes, Rio de Janeiro - RJ, 22795-006, Brasil",Sudeste,Rio de Janeiro,Rio de Janeiro,RECREIO DOS BANDEIRANTES,,FAVELA PARQUE CHICO MENDES,-23.0307952000,-43.4717028000,"03/03/2019, 17:00:00",false,true,,Briga,,,false,0,0,0,0,0,0,0,0,0,0,0,0,0,0
24998,"Largo da Vivi, Complexo do Alemão, Rio de Janeiro - RJ, Brasil",Sudeste,Rio de Janeiro,Rio de Janeiro,COMPLEXO DO ALEMAO,,ESTRADA DO ITARARE (COMPLEXO DO ALEMAO),-22.8614507000,-43.2734237000,"03/03/2019, 17:42:00",false,false,,Não identificado,,,false,0,0,0,0,0,0,0,0,0,0,0,0,0,0
25000,"R. São Carlos, 1036 - Estácio, Rio de Janeiro - RJ, 20250-410, Brasil",Sudeste,Rio de Janeiro,Rio de Janeiro,ESTACIO,,MORRO DO SAO CARLOS (COMPLEXO DO SAO CARLOS),-22.9200243000,-43.2034750000,"03/03/2019, 17:50:00",false,false,,Não identificado,,,false,0,0,0,0,0,0,0,0,0,0,0,0,0,0
25017,"R. Veríssimo Machado - Rocha Miranda, Rio de Janeiro - RJ, Brasil",Sudeste,Rio de Janeiro,Rio de Janeiro,ROCHA MIRANDA,,,-22.8494608000,-43.3474795000,"03/03/2019, 19:00:00",false,false,,Tiros a esmo,,,false,0,0,0,0,0,0,0,0,0,0,0,0,0,0
25002,"Praça Montese - Mal. Hermes, Rio de Janeiro - RJ, 21610-470, Brasil",Sudeste,Rio de Janeiro,Rio de Janeiro,MARECHAL HERMES,,VILA 3 DE OUTUBRO,-22.8613254000,-43.3711823000,"03/03/2019, 20:34:00",false,true,,Briga,,,false,2,5,0,1,0,0,0,0,0,0,1,0,0,0
25009,"Colégio, Rio de Janeiro - RJ, Brasil",Sudeste,Rio de Janeiro,Rio de Janeiro,COLEGIO,,,-22.8428941000,-43.3355731000,"03/03/2019, 21:40:00",false,false,,Não identificado,,,false,0,0,0,0,0,0,0,0,0,0,0,0,0,0
25008,"Vidigal, Rio de Janeiro - RJ, Brasil",Sudeste,Rio de Janeiro,Rio de Janeiro,VIDIGAL,,VIDIGAL,-22.9939022000,-43.2358343000,"03/03/2019, 21:46:00",false,false,,Não identificado,,,false,0,0,0,0,0,0,0,0,0,0,0,0,0,0
25007,"Cidade de Deus, Rio de Janeiro - RJ, Brasil",Sudeste,Rio de Janeiro,Rio de Janeiro,CIDADE DE DEUS,,CIDADE DE DEUS,-22.9481688000,-43.3626721000,"03/03/2019, 22:18:00",false,false,,Não identificado,,,false,0,0,0,0,0,0,0,0,0,0,0,0,0,0
25010,"Estr. do Barro Vermelho - Colégio, Rio de Janeiro - RJ, Brasil",Sudeste,Rio de Janeiro,Rio de Janeiro,COLEGIO,,,-22.8456842000,-43.3385640000,"04/03/2019, 07:18:00",false,false,,Não identificado,,,false,0,0,0,0,0,0,0,0,0,0,0,0,0,0
25077,"R. Araújo Viana - Santo Cristo, Rio de Janeiro - RJ, Brasil",Sudeste,Rio de Janeiro,Rio de Janeiro,SANTO CRISTO,,MORRO DO PINTO,-22.9054238000,-43.2064610000,"04/03/2019, 10:00:00",true,true,PM,Ação policial,,,false,0,1,0,0,0,0,0,0,0,0,0,0,0,0
25015,"Bento Ribeiro, Rio de Janeiro - RJ, Brasil",Sudeste,Rio de Janeiro,Rio de Janeiro,BENTO RIBEIRO,,,-22.8668265000,-43.3632680000,"04/03/2019, 10:50:00",false,false,,Não identificado,,,false,0,0,0,0,0,0,0,0,0,0,0,0,0,0
25021,"Av. Vicente de Carvalho, Vicente de Carvalho, Rio de Janeiro - RJ, 21210-002, Brasil",Sudeste,Rio de Janeiro,Rio de Janeiro,VICENTE DE CARVALHO,,,-22.8521912000,-43.3125619000,"04/03/2019, 18:33:00",false,false,,Não identificado,,,false,0,0,0,0,0,0,0,0,0,0,0,0,0,0
25034,"Morro do São Carlos - Estácio, Rio de Janeiro - RJ, Brasil",Sudeste,Rio de Janeiro,Rio de Janeiro,ESTACIO,,MORRO DO SAO CARLOS (COMPLEXO DO SAO CARLOS),-22.9174766000,-43.2048028000,"05/03/2019, 05:54:00",false,false,,Não identificado,,,false,0,0,0,0,0,0,0,0,0,0,0,0,0,0
25037,"Morro do Cantagalo - Copacabana, Rio de Janeiro - RJ, Brasil",Sudeste,Rio de Janeiro,Rio de Janeiro,COPACABANA,,MORRO DO CANTAGALO,-22.9783333000,-43.1952778000,"05/03/2019, 14:41:00",true,true,N�o identificado,Ação policial,,,false,0,0,0,0,0,0,0,0,0,0,0,0,0,0
25049,"Conjuntão - Bangu, Rio de Janeiro - RJ, Brasil",Sudeste,Rio de Janeiro,Rio de Janeiro,BANGU,,CONJUNTO HABITACIONAL DOM JAIME CAMARA (CONJUNTAO),-22.8676223000,-43.4588279000,"05/03/2019, 23:49:00",false,false,,Não identificado,,,false,0,0,0,0,0,0,0,0,0,0,0,0,0,0
25048,"Ladeira dos Tabajaras 572 - Copacabana, Rio de Janeiro - RJ, Brasil",Sudeste,Rio de Janeiro,Rio de Janeiro,COPACABANA,,LADEIRA DOS TABAJARAS,-22.9632188000,-43.1904874000,"06/03/2019, 04:47:00",false,false,,Não identificado,,,false,0,0,0,0,0,0,0,0,0,0,0,0,0,0
25058,"Centro, Rio de Janeiro - RJ, 20071-002, Brasil",Sudeste,Rio de Janeiro,Rio de Janeiro,CENTRO,,,-22.9033322000,-43.1857913000,"06/03/2019, 05:00:00",false,false,,Tentativa/Roubo,,,false,0,0,0,0,0,0,0,0,0,0,0,0,0,0
25051,"R. Benedito Hipólito, Cidade Nova, Rio de Janeiro - RJ, 20211-130, Brasil",Sudeste,Rio de Janeiro,Rio de Janeiro,CIDADE NOVA,,,-22.9086155000,-43.1994568000,"06/03/2019, 06:20:00",true,true,N�o identificado,Tentativa/Roubo,,,false,0,1,0,0,0,0,0,0,0,0,0,0,0,0
25055,"Morro Jorge Turco  - Colégio, Rio de Janeiro - RJ, 21545-320, Brasil",Sudeste,Rio de Janeiro,Rio de Janeiro,COLEGIO,,MORRO JORGE TURCO,-22.8385140000,-43.3441540000,"06/03/2019, 08:25:00",false,false,,Não identificado,,,false,0,0,0,0,0,0,0,0,0,0,0,0,0,0
25057,"Morro da Light - Realengo, Rio de Janeiro - RJ, Brasil",Sudeste,Rio de Janeiro,Rio de Janeiro,REALENGO,,COMUNIDADE DA LIGHT (OU FAVELA DO ALMIRANTE),-22.8906281000,-43.4213801000,"06/03/2019, 14:15:00",false,false,,Não identificado,,,false,0,0,0,0,0,0,0,0,0,0,0,0,0,0
25060,"Rua Antônio Austregésilo - Complexo do Alemão, Rio de Janeiro - RJ, Brasil",Sudeste,Rio de Janeiro,Rio de Janeiro,COMPLEXO DO ALEMAO,,FAZENDINHA (COMPLEXO DO ALEMAO),-22.8658549000,-43.2764278000,"06/03/2019, 15:09:00",false,false,,Não identificado,,,false,0,0,0,0,0,0,0,0,0,0,0,0,0,0
25061,"Rua Flor de Maio, 17 - Rio Comprido, Rio de Janeiro - RJ, 20251-622, Brasil",Sudeste,Rio de Janeiro,Rio de Janeiro,RIO COMPRIDO,,FALLET/FOGUETEIRO,-22.9308190000,-43.2013140000,"06/03/2019, 15:21:00",false,false,,Não identificado,,,false,0,0,0,0,0,0,0,0,0,0,0,0,0,0
25069,"Av. Chrisóstomo Pimentel de Oliveira - Parque Anchieta, Rio de Janeiro - RJ, Brasil",Sudeste,Rio de Janeiro,Rio de Janeiro,ANCHIETA,,,-22.8187998000,-43.3932703000,"06/03/2019, 19:05:00",false,false,,Não identificado,,,false,0,0,0,0,0,0,0,0,0,0,0,0,0,0
25072,"Rua Barão, 40 - Praça Seca, Rio de Janeiro - RJ, 21321-620, Brasil",Sudeste,Rio de Janeiro,Rio de Janeiro,PRACA SECA,,MORRO SAO JOSE OPERARIO (OU MORRO DA BARAO),-22.9037010000,-43.3455356000,"06/03/2019, 20:05:00",false,false,,Não identificado,,,false,0,0,0,0,0,0,0,0,0,0,0,0,0,0
25073,"R. do Irerê, 264 - Bangu, Rio de Janeiro - RJ, 21875-230, Brasil",Sudeste,Rio de Janeiro,Rio de Janeiro,PADRE MIGUEL,,IAPI DE PADRE MIGUEL,-22.8714580000,-43.4504230000,"06/03/2019, 20:54:00",false,false,,Não identificado,,,false,0,0,0,0,0,0,0,0,0,0,0,0,0,0
25078,"Estr. dos Teixeiras - Taquara, Rio de Janeiro - RJ, Brasil",Sudeste,Rio de Janeiro,Rio de Janeiro,TAQUARA,,TEIXEIRAS,-22.9133505000,-43.4156585000,"07/03/2019, 05:20:00",true,true,PM,Operação policial,,,false,0,2,0,0,0,0,0,0,0,0,0,0,0,0
25079,"Pedrinha - Vidigal, Rio de Janeiro - RJ, Brasil",Sudeste,Rio de Janeiro,Rio de Janeiro,VIDIGAL,,VIDIGAL,-22.9965886000,-43.2460678000,"07/03/2019, 06:56:00",true,true,PM,Ação policial,,,false,0,1,0,0,0,0,0,0,0,0,0,0,0,0
25081,"Rua Olária (Barreira) - Acari, Rio de Janeiro, Brasil",Sudeste,Rio de Janeiro,Rio de Janeiro,ACARI,,FAVELA DE ACARI,-22.8255312000,-43.3444600000,"07/03/2019, 10:00:00",false,false,,Não identificado,,,false,0,0,0,0,0,0,0,0,0,0,0,0,0,0
25087,"R. São Francisco Xavier - Maracanã, Rio de Janeiro - RJ, Brasil",Sudeste,Rio de Janeiro,Rio de Janeiro,MARACANA,,,-22.9151643000,-43.2326214000,"07/03/2019, 12:44:00",true,true,N�o identificado,Ação policial,,Perseguição,false,0,0,0,0,0,0,0,0,0,0,0,0,0,0
25088,"Morro do Adeus, Complexo do Alemão, Rio de Janeiro - RJ, Brasil",Sudeste,Rio de Janeiro,Rio de Janeiro,COMPLEXO DO ALEMAO,,MORRO DO ADEUS (COMPLEXO DO ALEMAO),-22.8654866000,-43.2619815000,"07/03/2019, 14:30:00",false,false,,Não identificado,,,false,0,0,0,0,0,0,0,0,0,0,0,0,0,0
25095,"R. Leopoldo Bulhões - Manguinhos, Rio de Janeiro - RJ, Brasil",Sudeste,Rio de Janeiro,Rio de Janeiro,MANGUINHOS,,COMPLEXO DE MANGUINHOS,-22.8820321000,-43.2496748000,"07/03/2019, 18:24:00",false,false,,Não identificado,,,false,0,0,0,0,0,0,0,0,0,0,0,0,0,0
25096,"R. Agenor Moreira - Andarai, Rio de Janeiro - RJ, Brasil",Sudeste,Rio de Janeiro,Rio de Janeiro,ANDARAI,,,-22.9245374000,-43.2485740000,"07/03/2019, 18:54:00",false,false,,Homicidio/Tentativa,,,false,1,0,0,0,0,0,0,0,0,0,0,0,0,0
25097,"Pavão-Pavãozinho, Copacabana, Rio de Janeiro - RJ, 22071-060, Brasil",Sudeste,Rio de Janeiro,Rio de Janeiro,COPACABANA,,MORRO DO PAVAO-PAVAOZINHO,-22.9807270000,-43.1945870000,"07/03/2019, 19:25:00",true,true,PM,Ação policial,,,false,0,0,0,0,0,0,0,0,0,0,0,0,0,0
25101,"Batô, Praça Seca, Rio de Janeiro - RJ, 22733-120, Brasil",Sudeste,Rio de Janeiro,Rio de Janeiro,PRACA SECA,,FAVELA BATEAU MOUCHE,-22.9048084000,-43.3550791000,"07/03/2019, 19:44:00",false,false,,Não identificado,,,false,0,0,0,0,0,0,0,0,0,0,0,0,0,0
25102,"Av. de Santa Cruz, 6.486 - Senador Camará, Rio de Janeiro - RJ, 21830-264, Brasil",Sudeste,Rio de Janeiro,Rio de Janeiro,SENADOR CAMARA,,,-22.8824760000,-43.4833530000,"07/03/2019, 19:45:00",false,false,,Homicidio/Tentativa,,,false,1,0,0,0,0,0,0,0,0,0,0,0,0,0
25105,"R. João Vicente - Bento Ribeiro, Rio de Janeiro - RJ, Brasil",Sudeste,Rio de Janeiro,Rio de Janeiro,BENTO RIBEIRO,,LOTEAMENTO BENTO RIBEIRO,-22.8646137000,-43.3621545000,"07/03/2019, 20:47:00",false,false,,Não identificado,,,false,0,0,0,0,0,0,0,0,0,0,0,0,0,0
25109,"Valão, Rocinha, Rio de Janeiro - RJ, 22795-155, Brasil",Sudeste,Rio de Janeiro,Rio de Janeiro,ROCINHA,,ROCINHA,-22.9917960000,-43.2502970000,"08/03/2019, 00:37:00",false,false,,Não identificado,,,false,0,0,0,0,0,0,0,0,0,0,0,0,0,0
25110,"Acari, Rio de Janeiro - RJ, Brasil",Sudeste,Rio de Janeiro,Rio de Janeiro,ACARI,,,-22.8255312000,-43.3444600000,"08/03/2019, 02:36:00",false,false,,Não identificado,,,false,0,0,0,0,0,0,0,0,0,0,0,0,0,0
25111,"Complexo do Alemão, Rio de Janeiro - RJ, Brasil",Sudeste,Rio de Janeiro,Rio de Janeiro,COMPLEXO DO ALEMAO,,COMPLEXO DO ALEMAO,-22.8593331000,-43.2754759000,"08/03/2019, 02:37:00",false,false,,Não identificado,,,false,0,0,0,0,0,0,0,0,0,0,0,0,0,0
25113,"R. Tôrres Homem, Morro dos Macacos,  Vila Isabel, Rio de Janeiro - RJ, Brasil",Sudeste,Rio de Janeiro,Rio de Janeiro,VILA ISABEL,,MORRO DOS MACACOS,-22.9148773000,-43.2509408000,"08/03/2019, 02:53:00",false,false,,Não identificado,,,false,0,0,0,0,0,0,0,0,0,0,0,0,0,0
25114,"Rua arnaldo Murineli, Anchieta, Rio de Janeiro - RJ, 21620-241, Brasil",Sudeste,Rio de Janeiro,Rio de Janeiro,ANCHIETA,,,-22.8265322000,-43.4057735000,"08/03/2019, 03:00:00",true,true,PM,Ação policial,,,false,0,1,0,0,0,0,0,0,0,0,0,0,0,0
25121,"Largo do Boiadeiro, Rocinha, Rio de Janeiro - RJ, Brasil",Sudeste,Rio de Janeiro,Rio de Janeiro,ROCINHA,,ROCINHA,-22.9879841000,-43.2479825000,"08/03/2019, 04:00:00",true,true,PM,Ação policial,,,false,0,0,1,0,0,0,0,0,0,0,0,0,0,0
25122,"Fazendinha - Complexo do Alemão, Rio de Janeiro - RJ, 20766-120, Brasil",Sudeste,Rio de Janeiro,Rio de Janeiro,COMPLEXO DO ALEMAO,,FAZENDINHA (COMPLEXO DO ALEMAO),-22.8636170000,-43.2791188000,"08/03/2019, 05:19:00",true,true,PC,Operação policial,,Tiros de Helicóptero,false,0,0,0,0,0,0,0,0,0,0,0,0,0,0
25130,"Camarista Méier, Complexo do Lins - Engenho de Dentro, Rio de Janeiro - RJ, 20730-235, Brasil",Sudeste,Rio de Janeiro,Rio de Janeiro,ENGENHO DE DENTRO,,MORRO DA CAMARISTA (COMPLEXO DO LINS),-22.9124258000,-43.2973151000,"08/03/2019, 05:20:00",false,false,,Não identificado,,,false,0,0,0,0,0,0,0,0,0,0,0,0,0,0
25124,"Morro do São Carlos - Estácio, Rio de Janeiro - RJ, Brasil",Sudeste,Rio de Janeiro,Rio de Janeiro,ESTACIO,,MORRO DO SAO CARLOS (COMPLEXO DO SAO CARLOS),-22.9174766000,-43.2048028000,"08/03/2019, 06:02:00",false,false,,Não identificado,,,false,0,0,0,0,0,0,0,0,0,0,0,0,0,0
25125,"Morro do Adeus, Complexo do Alemão, Rio de Janeiro - RJ, Brasil",Sudeste,Rio de Janeiro,Rio de Janeiro,COMPLEXO DO ALEMAO,,MORRO DO ADEUS (COMPLEXO DO ALEMAO),-22.8654866000,-43.2619815000,"08/03/2019, 06:06:00",false,false,,Não identificado,,,false,0,0,0,0,0,0,0,0,0,0,0,0,0,0
25126,"Fazendinha - Complexo do Alemão, Rio de Janeiro - RJ, 20766-120, Brasil",Sudeste,Rio de Janeiro,Rio de Janeiro,COMPLEXO DO ALEMAO,,FAZENDINHA (COMPLEXO DO ALEMAO),-22.8636170000,-43.2791188000,"08/03/2019, 06:58:00",false,false,,Não identificado,,,false,0,0,0,0,0,0,0,0,0,0,0,0,0,0
25129,"R. Canitar, Complexo do Alemão, Rio de Janeiro - RJ, Brasil",Sudeste,Rio de Janeiro,Rio de Janeiro,COMPLEXO DO ALEMAO,,MORRO DAS PALMEIRAS (COMPLEXO DO ALEMAO),-22.8603985000,-43.2821082000,"08/03/2019, 07:57:00",false,false,,Não identificado,,,false,0,0,0,0,0,0,0,0,0,0,0,0,0,0
25135,"Parque União - Maré, Rio de Janeiro - RJ, Brasil",Sudeste,Rio de Janeiro,Rio de Janeiro,MARE,,PARQUE UNIAO (COMPLEXO DA MARE),-22.8504233000,-43.2425756000,"08/03/2019, 10:09:00",false,false,,Não identificado,,,false,0,0,0,0,0,0,0,0,0,0,0,0,0,0
25141,"Favela Kelson's - Penha Circular, Rio de Janeiro - RJ, 21011-725, Brasil",Sudeste,Rio de Janeiro,Rio de Janeiro,PENHA CIRCULAR,,FAVELA DA KELSONS,-22.8220180000,-43.2715910000,"08/03/2019, 12:00:00",true,true,PM,Operação policial,,,false,1,0,0,0,0,0,0,0,0,0,0,0,0,0
25142,"Barros Filho, Rio de Janeiro - RJ, Brasil",Sudeste,Rio de Janeiro,Rio de Janeiro,BARROS FILHO,,,-22.8356214000,-43.3639961000,"08/03/2019, 12:30:00",true,true,PM,Operação policial,,,false,0,0,0,0,0,0,0,0,0,0,0,0,0,0
25143,"R. Voluntários da Pátria - Botafogo, Rio de Janeiro - RJ, 22270-000, Brasil",Sudeste,Rio de Janeiro,Rio de Janeiro,BOTAFOGO,,,-22.9533252000,-43.1898064000,"08/03/2019, 14:00:00",true,true,N�o identificado,Tentativa/Roubo,,,false,0,0,0,0,0,0,0,0,0,0,0,0,0,0
25144,"Morro do Adeus, Complexo do Alemão, Rio de Janeiro - RJ, Brasil",Sudeste,Rio de Janeiro,Rio de Janeiro,COMPLEXO DO ALEMAO,,MORRO DO ADEUS (COMPLEXO DO ALEMAO),-22.8654866000,-43.2619815000,"08/03/2019, 15:35:00",false,false,,Não identificado,,,false,0,0,0,0,0,0,0,0,0,0,0,0,0,0
25145,"Principal, Vidigal, Rio de Janeiro - RJ, Brasil",Sudeste,Rio de Janeiro,Rio de Janeiro,VIDIGAL,,VIDIGAL,-22.9939022000,-43.2358343000,"08/03/2019, 16:00:00",false,false,,Não identificado,,,false,0,0,0,0,0,0,0,0,0,0,0,0,0,0
25146,"AP, Cidade de Deus, Rio de Janeiro - RJ, Brasil",Sudeste,Rio de Janeiro,Rio de Janeiro,CIDADE DE DEUS,,CIDADE DE DEUS,-22.9481688000,-43.3626721000,"08/03/2019, 16:44:00",true,true,PM,Ação policial,,,false,0,2,0,0,0,0,0,0,0,0,0,0,0,0
25147,"Parte Alta, Vidigal, Rio de Janeiro - RJ, 22450-270, Brasil",Sudeste,Rio de Janeiro,Rio de Janeiro,VIDIGAL,,VIDIGAL,-22.9930110000,-43.2379456000,"08/03/2019, 18:13:00",false,false,,Não identificado,,,false,0,0,0,0,0,0,0,0,0,0,0,0,0,0
25153,"Parte Baixa, Vidigal, Rio de Janeiro - RJ, 22452-694, Brasil",Sudeste,Rio de Janeiro,Rio de Janeiro,VIDIGAL,,VIDIGAL,-22.9957534000,-43.2442359000,"08/03/2019, 20:11:00",false,false,,Não identificado,,,false,0,0,0,0,0,0,0,0,0,0,0,0,0,0
25158,"Morro dos Macacos, Vila Isabel, Rio de Janeiro - RJ, Brasil",Sudeste,Rio de Janeiro,Rio de Janeiro,VILA ISABEL,,MORRO DOS MACACOS,-22.9110577000,-43.2564735000,"09/03/2019, 02:00:00",false,false,,Disputa,,,false,0,0,0,0,0,0,0,0,0,0,0,0,0,0
25154,"Ladeira Santa Maria, Jacarepagua, Rio de Janeiro - RJ, 22723-175, Brasil",Sudeste,Rio de Janeiro,Rio de Janeiro,JACAREPAGUA,,COMUNIDADE SANTA MARIA,-22.9141050000,-43.4196990000,"09/03/2019, 02:20:00",false,false,,Não identificado,,,false,0,0,0,0,0,0,0,0,0,0,0,0,0,0
25160,"Morro dos Macacos, Vila Isabel, Rio de Janeiro - RJ, Brasil",Sudeste,Rio de Janeiro,Rio de Janeiro,VILA ISABEL,,MORRO DOS MACACOS,-22.9110577000,-43.2564735000,"09/03/2019, 03:27:00",false,false,,Não identificado,,,false,0,0,0,0,0,0,0,0,0,0,0,0,0,0
25168,"Morro São Carlos - Estácio, Rio de Janeiro - RJ, Brasil",Sudeste,Rio de Janeiro,Rio de Janeiro,ESTACIO,,MORRO DO SAO CARLOS (COMPLEXO DO SAO CARLOS),-22.9174766000,-43.2048028000,"09/03/2019, 03:35:00",false,false,,Não identificado,,,false,0,0,0,0,0,0,0,0,0,0,0,0,0,0
25165,"Morro dos Macacos, Vila Isabel, Rio de Janeiro - RJ, Brasil",Sudeste,Rio de Janeiro,Rio de Janeiro,VILA ISABEL,,MORRO DOS MACACOS,-22.9110577000,-43.2564735000,"09/03/2019, 05:23:00",false,false,,Não identificado,,,false,0,0,0,0,0,0,0,0,0,0,0,0,0,0
25176,"Bairro 13 - Barros Filho, Rio de Janeiro - RJ, Brasil",Sudeste,Rio de Janeiro,Rio de Janeiro,BARROS FILHO,,CONJUNTO DO BAIRRO 13 (COMPLEXO DA PEDREIRA),-22.8355741000,-43.3638617000,"09/03/2019, 09:30:00",true,true,N�o identificado,Ação policial,,,false,0,0,0,0,0,0,0,0,0,0,0,0,0,0
25172,"Estr. do Camboatá,  Guadalupe, Rio de Janeiro - RJ, 21665-001, Brasil",Sudeste,Rio de Janeiro,Rio de Janeiro,GUADALUPE,,FAVELA FAZ QUEM QUER,-22.8340380000,-43.3794100000,"09/03/2019, 10:00:00",false,false,,Não identificado,,,false,0,0,0,0,0,0,0,0,0,0,0,0,0,0
25178,"Morro do Adeus, Complexo do Alemão, Rio de Janeiro - RJ, Brasil",Sudeste,Rio de Janeiro,Rio de Janeiro,COMPLEXO DO ALEMAO,,MORRO DO ADEUS (COMPLEXO DO ALEMAO),-22.8649973000,-43.2612580000,"09/03/2019, 13:01:00",false,false,,Não identificado,,,false,0,0,0,0,0,0,0,0,0,0,0,0,0,0
25186,"R. Pintor Leandro Joaquim,  Cidade de Deus, Rio de Janeiro - RJ, 22770-650, Brasil",Sudeste,Rio de Janeiro,Rio de Janeiro,CIDADE DE DEUS,,CIDADE DE DEUS,-22.9449815000,-43.3640647000,"09/03/2019, 18:13:00",true,true,PM,Ação policial,,,false,2,0,0,0,0,0,0,0,0,0,0,0,0,0
25187,"R. Vinte e Quatro de Maio  - São Francisco Xavier, Rio de Janeiro - RJ, 20950-090, Brasil",Sudeste,Rio de Janeiro,Rio de Janeiro,SAO FRANCISCO XAVIER,,,-22.9020429000,-43.2459364000,"09/03/2019, 18:17:00",false,false,,Não identificado,,,false,0,0,0,0,0,0,0,0,0,0,0,0,0,0
25190,"Morro do Adeus, Complexo do Alemão, Rio de Janeiro - RJ, Brasil",Sudeste,Rio de Janeiro,Rio de Janeiro,COMPLEXO DO ALEMAO,,MORRO DO ADEUS (COMPLEXO DO ALEMAO),-22.8654866000,-43.2619815000,"09/03/2019, 20:51:00",false,false,,Não identificado,,,false,0,0,0,0,0,0,0,0,0,0,0,0,0,0
25193,"Rua do Cajá, Vila Cruzeiro, Complexo da Penha, Rio de Janeiro - RJ, Brasil",Sudeste,Rio de Janeiro,Rio de Janeiro,PENHA,,VILA CRUZEIRO (COMPLEXO DA PENHA),-22.8442610000,-43.2876046000,"10/03/2019, 03:09:00",true,true,N�o identificado,Operação policial,,Tiroteio contínuo,false,0,1,0,1,0,0,0,0,0,0,0,1,0,0
25194,"Vila Cruzeiro - Penha, Rio de Janeiro - RJ, 21070-370, Brasil",Sudeste,Rio de Janeiro,Rio de Janeiro,PENHA,,VILA CRUZEIRO (COMPLEXO DA PENHA),-22.8487441000,-43.2828813000,"10/03/2019, 04:11:00",true,true,N�o identificado,Ação policial,,,false,0,0,0,0,0,0,0,0,0,0,0,0,0,0
25195,"Vila Cruzeiro - Penha, Rio de Janeiro - RJ, 21070-370, Brasil",Sudeste,Rio de Janeiro,Rio de Janeiro,PENHA,,VILA CRUZEIRO (COMPLEXO DA PENHA),-22.8487441000,-43.2828813000,"10/03/2019, 05:23:00",true,true,N�o identificado,Ação policial,,,false,0,0,0,0,0,0,0,0,0,0,0,0,0,0
25196,"Manilha, Vila Kennedy, Rio de Janeiro - RJ, 21850-020, Brasil",Sudeste,Rio de Janeiro,Rio de Janeiro,VILA KENNEDY,,VILA KENNEDY,-22.8604006000,-43.4884116000,"10/03/2019, 05:25:00",false,false,,Não identificado,,,false,0,0,0,0,0,0,0,0,0,0,0,0,0,0
25199,"R. Min. Moreira de Abreu - Olaria, Rio de Janeiro - RJ, Brasil",Sudeste,Rio de Janeiro,Rio de Janeiro,OLARIA,,FURAO (COMPLEXO DA PENHA),-22.8522579000,-43.2810982000,"10/03/2019, 07:00:00",false,false,,Não identificado,,,false,0,0,0,0,0,0,0,0,0,0,0,0,0,0
25200,"Morro da Fé - Penha Circular, Rio de Janeiro - RJ, 21210-360, Brasilé",Sudeste,Rio de Janeiro,Rio de Janeiro,PENHA CIRCULAR,,MORRO DA FE (COMPLEXO DA PENHA),-22.8468228000,-43.2973539000,"10/03/2019, 08:41:00",false,false,,Não identificado,,,false,0,0,0,0,0,0,0,0,0,0,0,0,0,0
25202,"Merendiba, Complexo da Penha, Rio de Janeiro - RJ, 21070-520, Brasil",Sudeste,Rio de Janeiro,Rio de Janeiro,OLARIA,,MORRO DA MERENDIBA (COMPLEXO DA PENHA),-22.8473310000,-43.2754000000,"10/03/2019, 11:45:00",false,false,,Não identificado,,,false,0,0,0,0,0,0,0,0,0,0,0,0,0,0
25206,"Merendiba, Complexo da Penha, Rio de Janeiro - RJ, 21070-520, Brasil",Sudeste,Rio de Janeiro,Rio de Janeiro,OLARIA,,MORRO DA MERENDIBA (COMPLEXO DA PENHA),-22.8473310000,-43.2754000000,"10/03/2019, 16:23:00",false,false,,Não identificado,,,false,0,0,0,0,0,0,0,0,0,0,0,0,0,0
25209,"Morro dos Macacos, Vila Isabel, Rio de Janeiro - RJ, Brasil",Sudeste,Rio de Janeiro,Rio de Janeiro,VILA ISABEL,,MORRO DOS MACACOS,-22.9107698000,-43.2540424000,"10/03/2019, 18:55:00",false,false,,Não identificado,,,false,0,0,0,0,0,0,0,0,0,0,0,0,0,0
25212,"Vila kennedy, Rio de Janeiro - RJ, 21850-430, Brasil",Sudeste,Rio de Janeiro,Rio de Janeiro,VILA KENNEDY,,VILA KENNEDY,-22.8581095000,-43.4875308000,"10/03/2019, 20:46:00",false,false,,Não identificado,,,false,0,0,0,0,0,0,0,0,0,0,0,0,0,0
25213,"Morro dos Macacos, Vila Isabel, Rio de Janeiro - RJ, 20551-230, Brasil",Sudeste,Rio de Janeiro,Rio de Janeiro,VILA ISABEL,,MORRO DOS MACACOS,-22.9136108000,-43.2584029000,"10/03/2019, 22:38:00",true,true,UPP (Macacos),Ação policial,,,false,0,2,0,0,0,0,0,0,0,0,0,1,0,0
25214,"Pantanal, Cidade de Deus, Freguesia Jacarepagua, Rio de Janeiro - RJ, 22763-050, Brasil",Sudeste,Rio de Janeiro,Rio de Janeiro,CIDADE DE DEUS,,CIDADE DE DEUS,-22.9466740000,-43.3536490000,"11/03/2019, 03:06:00",true,true,N�o identificado,Operação policial,,,false,0,0,0,0,0,0,0,0,0,0,0,0,0,0
25215,"Morro do Dezoito, Água Santa, Rio de Janeiro - RJ, Brasil",Sudeste,Rio de Janeiro,Rio de Janeiro,AGUA SANTA,,MORRO DO 18 (COMPLEXO DO 18),-22.9023840000,-43.3168090000,"11/03/2019, 03:55:00",true,true,PM,Operação policial,,,false,0,0,0,0,0,0,0,0,0,0,0,0,0,0
25217,"Bariri, Cidade de Deus, Rio de Janeiro - RJ, 22763-275, Brasil",Sudeste,Rio de Janeiro,Rio de Janeiro,CIDADE DE DEUS,,CIDADE DE DEUS,-22.9495500000,-43.3573030000,"11/03/2019, 05:37:00",false,false,,Não identificado,,,false,0,0,0,0,0,0,0,0,0,0,0,0,0,0
25218,"Pantanal, Cidade de Deus, Freguesia Jacarepagua, Rio de Janeiro - RJ, 22763-050, Brasil",Sudeste,Rio de Janeiro,Rio de Janeiro,CIDADE DE DEUS,,CIDADE DE DEUS,-22.9462857000,-43.3533009000,"11/03/2019, 07:29:00",true,true,N�o identificado,Ação policial,,,false,0,0,0,0,0,0,0,0,0,0,0,0,0,0
25219,"Morro da Saçu - Quintino Bocaiuva, Rio de Janeiro - RJ, Brasil",Sudeste,Rio de Janeiro,Rio de Janeiro,QUINTINO BOCAIUVA,,MORRO DO SACU (COMPLEXO DO 18),-22.8960142000,-43.3213563000,"11/03/2019, 08:01:00",true,true,PM,Operação policial,,,false,0,2,0,0,0,0,0,0,0,0,0,0,0,0
25220,"Morro da Caixa d'Água, Tanque, Rio de Janeiro - RJ, 22733-140, Brasil",Sudeste,Rio de Janeiro,Rio de Janeiro,TANQUE,,MORRO DA CAIXA D'AGUA (TANQUE),-22.9130480000,-43.3561610000,"11/03/2019, 08:49:00",false,false,,Não identificado,,,false,0,0,0,0,0,0,0,0,0,0,0,0,0,0
25221,"Morro do Dezoito, Água Santa, Rio de Janeiro - RJ, Brasil",Sudeste,Rio de Janeiro,Rio de Janeiro,AGUA SANTA,,MORRO DO 18 (COMPLEXO DO 18),-22.9023840000,-43.3168090000,"11/03/2019, 09:28:00",false,false,,Não identificado,,,false,0,0,0,0,0,0,0,0,0,0,0,0,0,0
25230,"R. São Luiz Gonzaga - Benfica, Rio de Janeiro - RJ, Brasil",Sudeste,Rio de Janeiro,Rio de Janeiro,BENFICA,,,-22.8965033000,-43.2368529000,"11/03/2019, 12:30:00",true,true,UPP (Arar� /Mandela),Ação policial,,,false,0,1,0,0,0,0,0,0,0,0,0,0,0,0
25227,"Paulo Brito, Rocinha, Rio de Janeiro - RJ, 22451-264, Brasil",Sudeste,Rio de Janeiro,Rio de Janeiro,ROCINHA,,ROCINHA,-22.9871601000,-43.2469573000,"11/03/2019, 13:00:00",false,false,,Não identificado,,,false,0,0,0,0,0,0,0,0,0,0,0,0,0,0
25229,"Morro do Urubu, Pilares, Rio de Janeiro - RJ, Brasil",Sudeste,Rio de Janeiro,Rio de Janeiro,PILARES,,MORRO DO URUBU (COMPLEXO DO URUBU),-22.8759836000,-43.3024082000,"11/03/2019, 13:39:00",true,true,PM,Operação policial,,,false,0,1,0,0,0,0,0,0,0,0,0,0,0,0
25232,"R. Dr. Carlos Gross - Praça Seca, Rio de Janeiro - RJ, Brasil",Sudeste,Rio de Janeiro,Rio de Janeiro,PRACA SECA,,FAVELA MORRO DO DIVINO,-22.8923484000,-43.3435588000,"11/03/2019, 16:04:00",false,false,,Disputa,,,false,0,0,0,0,0,0,0,0,0,0,0,0,0,0
25236,"Fumacê, Realengo, Rio de Janeiro - RJ, 21735-220, Brasil",Sudeste,Rio de Janeiro,Rio de Janeiro,REALENGO,,FUMACE,-22.8672340000,-43.4238450000,"11/03/2019, 17:29:00",false,false,,Não identificado,,,false,0,0,0,0,0,0,0,0,0,0,0,0,0,0
25235,"R. Japurá - Praça Seca, Rio de Janeiro - RJ, Brasil",Sudeste,Rio de Janeiro,Rio de Janeiro,PRACA SECA,,,-22.8969521000,-43.3457912000,"11/03/2019, 17:33:00",false,false,,Não identificado,,,false,0,0,0,0,0,0,0,0,0,0,0,0,0,0
25238,"R. Dr. Bernardino - Praça Seca, Rio de Janeiro - RJ, Brasil",Sudeste,Rio de Janeiro,Rio de Janeiro,PRACA SECA,,,-22.8954241000,-43.3494644000,"11/03/2019, 18:26:00",false,false,,Não identificado,,,false,0,0,0,0,0,0,0,0,0,0,0,0,0,0
25240,"R. Min. Moreira de Abreu, Complexo da Penha, Rio de Janeiro - RJ, 21071-485, Brasil",Sudeste,Rio de Janeiro,Rio de Janeiro,OLARIA,,FURAO (COMPLEXO DA PENHA),-22.8525920000,-43.2824740000,"11/03/2019, 19:00:00",true,true,UPP (Complexo da Penha),Ação policial,,,false,0,0,0,0,0,0,0,0,0,0,0,0,0,0
25243,"R. Uranos - Ramos, Rio de Janeiro - RJ, Brasil",Sudeste,Rio de Janeiro,Rio de Janeiro,RAMOS,,,-22.8536463000,-43.2619369000,"11/03/2019, 20:36:00",false,false,,Não identificado,,,false,0,0,0,0,0,0,0,0,0,0,0,0,0,0
25244,"R. Marmiari - Senador Camará, Rio de Janeiro - RJ, Brasil",Sudeste,Rio de Janeiro,Rio de Janeiro,SENADOR CAMARA,,COMPLEXO DO SAPO DE CAMARA,-22.8898740000,-43.4824518000,"11/03/2019, 23:13:00",false,false,,Não identificado,,,false,0,0,0,0,0,0,0,0,0,0,0,0,0,0
25246,"Favela do Muquiço - Guadalupe, Rio de Janeiro - RJ, 21670-470, Brasil",Sudeste,Rio de Janeiro,Rio de Janeiro,GUADALUPE,,FAVELA DO MUQUICO,-22.8506480000,-43.3777802000,"12/03/2019, 03:19:00",false,false,,Não identificado,,,false,0,0,0,0,0,0,0,0,0,0,0,0,0,0
25247,"Ladeira dos Tabajaras 572 - Copacabana, Rio de Janeiro - RJ, Brasil",Sudeste,Rio de Janeiro,Rio de Janeiro,COPACABANA,,LADEIRA DOS TABAJARAS,-22.9631913000,-43.1903233000,"12/03/2019, 04:44:00",false,false,,Não identificado,,,false,0,0,0,0,0,0,0,0,0,0,0,0,0,0
25250,"R. 2 - Rocinha, Rio de Janeiro - RJ, 22451-265, Brasil",Sudeste,Rio de Janeiro,Rio de Janeiro,ROCINHA,,ROCINHA,-22.9893864000,-43.2457753000,"12/03/2019, 05:20:00",true,true,PM,Ação policial,,,false,1,0,0,0,0,0,0,0,0,0,0,0,0,0
25251,"R. Zâmbia , Vila Kennedy, Rio de Janeiro - RJ, 21850-510, Brasil",Sudeste,Rio de Janeiro,Rio de Janeiro,VILA KENNEDY,,VILA KENNEDY,-22.8584070000,-43.4894630000,"12/03/2019, 05:40:00",false,false,,Não identificado,,,false,0,0,0,0,0,0,0,0,0,0,0,0,0,0
25257,"Praça Seca, Rio de Janeiro - RJ, Brasil",Sudeste,Rio de Janeiro,Rio de Janeiro,PRACA SECA,,,-22.8969198000,-43.3516802000,"12/03/2019, 05:59:00",true,true,N�o identificado,Operação policial,,,false,0,0,0,0,0,0,0,0,0,0,0,0,0,0
25254,"Morro dos Macacos, Vila Isabel, Rio de Janeiro - RJ, 20551-230, Brasil",Sudeste,Rio de Janeiro,Rio de Janeiro,VILA ISABEL,,MORRO DOS MACACOS,-22.9135675000,-43.2556792000,"12/03/2019, 07:15:00",false,false,,Não identificado,,,false,0,0,0,0,0,0,0,0,0,0,0,0,0,0
25255,"R. Leopoldo Bulhões - Manguinhos, Rio de Janeiro - RJ, Brasil",Sudeste,Rio de Janeiro,Rio de Janeiro,MANGUINHOS,,COMPLEXO DE MANGUINHOS,-22.8820321000,-43.2496748000,"12/03/2019, 07:18:00",true,true,UPP (Manguinhos),Operação policial,,,false,1,0,0,0,0,0,0,0,0,0,0,0,0,0
25256,"Morro do Borel - Tijuca, Rio de Janeiro - RJ, Brasil",Sudeste,Rio de Janeiro,Rio de Janeiro,TIJUCA,,MORRO DO BOREL,-22.9385622000,-43.2521052000,"12/03/2019, 08:10:00",false,false,,Não identificado,,,false,0,0,0,0,0,0,0,0,0,0,0,0,0,0
25258,"R. Cap. Machado - Praça Seca, Rio de Janeiro - RJ, Brasil",Sudeste,Rio de Janeiro,Rio de Janeiro,PRACA SECA,,,-22.8952631000,-43.3467620000,"12/03/2019, 09:15:00",false,false,,Não identificado,,,false,0,0,0,0,0,0,0,0,0,0,0,0,0,0
25261,"Morro do Dezoito - Água Santa, Rio de Janeiro - RJ, Brasil",Sudeste,Rio de Janeiro,Rio de Janeiro,AGUA SANTA,,MORRO DO 18 (COMPLEXO DO 18),-22.9023840000,-43.3168090000,"12/03/2019, 09:25:00",false,false,,Não identificado,,,false,0,0,0,0,0,0,0,0,0,0,0,0,0,0
25267,"R. do Monjolo - Pitangueiras, Rio de Janeiro - RJ, 21930-376, Brasil",Sudeste,Rio de Janeiro,Rio de Janeiro,PITANGUEIRAS,,,-22.8168630000,-43.1799851000,"12/03/2019, 11:55:00",true,true,PM,Operação policial,,,false,1,0,0,0,0,0,0,0,0,0,0,0,0,0
25264,"Vila Vintém - Padre Miguel, Rio de Janeiro - RJ, 21721-460, Brasil",Sudeste,Rio de Janeiro,Rio de Janeiro,PADRE MIGUEL,,VILA VINTEM,-22.8709633000,-43.4426703000,"12/03/2019, 13:04:00",false,false,,Não identificado,,,false,0,0,0,0,0,0,0,0,0,0,0,0,0,0
25265,"Sete de Setembro - Centro, Rio de Janeiro - RJ, 20050-005, Brasil",Sudeste,Rio de Janeiro,Rio de Janeiro,CENTRO,,,-22.9053129000,-43.1775533000,"12/03/2019, 13:29:00",false,false,,Tentativa/Roubo,,,false,0,2,0,0,0,0,0,0,0,0,0,0,0,0
25266,"São José Operário  - Praça Seca, Rio de Janeiro - RJ, Brasil",Sudeste,Rio de Janeiro,Rio de Janeiro,PRACA SECA,,MORRO SAO JOSE OPERARIO (OU MORRO DA BARAO),-22.9038741000,-43.3432592000,"12/03/2019, 13:30:00",false,false,,Não identificado,,,false,0,0,0,0,0,0,0,0,0,0,0,0,0,0
25270,"R. Cândido Benício - Praça Seca, Rio de Janeiro - RJ, 21321-803, Brasil",Sudeste,Rio de Janeiro,Rio de Janeiro,PRACA SECA,,,-22.8967850000,-43.3515919000,"12/03/2019, 15:08:00",false,false,,Não identificado,,,false,0,0,0,0,0,0,0,0,0,0,0,0,0,0
25273,"Morro da Fé, Penha Circular, Rio de Janeiro - RJ, 21210-360, Brasil",Sudeste,Rio de Janeiro,Rio de Janeiro,PENHA CIRCULAR,,MORRO DA FE (COMPLEXO DA PENHA),-22.8456304000,-43.2976538000,"12/03/2019, 16:23:00",false,false,,Não identificado,,,false,0,0,0,0,0,0,0,0,0,0,0,0,0,0
25274,"R. Zizi - Lins de Vasconcelos, Rio de Janeiro - RJ, Brasil",Sudeste,Rio de Janeiro,Rio de Janeiro,LINS DE VASCONCELOS,,MORRO DO AMOR (COMPLEXO DO LINS),-22.9128631000,-43.2796399000,"12/03/2019, 16:40:00",false,false,,Não identificado,,,false,0,0,0,0,0,0,0,0,0,0,0,0,0,0
25298,"R. Pedro Alves, Santo Cristo, Rio de Janeiro - RJ, 20220-280, Brasil",Sudeste,Rio de Janeiro,Rio de Janeiro,SANTO CRISTO,,MORRO DO PINTO,-22.9046971000,-43.2067030000,"12/03/2019, 17:00:00",true,true,PM,Ação policial,,,false,1,0,0,0,0,0,0,0,0,0,0,0,0,0
25277,"Rua Barão, 40 - Praça Seca, Rio de Janeiro - RJ, 21321-620, Brasil",Sudeste,Rio de Janeiro,Rio de Janeiro,PRACA SECA,,MORRO SAO JOSE OPERARIO (OU MORRO DA BARAO),-22.9037010000,-43.3455356000,"12/03/2019, 18:00:00",false,false,,Não identificado,,,false,0,0,0,0,0,0,0,0,0,0,0,0,0,0
25279,"Favela da Palmeirinha,  Honório Gurgel, Rio de Janeiro - RJ, 21555-270",Sudeste,Rio de Janeiro,Rio de Janeiro,HONORIO GURGEL,,FAVELA DA PALMEIRINHA,-22.8477095000,-43.3621497000,"12/03/2019, 18:07:00",false,false,,Não identificado,,,false,0,0,0,0,0,0,0,0,0,0,0,0,0,0
25281,"Praça do Country,  Bráz De Pina, Rio de Janeiro - RJ, 21012-350",Sudeste,Rio de Janeiro,Rio de Janeiro,BRAS DE PINA,,,-22.8261850000,-43.2858430000,"12/03/2019, 20:47:00",false,false,,Não identificado,,,false,0,0,0,0,0,0,0,0,0,0,0,0,0,0
25289,"Manguinhos, Rio de Janeiro - RJ, Brasil",Sudeste,Rio de Janeiro,Rio de Janeiro,MANGUINHOS,,COMPLEXO DE MANGUINHOS,-22.8830377000,-43.2457507000,"12/03/2019, 21:48:00",false,false,,Não identificado,,,false,0,0,0,0,0,0,0,0,0,0,0,0,0,0
25291,"Favela das 5 Bocas, Bráz De Pina, Rio de Janeiro - RJ, 21725-520, Brasil",Sudeste,Rio de Janeiro,Rio de Janeiro,BRAS DE PINA,,FAVELA 5 BOCAS (COMPLEXO DE ISRAEL),-22.8213580000,-43.2840850000,"12/03/2019, 22:21:00",false,false,,Não identificado,,,false,0,0,0,0,0,0,0,0,0,0,0,0,0,0
25290,"Manguinhos, Rio de Janeiro - RJ, Brasil",Sudeste,Rio de Janeiro,Rio de Janeiro,MANGUINHOS,,COMPLEXO DE MANGUINHOS,-22.8830377000,-43.2457507000,"12/03/2019, 22:50:00",false,false,,Não identificado,,,false,0,0,0,0,0,0,0,0,0,0,0,0,0,0
25286,"R. Zâmbia - Vila Kennedy, Rio de Janeiro - RJ, Brasil",Sudeste,Rio de Janeiro,Rio de Janeiro,VILA KENNEDY,,VILA KENNEDY,-22.8588459000,-43.4892169000,"13/03/2019, 03:00:00",false,false,,Não identificado,,,false,0,0,0,0,0,0,0,0,0,0,0,0,0,0
25287,"Vidigal, Rio de Janeiro - RJ, Brasil",Sudeste,Rio de Janeiro,Rio de Janeiro,VIDIGAL,,VIDIGAL,-22.9939022000,-43.2358343000,"13/03/2019, 03:38:00",true,true,N�o identificado,Operação policial,,,false,0,0,0,0,0,0,0,0,0,0,0,0,0,0
25292,"Morro do Juramento - Vicente de Carvalho, Rio de Janeiro - RJ, Brasil",Sudeste,Rio de Janeiro,Rio de Janeiro,VICENTE DE CARVALHO,,MORRO DO JURAMENTO (COMPLEXO DO JURAMENTO),-22.8612667000,-43.3183993000,"13/03/2019, 03:40:00",false,false,,Não identificado,,,false,0,0,0,0,0,0,0,0,0,0,0,0,0,0
25294,"Morro do Juramento - Vicente de Carvalho, Rio de Janeiro - RJ, Brasil",Sudeste,Rio de Janeiro,Rio de Janeiro,VICENTE DE CARVALHO,,MORRO DO JURAMENTO (COMPLEXO DO JURAMENTO),-22.8600128000,-43.3159810000,"13/03/2019, 05:00:00",false,false,,Não identificado,,,false,0,0,0,0,0,0,0,0,0,0,0,0,0,0
25303,"R. Carlos Seidl, 1331 - Caju, Rio de Janeiro - RJ, 20931-003, Brasil",Sudeste,Rio de Janeiro,Rio de Janeiro,CAJU,,COMPLEXO DO CAJU,-22.8797553000,-43.2246010000,"13/03/2019, 08:00:00",false,false,,Não identificado,,,false,0,0,0,0,0,0,0,0,0,0,0,0,0,0
25301,"R. Alcatrazes - Ricardo de Albuquerque, Rio de Janeiro - RJ, Brasil",Sudeste,Rio de Janeiro,Rio de Janeiro,RICARDO DE ALBUQUERQUE,,MORRO DA MADAMA (COMPLEXO DO CHAPADAO),-22.8341614000,-43.3911252000,"13/03/2019, 08:11:00",true,true,N�o identificado,Ação policial,,,false,0,0,0,0,0,0,0,0,0,0,0,0,0,0
25306,"Morro dos Macacos - Vila Isabel, Rio de Janeiro - RJ, 20560-140, Brasil",Sudeste,Rio de Janeiro,Rio de Janeiro,VILA ISABEL,,MORRO DOS MACACOS,-22.9159796000,-43.2590492000,"13/03/2019, 13:08:00",false,false,,Não identificado,,,false,0,0,0,0,0,0,0,0,0,0,0,0,0,0
25308,"Chapéu Mangueira - Leme, Rio de Janeiro - RJ, 22010-060, Brasil",Sudeste,Rio de Janeiro,Rio de Janeiro,LEME,,CHAPEU-MANGUEIRA,-22.9607032000,-43.1695509000,"13/03/2019, 13:27:00",true,true,UPP (Babil�nia/Chap�u Mangueira),Ação policial,,,false,0,0,0,0,0,0,0,0,0,0,0,0,0,0
25311,"Palmeirinha - Honório Gurgel, Rio de Janeiro - RJ, 21555-010, Brasil",Sudeste,Rio de Janeiro,Rio de Janeiro,HONORIO GURGEL,,FAVELA DA PALMEIRINHA,-22.8480710000,-43.3602210000,"13/03/2019, 13:34:00",true,true,PM,Operação policial,,,false,0,1,0,0,0,0,0,0,0,0,0,0,0,0
25309,"Santíssimo - Santíssimo, Rio de Janeiro - RJ, 21810-007, Brasil",Sudeste,Rio de Janeiro,Rio de Janeiro,SANTISSIMO,,,-22.8797606000,-43.5115631000,"13/03/2019, 13:41:00",false,false,,Não identificado,,,false,0,0,0,0,0,0,0,0,0,0,0,0,0,0
25310,"Rua Barão, 40 - Praça Seca, Rio de Janeiro - RJ, 21321-620, Brasil",Sudeste,Rio de Janeiro,Rio de Janeiro,PRACA SECA,,MORRO SAO JOSE OPERARIO (OU MORRO DA BARAO),-22.9037010000,-43.3455356000,"13/03/2019, 15:03:00",false,false,,Não identificado,,Tiroteio contínuo,false,0,0,0,0,0,0,0,0,0,0,0,0,0,0
25313,"Complexo do Fubá - Cascadura, Rio de Janeiro - RJ, 21311-230, Brasil",Sudeste,Rio de Janeiro,Rio de Janeiro,CASCADURA,,COMPLEXO DO FUBA,-22.8900672000,-43.3327925000,"13/03/2019, 15:19:00",false,false,,Não identificado,,,false,0,0,0,0,0,0,0,0,0,0,0,0,0,0
25314,"Rua Barão, 40 - Praça Seca, Rio de Janeiro - RJ, 21321-620, Brasil",Sudeste,Rio de Janeiro,Rio de Janeiro,PRACA SECA,,MORRO SAO JOSE OPERARIO (OU MORRO DA BARAO),-22.9037010000,-43.3455356000,"13/03/2019, 16:21:00",false,false,,Não identificado,,,false,0,0,0,0,0,0,0,0,0,0,0,0,0,0
25318,"Gericinó, Rio de Janeiro - RJ, Brasil",Sudeste,Rio de Janeiro,Rio de Janeiro,GERICINO,,,-22.8415136000,-43.4800758000,"13/03/2019, 17:15:00",false,false,,Não identificado,,,false,0,0,0,0,0,0,0,0,0,0,0,0,0,0
25319,"Rua Barão, 40 - Praça Seca, Rio de Janeiro - RJ, 21321-620, Brasil",Sudeste,Rio de Janeiro,Rio de Janeiro,PRACA SECA,,MORRO SAO JOSE OPERARIO (OU MORRO DA BARAO),-22.9037010000,-43.3455356000,"13/03/2019, 17:21:00",false,false,,Não identificado,,,false,0,0,0,0,0,0,0,0,0,0,0,0,0,0
25323,"R. Licínio Barcelos - Irajá, Rio de Janeiro - RJ, Brasil",Sudeste,Rio de Janeiro,Rio de Janeiro,IRAJA,,,-22.8399934000,-43.3284515000,"13/03/2019, 18:23:00",false,false,,Não identificado,,,false,0,0,0,0,0,0,0,0,0,0,0,0,0,0
25320,"Estrada do Rio Grande, Taquara, Rio de Janeiro - RJ, 22723-195, Brasil",Sudeste,Rio de Janeiro,Rio de Janeiro,TAQUARA,,,-22.9168747000,-43.4143858000,"13/03/2019, 18:39:00",false,false,,Não identificado,,,false,0,0,0,0,0,0,0,0,0,0,0,0,0,0
25324,"Morro do Jorge Turco, Coelho Neto, Rio de Janeiro - RJ, 21510-290, Brasil",Sudeste,Rio de Janeiro,Rio de Janeiro,COELHO NETO,,MORRO JORGE TURCO,-22.8386111000,-43.3447222000,"13/03/2019, 19:10:00",false,false,,Não identificado,,,false,0,0,0,0,0,0,0,0,0,0,0,0,0,0
25321,"Av. Etiópia, Vila Kennedy, Rio de Janeiro - RJ, 21852-170, Brasil",Sudeste,Rio de Janeiro,Rio de Janeiro,VILA KENNEDY,,VILA KENNEDY,-22.8576167000,-43.4940323000,"13/03/2019, 19:24:00",false,false,,Não identificado,,,false,0,0,0,0,0,0,0,0,0,0,0,0,0,0
25326,"R. Cap. Menezes, 40 - Praça Seca, Rio de Janeiro - RJ, 21320-040, Brasil",Sudeste,Rio de Janeiro,Rio de Janeiro,PRACA SECA,,MORRO DO MENEZES (COMPLEXO DO FUBA),-22.8955360000,-43.3418319000,"13/03/2019, 20:14:00",false,false,,Não identificado,,,false,0,0,0,0,0,0,0,0,0,0,0,0,0,0
25327,"Av. Dom Helder Câmara - Pilares, Rio de Janeiro - RJ, 20771-005, Brasil",Sudeste,Rio de Janeiro,Rio de Janeiro,PILARES,,,-22.8816450000,-43.2932600000,"13/03/2019, 20:30:00",false,false,,Não identificado,,,false,0,0,0,0,0,0,0,0,0,0,0,0,0,0
25328,"Barrão, Vila Kennedy - Bangu, Rio de Janeiro - RJ, 21850-007, Brasil",Sudeste,Rio de Janeiro,Rio de Janeiro,VILA KENNEDY,,VILA KENNEDY,-22.8604006000,-43.4884116000,"14/03/2019, 03:00:00",false,false,,Não identificado,,,false,0,0,0,0,0,0,0,0,0,0,0,0,0,0
25329,"Morro do Borel,  Tijuca, Rio de Janeiro - RJ, 20530-420, Brasil",Sudeste,Rio de Janeiro,Rio de Janeiro,TIJUCA,,MORRO DO BOREL,-22.9395041000,-43.2515359000,"14/03/2019, 03:09:00",false,false,,Não identificado,,,false,0,0,0,0,0,0,0,0,0,0,0,0,0,0
25331,"Complexo do Chapadão, Pavuna, Rio de Janeiro - RJ, 21655-160, Brasil",Sudeste,Rio de Janeiro,Rio de Janeiro,PAVUNA,,COMPLEXO DO CHAPADAO,-22.8211820000,-43.3828020000,"14/03/2019, 04:52:00",false,false,,Não identificado,,,false,0,0,0,0,0,0,0,0,0,0,0,0,0,0
25332,"Nova Brasília,  Complexo do Alemão, Rio de Janeiro - RJ, 21061-000, Brasil",Sudeste,Rio de Janeiro,Rio de Janeiro,COMPLEXO DO ALEMAO,,NOVA BRASILIA (COMPLEXO DO ALEMAO),-22.8645551000,-43.2724984000,"14/03/2019, 04:56:00",true,true,N�o identificado,Ação policial,,,false,0,0,0,0,0,0,0,0,0,0,0,0,0,0
25333,"R. Buenos Aires - Centro, Rio de Janeiro - RJ, Brasil",Sudeste,Rio de Janeiro,Rio de Janeiro,CENTRO,,,-22.9039308000,-43.1816902000,"14/03/2019, 05:00:00",false,true,,Tentativa/Roubo,,,false,0,0,1,0,0,0,0,0,0,0,0,0,0,0
25334,"Lote e Coronel, Complexo do Chapadão,  Pavuna, Rio de Janeiro - RJ, 21655-180, Brasil",Sudeste,Rio de Janeiro,Rio de Janeiro,PAVUNA,,COMPLEXO DO CHAPADAO,-22.8203240000,-43.3789050000,"14/03/2019, 05:48:00",false,false,,Não identificado,,,false,0,0,0,0,0,0,0,0,0,0,0,0,0,0
25337,"Morro do Borel, Tijuca, Rio de Janeiro - RJ, 20530-420, Brasil",Sudeste,Rio de Janeiro,Rio de Janeiro,TIJUCA,,MORRO DO BOREL,-22.9395041000,-43.2515359000,"14/03/2019, 06:29:00",false,false,,Não identificado,,,false,0,0,0,0,0,0,0,0,0,0,0,0,0,0
25340,"Vidigal, Rio de Janeiro - RJ, Brasil",Sudeste,Rio de Janeiro,Rio de Janeiro,VIDIGAL,,VIDIGAL,-22.9939022000,-43.2358343000,"14/03/2019, 07:42:00",true,true,N�o identificado,Ação policial,,,false,0,0,0,0,0,0,0,0,0,0,0,0,0,0
25341,"R. Pinto Teles - Praça Seca, Rio de Janeiro - RJ, 21341-270, Brasil",Sudeste,Rio de Janeiro,Rio de Janeiro,PRACA SECA,,,-22.8865213000,-43.3506083000,"14/03/2019, 08:35:00",false,false,,Não identificado,,,false,0,0,0,0,0,0,0,0,0,0,0,0,0,0
25344,"Morro do São João - Engenho Novo, Rio de Janeiro - RJ, 20950-370, Brasil",Sudeste,Rio de Janeiro,Rio de Janeiro,ENGENHO NOVO,,MORRO SAO JOAO,-22.9075420000,-43.2648900000,"14/03/2019, 11:24:00",false,false,,Não identificado,,,false,0,0,0,0,0,0,0,0,0,0,0,0,0,0
25346,"Ponto Chic - Padre Miguel, Rio de Janeiro - RJ, 21875-160, Brasil",Sudeste,Rio de Janeiro,Rio de Janeiro,PADRE MIGUEL,,IAPI DE PADRE MIGUEL,-22.8720232000,-43.4512702000,"14/03/2019, 13:18:00",false,false,,Não identificado,,,false,0,0,0,0,0,0,0,0,0,0,0,0,0,0
25347,"R. Espírito Santo - Praça Seca, Rio de Janeiro - RJ, Brasil",Sudeste,Rio de Janeiro,Rio de Janeiro,PRACA SECA,,FAVELA MORRO DO DIVINO,-22.8925870000,-43.3450649000,"14/03/2019, 13:56:00",false,false,,Não identificado,,,false,0,0,0,0,0,0,0,0,0,0,0,0,0,0
25354,"4 bicas, Vila Cruzeiro, Complexo da Penha, Rio de Janeiro - RJ, 21070-550, Brasil",Sudeste,Rio de Janeiro,Rio de Janeiro,PENHA,,VILA CRUZEIRO (COMPLEXO DA PENHA),-22.8462932000,-43.2794981000,"14/03/2019, 16:10:00",false,false,,Não identificado,,,false,0,0,0,0,0,0,0,0,0,0,0,0,0,0
25353,"Morro dos Teixeiras,  Taquara, Rio de Janeiro - RJ, 22723-205, Brasil",Sudeste,Rio de Janeiro,Rio de Janeiro,TAQUARA,,TEIXEIRAS,-22.9101394000,-43.4189771000,"14/03/2019, 16:39:00",false,false,,Não identificado,,,false,0,0,0,0,0,0,0,0,0,0,0,0,0,0
25355,"R. Cap. Menezes, 40 - Praça Seca, Rio de Janeiro - RJ, 21320-040, Brasil",Sudeste,Rio de Janeiro,Rio de Janeiro,PRACA SECA,,MORRO DO MENEZES (COMPLEXO DO FUBA),-22.8955360000,-43.3418319000,"14/03/2019, 17:50:00",false,false,,Não identificado,,,false,0,0,0,0,0,0,0,0,0,0,0,0,0,0
25356,"R. Cap. Menezes, 58 - Praça Seca, Rio de Janeiro - RJ, 21320-040, Brasil",Sudeste,Rio de Janeiro,Rio de Janeiro,PRACA SECA,,MORRO DO MENEZES (COMPLEXO DO FUBA),-22.8954545000,-43.3421314000,"14/03/2019, 18:50:00",false,false,,Não identificado,,,false,0,0,0,0,0,0,0,0,0,0,0,0,0,0
25359,"Rodo, Santa Cruz, Rio de Janeiro - RJ, 23591-390, Brasil",Sudeste,Rio de Janeiro,Rio de Janeiro,SANTA CRUZ,,COMPLEXO DO RODO,-22.9268310000,-43.6645390000,"14/03/2019, 20:10:00",false,false,,Não identificado,,,false,0,0,0,0,0,0,0,0,0,0,0,0,0,0
25360,"Vila Jurema, Realengo, Rio de Janeiro - RJ, 21730-320, Brasil",Sudeste,Rio de Janeiro,Rio de Janeiro,REALENGO,,BATAN,-22.8624532000,-43.4265336000,"14/03/2019, 23:00:00",false,false,,Não identificado,,,false,0,0,0,0,0,0,0,0,0,0,0,0,0,0
25361,"Complexo do Lins, Lins de Vasconcelos, Rio de Janeiro - RJ, 20725-140, Brasil",Sudeste,Rio de Janeiro,Rio de Janeiro,LINS DE VASCONCELOS,,COMPLEXO DO LINS,-22.9196001000,-43.2855347000,"15/03/2019, 02:30:00",false,false,,Não identificado,,,false,0,0,0,0,0,0,0,0,0,0,0,0,0,0
25362,"Morro da Formiga - Tijuca, Rio de Janeiro - RJ, 20530-003, Brasil",Sudeste,Rio de Janeiro,Rio de Janeiro,TIJUCA,,MORRO DA FORMIGA,-22.9441667000,-43.2408333000,"15/03/2019, 03:22:00",false,false,,Não identificado,,,false,0,0,0,0,0,0,0,0,0,0,0,0,0,0
25374,"Estação Senador Camará, Rio de Janeiro - RJ, 21830-475, Brasil",Sudeste,Rio de Janeiro,Rio de Janeiro,SENADOR CAMARA,,,-22.8760677000,-43.4871617000,"15/03/2019, 03:47:00",false,false,,Não identificado,,,false,0,0,0,0,0,0,0,0,0,0,0,0,0,0
25370,"Morro da Primavera, Cavalcanti, Rio de Janeiro - RJ, Brasil",Sudeste,Rio de Janeiro,Rio de Janeiro,CAVALCANTI,,MORRO DA PRIMAVERA,-22.8669629000,-43.3174880000,"15/03/2019, 03:54:00",true,true,N�o identificado,Ação policial,,,false,0,0,0,0,0,0,0,0,0,0,0,0,0,0
25371,"Morro da Serrinha, Madureira, Rio de Janeiro - RJ, Brasil",Sudeste,Rio de Janeiro,Rio de Janeiro,MADUREIRA,,MORRO DA SERRINHA (COMPLEXO DA SERRINHA),-22.8675722000,-43.3252865000,"15/03/2019, 04:00:00",true,true,BOPE,Operação policial,,,false,1,0,0,0,0,0,0,0,0,0,0,0,0,0
25367,"Morro da Formiga - Tijuca, Rio de Janeiro - RJ, 20530-003, Brasil",Sudeste,Rio de Janeiro,Rio de Janeiro,TIJUCA,,MORRO DA FORMIGA,-22.9441667000,-43.2408333000,"15/03/2019, 04:18:00",false,false,,Não identificado,,,false,0,0,0,0,0,0,0,0,0,0,0,0,0,0
25373,"R. da Grota - Complexo do Alemão, Rio de Janeiro - RJ, Brasil",Sudeste,Rio de Janeiro,Rio de Janeiro,COMPLEXO DO ALEMAO,,GROTA (COMPLEXO DO ALEMAO),-22.8608162000,-43.2741950000,"15/03/2019, 05:22:00",false,false,,Não identificado,,,false,0,0,0,0,0,0,0,0,0,0,0,0,0,0
25375,"Morro da Formiga - Tijuca, Rio de Janeiro - RJ, 20530-003, Brasil",Sudeste,Rio de Janeiro,Rio de Janeiro,TIJUCA,,MORRO DA FORMIGA,-22.9441667000,-43.2408333000,"15/03/2019, 05:37:00",false,false,,Não identificado,,,false,0,0,0,0,0,0,0,0,0,0,0,0,0,0
25380,"Av. Dom Hélder Câmara - Jacarezinho, Rio de Janeiro - RJ, Brasil",Sudeste,Rio de Janeiro,Rio de Janeiro,JACAREZINHO,,JACAREZINHO,-22.8863238000,-43.2514552000,"15/03/2019, 06:00:00",true,true,PM,Ação policial,,,false,0,1,0,0,0,0,0,0,0,0,0,0,0,0
25377,"Parte Alta, Vidigal, Rio de Janeiro - RJ, 22450-270, Brasil",Sudeste,Rio de Janeiro,Rio de Janeiro,VIDIGAL,,VIDIGAL,-22.9930110000,-43.2379456000,"15/03/2019, 06:50:00",false,false,,Não identificado,,,false,0,0,0,0,0,0,0,0,0,0,0,0,0,0
25378,"Morro dos Macacos, Vila Isabel, Rio de Janeiro - RJ, Brasil",Sudeste,Rio de Janeiro,Rio de Janeiro,VILA ISABEL,,MORRO DOS MACACOS,-22.9107698000,-43.2540424000,"15/03/2019, 07:00:00",false,false,,Não identificado,,,false,0,0,0,0,0,0,0,0,0,0,0,0,0,0
25379,"R. Rio do Pau - Pavuna, Rio de Janeiro - RJ, 21655-380, Brasil",Sudeste,Rio de Janeiro,Rio de Janeiro,PAVUNA,,CONDOMINIO ARAGUATINS,-22.8131401000,-43.3824590000,"15/03/2019, 07:30:00",false,false,,Não identificado,,,false,0,0,0,0,0,0,0,0,0,0,0,0,0,0
25381,"Village - Pavuna, Rio de Janeiro - RJ, 21655-180, Brasil",Sudeste,Rio de Janeiro,Rio de Janeiro,PAVUNA,,CONJUNTO RESIDENCIAL VILLAGE PAVUNA,-22.8163486000,-43.3796678000,"15/03/2019, 08:28:00",false,false,,Não identificado,,,false,0,0,0,0,0,0,0,0,0,0,0,0,0,0
25382,"Morro do Borel, Tijuca, Rio de Janeiro - RJ, 20530-420, Brasil",Sudeste,Rio de Janeiro,Rio de Janeiro,TIJUCA,,MORRO DO BOREL,-22.9393930000,-43.2518891000,"15/03/2019, 09:44:00",false,false,,Não identificado,,,false,0,0,0,0,0,0,0,0,0,0,0,0,0,0
25386,"Merendiba, Vila Cruzeiro, Complexo da Penha -  Rio de Janeiro - RJ, 21070-730, Brasil",Sudeste,Rio de Janeiro,Rio de Janeiro,OLARIA,,VILA CRUZEIRO (COMPLEXO DA PENHA),-22.8472161000,-43.2754407000,"15/03/2019, 12:45:00",true,true,N�o identificado,Ação policial,,,false,0,1,0,0,0,0,0,0,0,0,0,0,0,0
25388,"R. Aquiri - Bonsucesso, Rio de Janeiro - RJ, Brasil",Sudeste,Rio de Janeiro,Rio de Janeiro,COMPLEXO DO ALEMAO,,MORRO DO ADEUS (COMPLEXO DO ALEMAO),-22.8622012000,-43.2638393000,"15/03/2019, 13:55:00",true,true,UPP (Complexo do Alem�o),Ação policial,,,false,0,0,0,0,0,0,0,0,0,0,0,0,0,0
25391,"Morro do Salgueiro, Tijuca, Rio de Janeiro - RJ, 20521-330",Sudeste,Rio de Janeiro,Rio de Janeiro,TIJUCA,,MORRO DO SALGUEIRO,-22.9293261000,-43.2263527000,"15/03/2019, 14:59:00",true,true,UPP (Salgueiro),Ação policial,,,false,0,1,0,0,0,0,0,0,0,0,0,0,0,0
25402,"R. Projetada - Parque Arará, Rio de Janeiro - RJ, Brasil",Sudeste,Rio de Janeiro,Rio de Janeiro,BENFICA,,PARQUE ARARA,-22.8880184000,-43.2360617000,"15/03/2019, 15:46:00",true,true,UPP (Arar�/Mandela),Ação policial,,,false,0,0,0,0,0,0,0,0,0,0,0,0,0,0
25398,"Carioca Shopping, Av. Vicente de Carvalho, 909 - Vicente de Carvalho, Rio de Janeiro - RJ, 21210-000, Brasil",Sudeste,Rio de Janeiro,Rio de Janeiro,VICENTE DE CARVALHO,,,-22.8504633000,-43.3110845000,"15/03/2019, 16:40:00",false,false,,Não identificado,,,false,0,0,0,0,0,0,0,0,0,0,0,0,0,0
25399,"Ciclovia Fernando Pinto, R. Mal. Marciano - Padre Miguel, Rio de Janeiro - RJ, Brasil",Sudeste,Rio de Janeiro,Rio de Janeiro,PADRE MIGUEL,,IAPI DE PADRE MIGUEL,-22.8693411000,-43.4509259000,"15/03/2019, 16:43:00",false,false,,Não identificado,,,false,0,0,0,0,0,0,0,0,0,0,0,0,0,0
25401,"R. Sudão, Vila Kennedy, Bangu, Rio de Janeiro - RJ, 21850-007, Brasil",Sudeste,Rio de Janeiro,Rio de Janeiro,VILA KENNEDY,,VILA KENNEDY,-22.8601955000,-43.4909676000,"15/03/2019, 17:15:00",false,false,,Não identificado,,,false,0,0,0,0,0,0,0,0,0,0,0,0,0,0
25403,"R. Canitar - Complexo do Alemão, Rio de Janeiro - RJ, Brasil",Sudeste,Rio de Janeiro,Rio de Janeiro,COMPLEXO DO ALEMAO,,MORRO DAS PALMEIRAS (COMPLEXO DO ALEMAO),-22.8603985000,-43.2821082000,"15/03/2019, 18:29:00",false,false,,Não identificado,,,false,0,0,0,0,0,0,0,0,0,0,0,0,0,0
25407,"Morro da Providencia - Gambôa, Rio de Janeiro - RJ, Brasil",Sudeste,Rio de Janeiro,Rio de Janeiro,GAMBOA,,MORRO DA PROVIDENCIA,-22.9002778000,-43.1952778000,"15/03/2019, 19:00:00",true,true,PM,Ação policial,,,false,0,1,0,0,0,0,0,0,0,0,0,0,0,0
25408,"IPASE, Praça Seca, Rio de Janeiro - RJ, 22733-001, Brasil",Sudeste,Rio de Janeiro,Rio de Janeiro,PRACA SECA,,IPASE DA PRACA SECA,-22.9046925000,-43.3570580000,"16/03/2019, 03:10:00",true,true,PM,Operação policial,,,false,0,1,0,0,0,0,0,0,0,0,0,0,0,0
25415,"Ladeira Santa Maria - Taquara, Rio de Janeiro - RJ, Brasil",Sudeste,Rio de Janeiro,Rio de Janeiro,TAQUARA,,COMUNIDADE SANTA MARIA,-22.9151971000,-43.4210123000,"16/03/2019, 05:00:00",false,false,,Não identificado,,,false,0,0,0,0,0,0,0,0,0,0,0,0,0,0
25417,"Morro da Congo, Vila Kennedy, Bangu, Rio de Janeiro - RJ, 21852-410, Brasil",Sudeste,Rio de Janeiro,Rio de Janeiro,VILA KENNEDY,,VILA KENNEDY,-22.8621273000,-43.4906937000,"16/03/2019, 05:34:00",true,true,PM,Ação policial,,,false,0,1,0,0,0,0,0,0,0,0,0,0,0,0
25421,"Vidigal, Rio de Janeiro - RJ, Brasil",Sudeste,Rio de Janeiro,Rio de Janeiro,VIDIGAL,,VIDIGAL,-22.9939022000,-43.2358343000,"16/03/2019, 06:00:00",true,true,PM,Operação policial,,,false,1,1,0,0,0,0,0,0,0,0,0,0,0,0
25418,"Vila Progresso, Vila Kennedy, Rio de Janeiro - RJ, 21852-424, Brasil",Sudeste,Rio de Janeiro,Rio de Janeiro,VILA KENNEDY,,VILA KENNEDY,-22.8613778000,-43.4952230000,"16/03/2019, 06:44:00",false,false,,Não identificado,,,false,0,0,0,0,0,0,0,0,0,0,0,0,0,0
25423,"São José Operário - Praça Seca, Rio de Janeiro - RJ, Brasil",Sudeste,Rio de Janeiro,Rio de Janeiro,PRACA SECA,,MORRO SAO JOSE OPERARIO (OU MORRO DA BARAO),-22.9044214000,-43.3442039000,"16/03/2019, 10:53:00",false,false,,Não identificado,,,false,0,0,0,0,0,0,0,0,0,0,0,0,0,0
25427,"Senador Camará, Rio de Janeiro - RJ, Brasil",Sudeste,Rio de Janeiro,Rio de Janeiro,SENADOR CAMARA,,,-22.8968333000,-43.4877927000,"16/03/2019, 12:40:00",false,false,,Não identificado,,,false,0,0,0,0,0,0,0,0,0,0,0,0,0,0
25428,"Morro da Coroa, Catumbi, Rio de Janeiro - RJ, 20251-310, Brasil",Sudeste,Rio de Janeiro,Rio de Janeiro,CATUMBI,,MORRO DA COROA,-22.9209831000,-43.1950248000,"16/03/2019, 14:03:00",false,false,,Não identificado,,,false,0,0,0,0,0,0,0,0,0,0,0,0,0,0
25429,"Rua Barão, 40 - Praça Seca, Rio de Janeiro - RJ, 21321-620, Brasil",Sudeste,Rio de Janeiro,Rio de Janeiro,PRACA SECA,,MORRO SAO JOSE OPERARIO (OU MORRO DA BARAO),-22.9037010000,-43.3455356000,"16/03/2019, 15:53:00",false,false,,Não identificado,,,false,0,0,0,0,0,0,0,0,0,0,0,0,0,0
25432,"R. Gen. José Cristino, 60 - São Cristóvão, Rio de Janeiro - RJ, 20921-400, Brasil",Sudeste,Rio de Janeiro,Rio de Janeiro,SAO CRISTOVAO,,,-22.8945764000,-43.2252139000,"16/03/2019, 18:00:00",false,false,,Não identificado,,,false,0,0,0,0,0,0,0,0,0,0,0,0,0,0
25438,"Rua Barão, 40 - Praça Seca, Rio de Janeiro - RJ, 21321-620, Brasil",Sudeste,Rio de Janeiro,Rio de Janeiro,PRACA SECA,,MORRO SAO JOSE OPERARIO (OU MORRO DA BARAO),-22.9037010000,-43.3455356000,"16/03/2019, 18:20:00",true,true,PM,Operação policial,,,false,0,3,0,0,0,0,0,0,0,0,0,0,0,0
25435,"R. Congo - Vila Kennedy, Rio de Janeiro - RJ, Brasil",Sudeste,Rio de Janeiro,Rio de Janeiro,VILA KENNEDY,,VILA KENNEDY,-22.8620054000,-43.4901391000,"16/03/2019, 20:51:00",false,false,,Não identificado,,,false,0,0,0,0,0,0,0,0,0,0,0,0,0,0
25437,"Chapéu-Mangueira - Leme, Rio de Janeiro - RJ, 22010-060, Brasil",Sudeste,Rio de Janeiro,Rio de Janeiro,LEME,,CHAPEU-MANGUEIRA,-22.9607135000,-43.1695418000,"17/03/2019, 03:43:00",true,true,N�o identificado,Ação policial,,,false,0,0,0,0,0,0,0,0,0,0,0,0,0,0
25440,"Fallet/Fogueteiro, Santa Teresa, Rio de Janeiro - RJ, 20241-360, Brasil",Sudeste,Rio de Janeiro,Rio de Janeiro,RIO COMPRIDO,,FALLET/FOGUETEIRO,-22.9264256000,-43.1982392000,"17/03/2019, 05:19:00",true,true,N�o identificado,Ação policial,,,false,0,0,0,0,0,0,0,0,0,0,0,0,0,0
25442,"Vila Kennedy - Bangu, Rio de Janeiro - RJ, 21850-007, Brasil",Sudeste,Rio de Janeiro,Rio de Janeiro,VILA KENNEDY,,VILA KENNEDY,-22.8604006000,-43.4884116000,"17/03/2019, 05:27:00",false,false,,Não identificado,,,false,0,0,0,0,0,0,0,0,0,0,0,0,0,0
25444,"Av. Dom Hélder Câmara - Cachambi, Rio de Janeiro - RJ, Brasil",Sudeste,Rio de Janeiro,Rio de Janeiro,CACHAMBI,,,-22.8860986000,-43.2795475000,"17/03/2019, 08:00:00",false,true,,Tentativa/Roubo,,,false,0,0,1,0,0,0,0,0,0,0,0,0,0,0
25454,"Ladeira dos Tabajaras - Copacabana, Rio de Janeiro - RJ, 22031-112, Brasil",Sudeste,Rio de Janeiro,Rio de Janeiro,COPACABANA,,LADEIRA DOS TABAJARAS,-22.9641669000,-43.1898623000,"17/03/2019, 12:30:00",true,true,UPP (Tabajaras),Ação policial,,,false,0,0,0,0,0,0,0,0,0,0,0,0,0,0
25476,"R. Andrade Araújo - Oswaldo Cruz, Rio de Janeiro - RJ, Brasil",Sudeste,Rio de Janeiro,Rio de Janeiro,OSVALDO CRUZ,,,-22.8753065000,-43.3501312000,"17/03/2019, 13:00:00",false,true,,Tentativa/Roubo,,,false,0,0,0,1,0,0,0,0,0,0,0,0,0,0
25451,"Rua Barão, 40 - Praça Seca, Rio de Janeiro - RJ, 21321-620, Brasil",Sudeste,Rio de Janeiro,Rio de Janeiro,PRACA SECA,,MORRO SAO JOSE OPERARIO (OU MORRO DA BARAO),-22.9037010000,-43.3455356000,"17/03/2019, 13:46:00",false,false,,Não identificado,,,false,0,0,0,0,0,0,0,0,0,0,0,0,0,0
25453,"Rua Barão, 40 - Praça Seca, Rio de Janeiro - RJ, 21321-620, Brasil",Sudeste,Rio de Janeiro,Rio de Janeiro,PRACA SECA,,MORRO SAO JOSE OPERARIO (OU MORRO DA BARAO),-22.9037010000,-43.3455356000,"17/03/2019, 14:50:00",false,false,,Não identificado,,,false,0,0,0,0,0,0,0,0,0,0,0,0,0,0
25457,"Barrão, Vila Kennedy - Bangu, Rio de Janeiro - RJ, 21850-007, Brasil",Sudeste,Rio de Janeiro,Rio de Janeiro,VILA KENNEDY,,VILA KENNEDY,-22.8604006000,-43.4884116000,"17/03/2019, 17:37:00",false,false,,Não identificado,,,false,0,0,0,0,0,0,0,0,0,0,0,0,0,0
25458,"Morro da Covanca, Tanque, Rio de Janeiro - RJ, 22735-020, Brasil",Sudeste,Rio de Janeiro,Rio de Janeiro,TANQUE,,MORRO DA COVANCA,-22.9149256000,-43.3482090000,"17/03/2019, 18:32:00",false,false,,Não identificado,,,false,0,0,0,0,0,0,0,0,0,0,0,0,0,0
25459,"R. Artur Araripe - Gávea, Rio de Janeiro - RJ, 22793-260, Brasil",Sudeste,Rio de Janeiro,Rio de Janeiro,GAVEA,,,-22.9769008000,-43.2275387000,"17/03/2019, 18:38:00",false,false,,Não identificado,,,false,0,0,0,0,0,0,0,0,0,0,0,0,0,0
25461,"Morro do São João, Engenho Novo, Rio de Janeiro - RJ, Brasil",Sudeste,Rio de Janeiro,Rio de Janeiro,ENGENHO NOVO,,MORRO SAO JOAO,-22.9078627000,-43.2659281000,"17/03/2019, 19:26:00",false,false,,Não identificado,,,false,0,0,0,0,0,0,0,0,0,0,0,0,0,0
25466,"R. Leopoldo Bulhões - Manguinhos, Rio de Janeiro - RJ, Brasil",Sudeste,Rio de Janeiro,Rio de Janeiro,MANGUINHOS,,COMPLEXO DE MANGUINHOS,-22.8820321000,-43.2496748000,"17/03/2019, 22:34:00",true,true,N�o identificado,Ação policial,,,false,0,0,0,0,0,0,0,0,0,0,0,0,0,0
25469,"Bateau Mouche, Praça Seca, Rio de Janeiro - RJ, 22733-120, Brasil",Sudeste,Rio de Janeiro,Rio de Janeiro,PRACA SECA,,FAVELA BATEAU MOUCHE,-22.9048084000,-43.3550791000,"17/03/2019, 22:56:00",false,false,,Não identificado,,,false,0,0,0,0,0,0,0,0,0,0,0,0,0,0
25467,"Complexo do Lins - Lins de Vasconcelos, Rio de Janeiro - RJ, 20725-140, Brasil",Sudeste,Rio de Janeiro,Rio de Janeiro,LINS DE VASCONCELOS,,COMPLEXO DO LINS,-22.9196001000,-43.2855347000,"18/03/2019, 00:51:00",false,false,,Não identificado,,,false,0,0,0,0,0,0,0,0,0,0,0,0,0,0
25468,"R. Prof. Henrique Costa - Pechincha, Rio de Janeiro - RJ, Brasil",Sudeste,Rio de Janeiro,Rio de Janeiro,PECHINCHA,,,-22.9313564000,-43.3621042000,"18/03/2019, 03:00:00",false,false,,Não identificado,,,false,0,0,0,0,0,0,0,0,0,0,0,0,0,0
25470,"Ladeira Santa Maria - Taquara, Rio de Janeiro - RJ, Brasil",Sudeste,Rio de Janeiro,Rio de Janeiro,TAQUARA,,COMUNIDADE SANTA MARIA,-22.9151971000,-43.4210123000,"18/03/2019, 04:19:00",false,false,,Não identificado,,,false,0,0,0,0,0,0,0,0,0,0,0,0,0,0
25472,"Boca do Mato, Complexo do Lins - Lins de Vasconcelos, Rio de Janeiro - RJ, 20725-140, Brasil",Sudeste,Rio de Janeiro,Rio de Janeiro,LINS DE VASCONCELOS,,BOCA DO MATO (COMPLEXO DO LINS),-22.9105850000,-43.2915740000,"18/03/2019, 05:36:00",true,true,PM,Operação policial,,,false,0,0,0,0,0,0,0,0,0,0,0,0,0,0
25473,"Morro do Sereno - Penha Circular, Rio de Janeiro - RJ, 21210-154, Brasil",Sudeste,Rio de Janeiro,Rio de Janeiro,PENHA CIRCULAR,,MORRO DO SERENO (COMPLEXO DA PENHA),-22.8436111000,-43.2936111000,"18/03/2019, 05:44:00",false,false,,Não identificado,,,false,0,0,0,0,0,0,0,0,0,0,0,0,0,0
25474,"Complexo do Lins, Lins de Vasconcelos, Rio de Janeiro - RJ, 20725-140, Brasil",Sudeste,Rio de Janeiro,Rio de Janeiro,LINS DE VASCONCELOS,,COMPLEXO DO LINS,-22.9196001000,-43.2855347000,"18/03/2019, 07:11:00",true,true,N�o identificado,Ação policial,,,false,0,0,0,0,0,0,0,0,0,0,0,0,0,0
25475,"Morro do São Carlos - Estácio, Rio de Janeiro - RJ, Brasil",Sudeste,Rio de Janeiro,Rio de Janeiro,ESTACIO,,MORRO DO SAO CARLOS (COMPLEXO DO SAO CARLOS),-22.9174766000,-43.2048028000,"18/03/2019, 07:35:00",false,false,,Não identificado,,,false,0,0,0,0,0,0,0,0,0,0,0,0,0,0
25477,"Manguinhos, Rio de Janeiro - RJ, Brasil",Sudeste,Rio de Janeiro,Rio de Janeiro,MANGUINHOS,,COMPLEXO DE MANGUINHOS,-22.8830377000,-43.2457507000,"18/03/2019, 10:00:00",false,false,,Não identificado,,,false,0,0,0,0,0,0,0,0,0,0,0,0,0,0
25478,"Bateau Mouche (Batô), Praça Seca, Rio de Janeiro - RJ, 22733-120, Brasil",Sudeste,Rio de Janeiro,Rio de Janeiro,PRACA SECA,,FAVELA BATEAU MOUCHE,-22.9048084000,-43.3550791000,"18/03/2019, 11:29:00",false,false,,Não identificado,,,false,0,0,0,0,0,0,0,0,0,0,0,0,0,0
25479,"Bateau Mouche (Batô), Praça Seca, Rio de Janeiro - RJ, 22733-120, Brasil",Sudeste,Rio de Janeiro,Rio de Janeiro,PRACA SECA,,FAVELA BATEAU MOUCHE,-22.9048084000,-43.3550791000,"18/03/2019, 13:54:00",false,false,,Não identificado,,,false,0,0,0,0,0,0,0,0,0,0,0,0,0,0
25487,"Av. Brasil - Olaria, Rio de Janeiro - RJ, Brasil",Sudeste,Rio de Janeiro,Rio de Janeiro,OLARIA,,,-22.8363922000,-43.2594890000,"18/03/2019, 16:30:00",false,false,,Tentativa/Roubo,,,false,0,1,0,0,0,0,0,0,0,0,0,0,0,0
25485,"Nova Sepetiba, Estr. do Piaí, 3038-3056 - Sepetiba, Rio de Janeiro - RJ, 23530-610, Brasil",Sudeste,Rio de Janeiro,Rio de Janeiro,SEPETIBA,,,-22.9781136000,-43.6790490000,"18/03/2019, 17:00:00",false,false,,Não identificado,,,false,0,0,0,0,0,0,0,0,0,0,0,0,0,0
25486,"Magali,  Campo Grande, Rio de Janeiro - RJ, 23081-220, Brasil",Sudeste,Rio de Janeiro,Rio de Janeiro,CAMPO GRANDE,,,-22.8923796000,-43.5673015000,"18/03/2019, 17:59:00",false,false,,Não identificado,,,false,0,0,0,0,0,0,0,0,0,0,0,0,0,0
25489,"R. Gabriel Bernardes - Santa Cruz, Rio de Janeiro - RJ, Brasil",Sudeste,Rio de Janeiro,Rio de Janeiro,SANTA CRUZ,,MORRO DO CHA,-22.9130396000,-43.6837951000,"18/03/2019, 18:46:00",false,false,,Não identificado,,,false,0,0,0,0,0,0,0,0,0,0,0,0,0,0
25493,"Morro da Covanca, Tanque, Rio de Janeiro - RJ, 22735-020, Brasil",Sudeste,Rio de Janeiro,Rio de Janeiro,TANQUE,,MORRO DA COVANCA,-22.9169750000,-43.3425450000,"18/03/2019, 21:28:00",false,false,,Não identificado,,,false,0,0,0,0,0,0,0,0,0,0,0,0,0,0
25495,"Karatê - Cidade de Deus, Rio de Janeiro - RJ, 22772-410, Brasil",Sudeste,Rio de Janeiro,Rio de Janeiro,CIDADE DE DEUS,,CIDADE DE DEUS,-22.9518380000,-43.3546000000,"19/03/2019, 02:42:00",true,true,N�o identificado,Operação policial,,"Tiroteio contínuo,Tiros de Helicóptero",false,0,0,0,0,0,0,0,0,0,0,0,0,0,0
25494,"Estr. Campo da Areia,1833 Rio de Janeiro - RJ, Brasil",Sudeste,Rio de Janeiro,Rio de Janeiro,PECHINCHA,,LOTEAMENTO CAMPO DA AREIA,-22.9228688000,-43.3463804000,"19/03/2019, 02:51:00",true,true,N�o identificado,Ação policial,,,false,0,0,0,0,0,0,0,0,0,0,0,0,0,0
25496,"R. Leopoldo Bulhões - Manguinhos, Rio de Janeiro - RJ, Brasil",Sudeste,Rio de Janeiro,Rio de Janeiro,MANGUINHOS,,COMPLEXO DE MANGUINHOS,-22.8820321000,-43.2496748000,"19/03/2019, 03:25:00",true,true,N�o identificado,Tentativa/Roubo de cargas,,,false,0,1,0,0,0,0,0,0,0,0,0,0,0,0
25498,"Morro da Patolinha, Madureira, Rio de Janeiro - RJ, Brasil",Sudeste,Rio de Janeiro,Rio de Janeiro,MADUREIRA,,MORRO DA PATOLINHA (COMPLEXO DA SERRINHA),-22.8681944000,-43.3265870000,"19/03/2019, 04:10:00",true,true,N�o identificado,Operação policial,,,false,0,0,0,1,0,0,0,0,0,0,0,0,0,0
25499,"Karatê - Cidade de Deus, Rio de Janeiro - RJ, 22772-410, Brasil",Sudeste,Rio de Janeiro,Rio de Janeiro,CIDADE DE DEUS,,CIDADE DE DEUS,-22.9518380000,-43.3546000000,"19/03/2019, 04:46:00",true,true,N�o identificado,Ação policial,,,false,0,0,0,0,0,0,0,0,0,0,0,0,0,0
25500,"R. Leopoldo Bulhões - Manguinhos, Rio de Janeiro - RJ, Brasil",Sudeste,Rio de Janeiro,Rio de Janeiro,MANGUINHOS,,COMPLEXO DE MANGUINHOS,-22.8820321000,-43.2496748000,"19/03/2019, 04:53:00",false,false,,Não identificado,,,false,0,0,0,0,0,0,0,0,0,0,0,0,0,0
25503,"Morro do Urubu - Pilares, Rio de Janeiro - RJ, 20750-290, Brasil",Sudeste,Rio de Janeiro,Rio de Janeiro,PILARES,,MORRO DO URUBU (COMPLEXO DO URUBU),-22.8763889000,-43.3033333000,"19/03/2019, 05:00:00",true,true,PM,Operação policial,,,false,0,1,0,0,0,0,0,0,0,0,0,0,0,0
25502,"AP da PM e Esquina de Londres, Cidade de Deus, Rio de Janeiro - RJ, 22770-370, Brasil",Sudeste,Rio de Janeiro,Rio de Janeiro,CIDADE DE DEUS,,CIDADE DE DEUS,-22.9432909000,-43.3612752000,"19/03/2019, 06:14:00",true,true,N�o identificado,Ação policial,,,false,0,0,0,0,0,0,0,0,0,0,0,0,0,0
25505,"Rua Barão, 40 - Praça Seca, Rio de Janeiro - RJ, 21321-620, Brasil",Sudeste,Rio de Janeiro,Rio de Janeiro,PRACA SECA,,MORRO SAO JOSE OPERARIO (OU MORRO DA BARAO),-22.9037010000,-43.3455356000,"19/03/2019, 06:51:00",false,false,,Não identificado,,,false,0,0,0,0,0,0,0,0,0,0,0,0,0,0
25507,"Gogó da Ema, Guadalupe, Rio de Janeiro - RJ, Brasil",Sudeste,Rio de Janeiro,Rio de Janeiro,GUADALUPE,,GOGO DA EMA (COMPLEXO DO CHAPADAO),-22.8316564000,-43.3793766000,"19/03/2019, 07:00:00",false,false,,Não identificado,,,false,0,0,0,0,0,0,0,0,0,0,0,0,0,0
25504,"Lazer e 15, Cidade de Deus, Rio de Janeiro - RJ, Brasil",Sudeste,Rio de Janeiro,Rio de Janeiro,CIDADE DE DEUS,,CIDADE DE DEUS,-22.9481688000,-43.3626721000,"19/03/2019, 07:00:00",true,true,N�o identificado,Ação policial,,,false,0,0,0,0,0,0,0,0,0,0,0,0,0,0
25506,"R. Leopoldo Bulhões - Manguinhos, Rio de Janeiro - RJ, Brasil",Sudeste,Rio de Janeiro,Rio de Janeiro,MANGUINHOS,,COMPLEXO DE MANGUINHOS,-22.8820321000,-43.2496748000,"19/03/2019, 07:30:00",false,false,,Não identificado,,,false,0,0,0,0,0,0,0,0,0,0,0,0,0,0
25510,"Morro da Pedreira - Costa Barros, Rio de Janeiro - RJ, 21515-460, Brasil",Sudeste,Rio de Janeiro,Rio de Janeiro,COSTA BARROS,,MORRO DA PEDREIRA (COMPLEXO DA PEDREIRA),-22.8234722000,-43.3586001000,"19/03/2019, 10:54:00",false,false,,Não identificado,,,false,0,0,0,0,0,0,0,0,0,0,0,0,0,0
25520,"Morro da Quitanda - Costa Barros, Rio de Janeiro - RJ, 21532-050, Brasil",Sudeste,Rio de Janeiro,Rio de Janeiro,COSTA BARROS,,MORRO DA QUITANDA (COMPLEXO DA PEDREIRA),-22.8199170000,-43.3654129000,"19/03/2019, 13:00:00",true,true,PM,Operação policial,,,false,1,0,0,0,0,0,0,0,0,0,0,0,0,0
25514,"Boca do Mato, Complexo do Lins - Lins de Vasconcelos, Rio de Janeiro - RJ, 20725-140, Brasil",Sudeste,Rio de Janeiro,Rio de Janeiro,LINS DE VASCONCELOS,,BOCA DO MATO (COMPLEXO DO LINS),-22.9126310000,-43.2943510000,"19/03/2019, 15:45:00",false,false,,Não identificado,,,false,0,0,0,0,0,0,0,0,0,0,0,0,0,0
25517,"Rua Barão, 40 - Praça Seca, Rio de Janeiro - RJ, 21321-620, Brasil",Sudeste,Rio de Janeiro,Rio de Janeiro,PRACA SECA,,MORRO SAO JOSE OPERARIO (OU MORRO DA BARAO),-22.9037010000,-43.3455356000,"19/03/2019, 17:05:00",false,false,,Não identificado,,,false,0,0,0,0,0,0,0,0,0,0,0,0,0,0
25519,"Av. Chrisóstomo Pimentel de Oliveira, 2488 - Pavuna, Rio de Janeiro - RJ, 21520-500, Brasil",Sudeste,Rio de Janeiro,Rio de Janeiro,PAVUNA,,,-22.8137192000,-43.3767452000,"19/03/2019, 17:30:00",false,false,,Não identificado,,,false,0,1,0,0,0,0,0,0,0,0,0,0,0,0
25523,"R. Dr. Bernardino - Praça Seca, Rio de Janeiro - RJ, Brasil",Sudeste,Rio de Janeiro,Rio de Janeiro,PRACA SECA,,,-22.8954241000,-43.3494644000,"19/03/2019, 19:09:00",false,false,,Não identificado,,,false,0,0,0,0,0,0,0,0,0,0,0,0,0,0
25524,"4 bicas, Vila Cruzeiro, Complexo da Penha, Rio de Janeiro - RJ, 21070-550, Brasil",Sudeste,Rio de Janeiro,Rio de Janeiro,PENHA,,VILA CRUZEIRO (COMPLEXO DA PENHA),-22.8461779000,-43.2795599000,"19/03/2019, 19:21:00",true,true,PM,Operação policial,,,false,0,0,0,0,0,0,0,0,0,0,0,0,0,0
25531,"Pavão-Pavãozinho, Copacabana, Rio de Janeiro - RJ, 22071-060, Brazil",Sudeste,Rio de Janeiro,Rio de Janeiro,COPACABANA,,MORRO DO PAVAO-PAVAOZINHO,-22.9807270000,-43.1945870000,"19/03/2019, 20:40:00",false,false,,Não identificado,,,false,0,0,0,0,0,0,0,0,0,0,0,0,0,0
25533,"Morro da Caixa d'Água, Tanque, Rio de Janeiro - RJ, 22733-130, Brasil",Sudeste,Rio de Janeiro,Rio de Janeiro,TANQUE,,MORRO DA CAIXA D'AGUA (TANQUE),-22.9125538000,-43.3564101000,"19/03/2019, 23:27:00",false,false,,Não identificado,,,false,0,0,0,0,0,0,0,0,0,0,0,0,0,0
25535,"Morro Azul - Flamengo, Rio de Janeiro - RJ, Brasil",Sudeste,Rio de Janeiro,Rio de Janeiro,FLAMENGO,,MORRO AZUL,-22.9389867000,-43.1808165000,"20/03/2019, 03:20:00",false,false,,Não identificado,,,false,0,0,0,0,0,0,0,0,0,0,0,0,0,0
25536,"Parada de Lucas, Rio de Janeiro - RJ, 21241-366, Brasil",Sudeste,Rio de Janeiro,Rio de Janeiro,PARADA DE LUCAS,,,-22.8162450000,-43.3007705000,"20/03/2019, 03:29:00",true,true,N�o identificado,Operação policial,,,false,0,0,0,0,0,0,0,0,0,0,0,0,0,0
25537,"Morro da Providência - Gambôa, Rio de Janeiro - RJ, Brasil",Sudeste,Rio de Janeiro,Rio de Janeiro,GAMBOA,,MORRO DA PROVIDENCIA,-22.9002778000,-43.1952778000,"20/03/2019, 03:51:00",false,false,,Não identificado,,,false,0,0,0,0,0,0,0,0,0,0,0,0,0,0
25538,"Village - Pavuna, Rio de Janeiro - RJ, 21655-180, Brasil",Sudeste,Rio de Janeiro,Rio de Janeiro,PAVUNA,,CONJUNTO RESIDENCIAL VILLAGE PAVUNA,-22.8163486000,-43.3796678000,"20/03/2019, 04:50:00",false,false,,Não identificado,,,false,0,0,0,0,0,0,0,0,0,0,0,0,0,0
25539,"R. Guaxindiba - Coelho Neto, Rio de Janeiro - RJ, Brasil",Sudeste,Rio de Janeiro,Rio de Janeiro,COELHO NETO,,VILA SANTA TERESA,-22.8371687000,-43.3548751000,"20/03/2019, 05:43:00",false,false,,Não identificado,,,false,0,0,0,0,0,0,0,0,0,0,0,0,0,0
25546,"Morro do Dezoito - Água Santa, Rio de Janeiro - RJ, Brasil",Sudeste,Rio de Janeiro,Rio de Janeiro,QUINTINO BOCAIUVA,,MORRO DO 18 (COMPLEXO DO 18),-22.8988889000,-43.3219444000,"20/03/2019, 10:44:00",true,true,PM,Operação policial,,,false,1,2,0,0,0,0,0,0,0,0,0,0,0,0
25556,"Chacrinha, Praça Seca, Rio de Janeiro - RJ, 22733-040, Brasil",Sudeste,Rio de Janeiro,Rio de Janeiro,PRACA SECA,,FAVELA DA CHACRINHA,-22.9011309000,-43.3600279000,"20/03/2019, 10:54:00",false,false,,Não identificado,,,false,0,0,0,0,0,0,0,0,0,0,0,0,0,0
25552,"Morro do Borel, Tijuca, Rio de Janeiro - RJ, 20530-420, Brasil",Sudeste,Rio de Janeiro,Rio de Janeiro,TIJUCA,,MORRO DO BOREL,-22.9393930000,-43.2518891000,"20/03/2019, 12:14:00",true,true,N�o identificado,Operação policial,,Tiros de Helicóptero,false,0,0,0,0,0,0,0,0,0,0,0,0,0,0
25557,"Morro do Borel - Tijuca, Rio de Janeiro - RJ, Brasil",Sudeste,Rio de Janeiro,Rio de Janeiro,TIJUCA,,MORRO DO BOREL,-22.9389097000,-43.2526614000,"20/03/2019, 15:17:00",false,false,,Não identificado,,,false,0,0,0,0,0,0,0,0,0,0,0,0,0,0
25562,"Morro do Adeus, Complexo do Alemão, Rio de Janeiro - RJ, Brasil",Sudeste,Rio de Janeiro,Rio de Janeiro,COMPLEXO DO ALEMAO,,MORRO DO ADEUS (COMPLEXO DO ALEMAO),-22.8654866000,-43.2619815000,"20/03/2019, 18:50:00",true,true,UPP (Complexo do Alem�o),Ação policial,,,false,0,0,0,0,0,0,0,0,0,0,0,0,0,0
25564,"Av. Brasil - Deodoro, Rio de Janeiro - RJ, Brasil",Sudeste,Rio de Janeiro,Rio de Janeiro,DEODORO,,,-22.8508302000,-43.3856228000,"20/03/2019, 20:00:00",true,true,PM,Ação policial,,,false,0,1,0,0,0,0,0,0,0,0,0,0,0,0
25563,"Praça Nossa Sra. de Nazaré - Anchieta, Rio de Janeiro - RJ, 21645-430, Brasil",Sudeste,Rio de Janeiro,Rio de Janeiro,ANCHIETA,,MORRO DO PLANALTO (COMPLEXO DO CHAPADAO),-22.8217987000,-43.3986245000,"20/03/2019, 20:23:00",false,false,,Não identificado,,,false,0,0,0,0,0,0,0,0,0,0,0,0,0,0
25565,"R. Cândido Benício, Chacrinha, Praça Seca, Rio de Janeiro - RJ, Brasil",Sudeste,Rio de Janeiro,Rio de Janeiro,PRACA SECA,,FAVELA DA CHACRINHA,-22.9032238000,-43.3561907000,"20/03/2019, 21:49:00",false,false,,Não identificado,,,false,0,0,0,0,0,0,0,0,0,0,0,0,0,0
25567,"Jardim América, Rio de Janeiro - RJ, Brasil",Sudeste,Rio de Janeiro,Rio de Janeiro,JARDIM AMERICA,,,-22.8114870000,-43.3207177000,"21/03/2019, 01:50:00",false,false,,Não identificado,,,false,0,0,0,0,0,0,0,0,0,0,0,0,0,0
25566,"Karatê - Cidade de Deus, Rio de Janeiro - RJ, 22772-410, Brasil",Sudeste,Rio de Janeiro,Rio de Janeiro,CIDADE DE DEUS,,CIDADE DE DEUS,-22.9518380000,-43.3546000000,"21/03/2019, 03:18:00",true,true,N�o identificado,Operação policial,,,false,0,0,0,0,0,0,0,0,0,0,0,0,0,0
25576,"Nova Brasília - Complexo do Alemão, Rio de Janeiro - RJ, Brasil",Sudeste,Rio de Janeiro,Rio de Janeiro,COMPLEXO DO ALEMAO,,NOVA BRASILIA (COMPLEXO DO ALEMAO),-22.8662065000,-43.2723801000,"21/03/2019, 03:56:00",true,true,N�o identificado,Ação policial,,,false,0,1,0,0,0,0,0,0,0,0,0,0,0,0
25577,"13 e 15, Cidade de Deus, Rio de Janeiro - RJ, Brasil",Sudeste,Rio de Janeiro,Rio de Janeiro,CIDADE DE DEUS,,CIDADE DE DEUS,-22.9481688000,-43.3626721000,"21/03/2019, 04:57:00",true,true,N�o identificado,Ação policial,,Tiroteio contínuo,false,0,0,0,0,0,0,0,0,0,0,0,0,0,0
25578,"13, 15, Karatê, Cidade de Deus, Rio de Janeiro - RJ, 22772-060, Brasil",Sudeste,Rio de Janeiro,Rio de Janeiro,CIDADE DE DEUS,,CIDADE DE DEUS,-22.9482150000,-43.3653270000,"21/03/2019, 05:57:00",true,true,N�o identificado,Ação policial,,,false,0,0,0,0,0,0,0,0,0,0,0,0,0,0
25579,"Rebu - Senador Camará, Rio de Janeiro - RJ, 21843-040, Brasil",Sudeste,Rio de Janeiro,Rio de Janeiro,SENADOR CAMARA,,REBU (COMPLEXO DO REBU DE SENADOR CAMARA),-22.8788640000,-43.4914498000,"21/03/2019, 06:07:00",false,false,,Não identificado,,,false,0,0,0,0,0,0,0,0,0,0,0,0,0,0
25583,"R. Marmiari - Senador Camará, Rio de Janeiro - RJ, Brasil",Sudeste,Rio de Janeiro,Rio de Janeiro,SENADOR CAMARA,,COMPLEXO DO SAPO DE CAMARA,-22.8898740000,-43.4824518000,"21/03/2019, 07:34:00",true,true,N�o identificado,Ação policial,,,false,0,0,0,0,0,0,0,0,0,0,0,0,0,0
25582,"AP da PM e Karatê, Cidade de Deus, Rio de Janeiro - RJ, 22770-370, Brasil",Sudeste,Rio de Janeiro,Rio de Janeiro,CIDADE DE DEUS,,CIDADE DE DEUS,-22.9424053000,-43.3621426000,"21/03/2019, 07:34:00",true,true,N�o identificado,Ação policial,,,false,0,0,0,0,0,0,0,0,0,0,0,0,0,0
25584,"13 - Cidade de Deus, Rio de Janeiro - RJ, 22773-200, Brasil",Sudeste,Rio de Janeiro,Rio de Janeiro,CIDADE DE DEUS,,CIDADE DE DEUS,-22.9442116000,-43.3678663000,"21/03/2019, 08:46:00",true,true,N�o identificado,Operação policial,,,false,0,3,0,0,0,0,0,0,0,0,0,0,0,0
25589,"Tv. Guadalajara - Inhauma, Rio de Janeiro - RJ, 21061-400, Brasil",Sudeste,Rio de Janeiro,Rio de Janeiro,COMPLEXO DO ALEMAO,,NOVA BRASILIA (COMPLEXO DO ALEMAO),-22.8650795000,-43.2738113000,"21/03/2019, 09:05:00",true,true,UPP (Complexo do Alem�o),Ação policial,,,false,0,0,0,0,0,0,0,0,0,0,0,0,0,0
25587,"Lazer, Cidade de Deus, Rio de Janeiro - RJ, Brasil",Sudeste,Rio de Janeiro,Rio de Janeiro,CIDADE DE DEUS,,CIDADE DE DEUS,-22.9481688000,-43.3626721000,"21/03/2019, 09:41:00",false,false,,Não identificado,,,false,0,0,0,0,0,0,0,0,0,0,0,0,0,0
25588,"Favela do Sapo - Senador Camará, Rio de Janeiro - RJ, 21832-006, Brasil",Sudeste,Rio de Janeiro,Rio de Janeiro,SENADOR CAMARA,,FAVELA DO SAPO DE CAMARA (COMPLEXO DO SAPO DE CAMARA),-22.8864743000,-43.4864356000,"21/03/2019, 10:10:00",false,false,,Não identificado,,,false,0,0,0,0,0,0,0,0,0,0,0,0,0,0
25590,"Estr. do Quitungo - Bráz De Pina, Rio de Janeiro - RJ, Brasil",Sudeste,Rio de Janeiro,Rio de Janeiro,BRAS DE PINA,,QUITUNGO-GUAPORE,-22.8313558000,-43.3022230000,"21/03/2019, 11:21:00",false,false,,Não identificado,,,false,0,0,0,0,0,0,0,0,0,0,0,0,0,0
25591,"Av. Cidade de Deus, 15 - Cidade de Deus, Rio de Janeiro - RJ, 22773-200, Brasil",Sudeste,Rio de Janeiro,Rio de Janeiro,CIDADE DE DEUS,,CIDADE DE DEUS,-22.9442262000,-43.3678585000,"21/03/2019, 11:49:00",false,false,,Não identificado,,,false,0,0,0,0,0,0,0,0,0,0,0,0,0,0
25595,"Pantanal - Cidade de Deus, Rio de Janeiro - RJ, 22772-450, Brasil",Sudeste,Rio de Janeiro,Rio de Janeiro,CIDADE DE DEUS,,CIDADE DE DEUS,-22.9486950000,-43.3613480000,"21/03/2019, 15:02:00",false,false,,Não identificado,,,false,0,0,0,0,0,0,0,0,0,0,0,0,0,0
25597,"Morro do São João, Engenho Novo, Rio de Janeiro - RJ, Brasil",Sudeste,Rio de Janeiro,Rio de Janeiro,ENGENHO NOVO,,MORRO SAO JOAO,-22.9078627000,-43.2659281000,"21/03/2019, 17:26:00",false,false,,Não identificado,,,false,0,0,0,0,0,0,0,0,0,0,0,0,0,0
25598,"Jardim Novo,  Realengo, Rio de Janeiro - RJ, 21760-240, Brasil",Sudeste,Rio de Janeiro,Rio de Janeiro,REALENGO,,,-22.8916605000,-43.4206169000,"21/03/2019, 18:05:00",false,false,,Não identificado,,,false,0,0,0,0,0,0,0,0,0,0,0,0,0,0
25599,"Manilha, Vila Kennedy - Bangu, Rio de Janeiro - RJ, 21850-007, Brasil",Sudeste,Rio de Janeiro,Rio de Janeiro,VILA KENNEDY,,VILA KENNEDY,-22.8604006000,-43.4884116000,"21/03/2019, 18:49:00",false,false,,Não identificado,,,false,0,0,0,0,0,0,0,0,0,0,0,0,0,0
25600,"Honório Gurgel, Rio de Janeiro - RJ, Brasil",Sudeste,Rio de Janeiro,Rio de Janeiro,HONORIO GURGEL,,,-22.8453344000,-43.3558285000,"21/03/2019, 18:51:00",false,false,,Não identificado,,,false,0,0,0,0,0,0,0,0,0,0,0,0,0,0
25606,"Rua Virginia Vidal - Tanque, Rio de Janeiro - RJ, Brasil",Sudeste,Rio de Janeiro,Rio de Janeiro,TANQUE,,,-22.9166392000,-43.3570275000,"22/03/2019, 02:22:00",false,false,,Não identificado,,,false,0,0,0,0,0,0,0,0,0,0,0,0,0,0
25607,"R. Merendiba, Vila Cruzeiro, Complexo da Penha, Rio de Janeiro - RJ, 21070-730, Brasil",Sudeste,Rio de Janeiro,Rio de Janeiro,OLARIA,,VILA CRUZEIRO (COMPLEXO DA PENHA),-22.8472161000,-43.2754407000,"22/03/2019, 02:42:00",false,false,,Não identificado,,,false,0,0,0,0,0,0,0,0,0,0,0,0,0,0
25610,"R. Coronel Moreira César, Complexo do Chapadão, Pavuna, Rio de Janeiro - RJ, Brasil",Sudeste,Rio de Janeiro,Rio de Janeiro,PAVUNA,,FAVELA DO JOB (COMPLEXO DO CHAPADAO),-22.8194873000,-43.3787310000,"22/03/2019, 04:10:00",false,false,,Não identificado,,,false,0,0,0,0,0,0,0,0,0,0,0,0,0,0
25612,"Mangueira, Rio de Janeiro - RJ, Brasil",Sudeste,Rio de Janeiro,Rio de Janeiro,MANGUEIRA,,MANGUEIRA,-22.9052507000,-43.2340127000,"22/03/2019, 04:26:00",false,false,,Não identificado,,,false,0,0,0,0,0,0,0,0,0,0,0,0,0,0
25613,"Ladeira dos Tabajaras - Copacabana, Rio de Janeiro - RJ, 22031-112, Brasil",Sudeste,Rio de Janeiro,Rio de Janeiro,COPACABANA,,LADEIRA DOS TABAJARAS,-22.9641669000,-43.1898623000,"22/03/2019, 04:47:00",true,true,N�o identificado,Ação policial,,,false,0,0,0,0,0,0,0,0,0,0,0,0,0,0
25616,"Ladeira dos Tabajaras - Copacabana, Rio de Janeiro - RJ, 22031-072, Brasil",Sudeste,Rio de Janeiro,Rio de Janeiro,COPACABANA,,LADEIRA DOS TABAJARAS,-22.9645712000,-43.1897517000,"22/03/2019, 05:46:00",false,false,,Não identificado,,,false,0,0,0,0,0,0,0,0,0,0,0,0,0,0
25619,"Vila Aliança, Bangu, Rio de Janeiro - RJ, 21842-550, Brasil",Sudeste,Rio de Janeiro,Rio de Janeiro,BANGU,,VILA ALIANCA,-22.8673416000,-43.4792950000,"22/03/2019, 06:01:00",true,true,N�o identificado,Ação policial,,,false,0,0,0,0,0,0,0,0,0,0,0,0,0,0
25620,"Kelson's,  Penha Circular, Rio de Janeiro - RJ, 21012-350, Brasil",Sudeste,Rio de Janeiro,Rio de Janeiro,PENHA CIRCULAR,,FAVELA DA KELSONS,-22.8235060000,-43.2751294000,"22/03/2019, 06:10:00",false,false,,Não identificado,,,false,0,0,0,0,0,0,0,0,0,0,0,0,0,0
25618,"Av. Etiópia, Vila Kennedy, Rio de Janeiro - RJ, Brasil",Sudeste,Rio de Janeiro,Rio de Janeiro,VILA KENNEDY,,VILA KENNEDY,-22.8563671000,-43.4898556000,"22/03/2019, 06:33:00",true,true,N�o identificado,Ação policial,,,false,0,0,0,0,0,0,0,0,0,0,0,0,0,0
25621,"R. do Oriente - Santa Teresa, Rio de Janeiro - RJ, 20240-130, Brasil",Sudeste,Rio de Janeiro,Rio de Janeiro,SANTA TERESA,,,-22.9192881000,-43.1905117000,"22/03/2019, 07:00:00",true,true,UPP (Fallet/Fogueteiro),Tentativa/Roubo,,,false,0,1,0,0,0,0,0,0,0,0,0,0,0,0
25623,"Vila Kennedy - Bangu, Rio de Janeiro - RJ, 21850-007, Brasil",Sudeste,Rio de Janeiro,Rio de Janeiro,VILA KENNEDY,,VILA KENNEDY,-22.8604006000,-43.4884116000,"22/03/2019, 07:32:00",true,true,N�o identificado,Ação policial,,,false,0,0,0,0,0,0,0,0,0,0,0,0,0,0
25622,"Ladeira dos Tabajaras - Copacabana, Rio de Janeiro - RJ, 22031-072, Brasil",Sudeste,Rio de Janeiro,Rio de Janeiro,COPACABANA,,LADEIRA DOS TABAJARAS,-22.9645712000,-43.1897517000,"22/03/2019, 08:12:00",false,false,,Não identificado,,,false,0,0,0,0,0,0,0,0,0,0,0,0,0,0
25627,"Morro da Caixa D'água, Tanque, Rio de Janeiro - RJ, 22733-140, Brasil",Sudeste,Rio de Janeiro,Rio de Janeiro,TANQUE,,MORRO DA CAIXA D'AGUA (TANQUE),-22.9136400000,-43.3565210000,"22/03/2019, 09:13:00",false,false,,Não identificado,,,false,0,0,0,0,0,0,0,0,0,0,0,0,0,0
25625,"R. Congo - Vila Kennedy, Rio de Janeiro - RJ, Brasil",Sudeste,Rio de Janeiro,Rio de Janeiro,VILA KENNEDY,,VILA KENNEDY,-22.8620054000,-43.4901391000,"22/03/2019, 09:27:00",false,false,,Não identificado,,,false,0,0,0,0,0,0,0,0,0,0,0,0,0,0
25631,"Cidade de Deus, Rio de Janeiro - RJ, Brasil",Sudeste,Rio de Janeiro,Rio de Janeiro,CIDADE DE DEUS,,CIDADE DE DEUS,-22.9481688000,-43.3626721000,"22/03/2019, 11:10:00",false,false,,Não identificado,,,false,0,0,0,0,0,0,0,0,0,0,0,0,0,0
25632,"Vila Aliança,  Bangu, Rio de Janeiro - RJ, 21842-740, Brasil",Sudeste,Rio de Janeiro,Rio de Janeiro,BANGU,,VILA ALIANCA,-22.8648423000,-43.4771013000,"22/03/2019, 15:19:00",false,false,,Não identificado,,,false,0,0,0,0,0,0,0,0,0,0,0,0,0,0
25633,"Rua Barão, 40 - Praça Seca, Rio de Janeiro - RJ, 21321-620, Brasil",Sudeste,Rio de Janeiro,Rio de Janeiro,PRACA SECA,,MORRO SAO JOSE OPERARIO (OU MORRO DA BARAO),-22.9037010000,-43.3455356000,"22/03/2019, 15:25:00",false,false,,Não identificado,,,false,0,0,0,0,0,0,0,0,0,0,0,0,0,0
25635,"Campo do Seu Zé,  Complexo do Alemão, Rio de Janeiro - RJ, Brasil",Sudeste,Rio de Janeiro,Rio de Janeiro,COMPLEXO DO ALEMAO,,FAZENDINHA (COMPLEXO DO ALEMAO),-22.8634421000,-43.2780966000,"22/03/2019, 16:55:00",false,false,,Não identificado,,,false,0,0,0,0,0,0,0,0,0,0,0,0,0,0
25636,"Rua Vaz Lobo, Váz Lobo, Rio de Janeiro - RJ, 21361-020, Brasil",Sudeste,Rio de Janeiro,Rio de Janeiro,VAZ LOBO,,,-22.8599396000,-43.3228649000,"22/03/2019, 17:34:00",false,false,,Não identificado,,,false,0,0,0,0,0,0,0,0,0,0,0,0,0,0
25639,"Jardim Novo, Realengo, Rio de Janeiro - RJ, 21760-240, Brasil",Sudeste,Rio de Janeiro,Rio de Janeiro,REALENGO,,,-22.8923941000,-43.4177244000,"22/03/2019, 18:52:00",false,false,,Não identificado,,,false,0,0,0,0,0,0,0,0,0,0,0,0,0,0
25642,"Complexo do Alemão, Rio de Janeiro - RJ, Brasil",Sudeste,Rio de Janeiro,Rio de Janeiro,COMPLEXO DO ALEMAO,,COMPLEXO DO ALEMAO,-22.8593331000,-43.2754759000,"22/03/2019, 19:37:00",false,false,,Não identificado,,,false,0,0,0,0,0,0,0,0,0,0,0,0,0,0
25645,"AP, Cidade de Deus, Rio de Janeiro - RJ, Brasil",Sudeste,Rio de Janeiro,Rio de Janeiro,CIDADE DE DEUS,,CIDADE DE DEUS,-22.9481688000,-43.3626721000,"22/03/2019, 19:57:00",false,false,,Não identificado,,,false,0,0,0,0,0,0,0,0,0,0,0,0,0,0
25647,"Covanca, Tanque, Rio de Janeiro - RJ, 22735-020, Brasil",Sudeste,Rio de Janeiro,Rio de Janeiro,TANQUE,,MORRO DA COVANCA,-22.9149256000,-43.3482090000,"22/03/2019, 20:41:00",false,false,,Não identificado,,,false,0,0,0,0,0,0,0,0,0,0,0,0,0,0
25648,"Caju, Rio de Janeiro - RJ, Brasil",Sudeste,Rio de Janeiro,Rio de Janeiro,CAJU,,,-22.8792069000,-43.2155524000,"22/03/2019, 20:52:00",false,false,,Não identificado,,,false,0,0,0,0,0,0,0,0,0,0,0,0,0,0
25652,"AP, Cidade de Deus, Rio de Janeiro - RJ, Brasil",Sudeste,Rio de Janeiro,Rio de Janeiro,CIDADE DE DEUS,,CIDADE DE DEUS,-22.9515870000,-43.3560410000,"22/03/2019, 23:15:00",true,true,PM,Ação policial,,,false,0,0,0,0,0,0,0,0,0,0,0,0,0,0
25653,"Cidade de Deus, Rio de Janeiro - RJ, Brasil",Sudeste,Rio de Janeiro,Rio de Janeiro,CIDADE DE DEUS,,CIDADE DE DEUS,-22.9481688000,-43.3626721000,"23/03/2019, 00:17:00",true,true,N�o identificado,Ação policial,,,false,0,0,0,0,0,0,0,0,0,0,0,0,0,0
25691,"Morro dos Macacos, Vila Isabel, Rio de Janeiro - RJ, Brasil",Sudeste,Rio de Janeiro,Rio de Janeiro,RIACHUELO,,MORRO DOS MACACOS,-22.9089149000,-43.2563622000,"23/03/2019, 00:30:00",false,false,,Não identificado,,,false,0,0,0,0,0,0,0,0,0,0,0,0,0,0
25656,"Complexo do Chapadão, Pavuna, Rio de Janeiro - RJ, 21655-160, Brasil",Sudeste,Rio de Janeiro,Rio de Janeiro,PAVUNA,,COMPLEXO DO CHAPADAO,-22.8208745000,-43.3831147000,"23/03/2019, 05:20:00",false,false,,Não identificado,,,false,0,0,0,0,0,0,0,0,0,0,0,0,0,0
25662,"Ladeira dos Tabajaras - Copacabana, Rio de Janeiro - RJ, 22031-072, Brasil",Sudeste,Rio de Janeiro,Rio de Janeiro,COPACABANA,,LADEIRA DOS TABAJARAS,-22.9645712000,-43.1897517000,"23/03/2019, 07:30:00",true,true,N�o identificado,Ação policial,,,false,0,0,0,0,0,0,0,0,0,0,0,0,0,0
25730,"Vila Joaniza, Ilha do Governador, Galeão, Rio de Janeiro - RJ, 21941-640, Brasil",Sudeste,Rio de Janeiro,Rio de Janeiro,GALEAO,,MORRO DO BARBANTE (OU VILA JOANIZA),-22.8148203000,-43.2302931000,"23/03/2019, 12:00:00",true,true,PM,Operação policial,,,false,1,0,0,0,0,0,0,0,0,0,0,0,0,0
25666,"Ladeira dos Tabajaras - Copacabana, Rio de Janeiro - RJ, 22031-112, Brasil",Sudeste,Rio de Janeiro,Rio de Janeiro,COPACABANA,,LADEIRA DOS TABAJARAS,-22.9641669000,-43.1898623000,"23/03/2019, 14:45:00",false,false,,Não identificado,,,false,0,0,0,0,0,0,0,0,0,0,0,0,0,0
25667,"R. Albano - Praça Seca, Rio de Janeiro - RJ, 22733-010, Brasil",Sudeste,Rio de Janeiro,Rio de Janeiro,PRACA SECA,,FAVELA BATEAU MOUCHE,-22.9038403000,-43.3530106000,"23/03/2019, 16:12:00",false,false,,Não identificado,,,false,0,0,0,0,0,0,0,0,0,0,0,0,0,0
25668,"Morro da Mineira, Catumbi, Rio de Janeiro - RJ, 20211-320, Brasil",Sudeste,Rio de Janeiro,Rio de Janeiro,CATUMBI,,MORRO DA MINEIRA (COMPLEXO DO SAO CARLOS),-22.9187728000,-43.1984836000,"23/03/2019, 16:20:00",false,false,,Não identificado,,,false,0,0,0,0,0,0,0,0,0,0,0,0,0,0
25671,"Rua Barão, 40 - Praça Seca, Rio de Janeiro - RJ, 21321-620, Brasil",Sudeste,Rio de Janeiro,Rio de Janeiro,PRACA SECA,,MORRO SAO JOSE OPERARIO (OU MORRO DA BARAO),-22.9037010000,-43.3455356000,"23/03/2019, 17:17:00",false,false,,Não identificado,,,false,0,0,0,0,0,0,0,0,0,0,0,0,0,0
25672,"Av. Chrisóstomo Pimentel de Oliveira, 2500 - Pavuna, Rio de Janeiro - RJ, 21650-002, Brasil",Sudeste,Rio de Janeiro,Rio de Janeiro,PAVUNA,,,-22.8136986000,-43.3765478000,"23/03/2019, 17:35:00",false,false,,Não identificado,,,false,0,0,0,0,0,0,0,0,0,0,0,0,0,0
25676,"Morro da Mineira, Catumbi, Rio de Janeiro - RJ, 20211-320, Brasil",Sudeste,Rio de Janeiro,Rio de Janeiro,CATUMBI,,MORRO DA MINEIRA (COMPLEXO DO SAO CARLOS),-22.9187728000,-43.1984836000,"23/03/2019, 18:10:00",false,false,,Não identificado,,,false,0,0,0,0,0,0,0,0,0,0,0,0,0,0
25674,"Madureira, Rio de Janeiro - RJ, Brasil",Sudeste,Rio de Janeiro,Rio de Janeiro,MADUREIRA,,,-22.8725334000,-43.3363639000,"23/03/2019, 18:28:00",false,false,,Não identificado,,,false,0,0,0,0,0,0,0,0,0,0,0,0,0,0
25677,"Morro da Mineira, Catumbi, Rio de Janeiro - RJ, 20211-320, Brasil",Sudeste,Rio de Janeiro,Rio de Janeiro,CATUMBI,,MORRO DA MINEIRA (COMPLEXO DO SAO CARLOS),-22.9187728000,-43.1984836000,"23/03/2019, 19:04:00",false,false,,Não identificado,,,false,0,0,0,0,0,0,0,0,0,0,0,0,0,0
25681,"Bangu, Rio de Janeiro - RJ, Brasil",Sudeste,Rio de Janeiro,Rio de Janeiro,BANGU,,,-22.8742263000,-43.4685442000,"23/03/2019, 20:04:00",false,false,,Não identificado,,,false,0,0,0,0,0,0,0,0,0,0,0,0,0,0
25683,"Manilha, Vila Kennedy - Bangu, Rio de Janeiro - RJ, 21850-007, Brasil",Sudeste,Rio de Janeiro,Rio de Janeiro,VILA KENNEDY,,VILA KENNEDY,-22.8603816000,-43.4884330000,"23/03/2019, 22:42:00",false,false,,Não identificado,,,false,0,0,0,0,0,0,0,0,0,0,0,0,0,0
25692,"Morro dos Macacos, Vila Isabel, Rio de Janeiro - RJ, Brasil",Sudeste,Rio de Janeiro,Rio de Janeiro,RIACHUELO,,MORRO DOS MACACOS,-22.9089901000,-43.2562784000,"23/03/2019, 23:00:00",false,false,,Não identificado,,,false,0,0,0,0,0,0,0,0,0,0,0,0,0,0
25710,"Morro do Urubu,  Piedade, Rio de Janeiro - RJ, 20751-340, Brasil",Sudeste,Rio de Janeiro,Rio de Janeiro,PIEDADE,,MORRO DO URUBU (COMPLEXO DO URUBU),-22.8796170000,-43.3048430000,"24/03/2019, 01:00:00",false,false,,Não identificado,,,false,0,0,0,0,0,0,0,0,0,0,0,0,0,0
25686,"Estr. da Covanca - Tanque, Rio de Janeiro - RJ, Brasil",Sudeste,Rio de Janeiro,Rio de Janeiro,TANQUE,,MORRO DA COVANCA,-22.9149118000,-43.3479471000,"24/03/2019, 03:12:00",false,false,,Não identificado,,,false,0,0,0,0,0,0,0,0,0,0,0,0,0,0
25711,"Morro do Urubu, Piedade, Rio de Janeiro - RJ, 20751-340, Brasil",Sudeste,Rio de Janeiro,Rio de Janeiro,PIEDADE,,MORRO DO URUBU (COMPLEXO DO URUBU),-22.8796170000,-43.3048430000,"24/03/2019, 04:00:00",false,false,,Não identificado,,,false,0,0,0,0,0,0,0,0,0,0,0,0,0,0
25698,"Morro da Caixa D'água - Tanque, Rio de Janeiro - RJ, Brasil",Sudeste,Rio de Janeiro,Rio de Janeiro,TANQUE,,MORRO DA CAIXA D'AGUA (TANQUE),-22.9133907000,-43.3563701000,"24/03/2019, 10:37:00",false,false,,Não identificado,,,false,0,0,0,0,0,0,0,0,0,0,0,0,0,0
25706,"Fazenda Botafogo,  Coelho Neto, Rio de Janeiro - RJ, 21530-160, Brasil",Sudeste,Rio de Janeiro,Rio de Janeiro,COELHO NETO,,CONJUNTO FAZENDA BOTAFOGO (COMPLEXO DA PEDREIRA),-22.8250395000,-43.3494536000,"24/03/2019, 19:01:00",false,false,,Não identificado,,,false,0,0,0,0,0,0,0,0,0,0,0,0,0,0
25708,"Morro da Providencia - Gambôa, Rio de Janeiro - RJ, Brasil",Sudeste,Rio de Janeiro,Rio de Janeiro,GAMBOA,,MORRO DA PROVIDENCIA,-22.9002778000,-43.1952778000,"24/03/2019, 19:23:00",false,false,,Não identificado,,,false,0,0,0,0,0,0,0,0,0,0,0,0,0,0
25709,"Morro do Urubu,  Piedade, Rio de Janeiro - RJ, 20751-350, Brasil",Sudeste,Rio de Janeiro,Rio de Janeiro,PIEDADE,,MORRO DO URUBU (COMPLEXO DO URUBU),-22.8791270000,-43.3054540000,"24/03/2019, 20:43:00",false,false,,Não identificado,,,false,0,0,0,0,0,0,0,0,0,0,0,0,0,0
25712,"Morro da Covanca, Tanque, Rio de Janeiro - RJ, 22735-020, Brasil",Sudeste,Rio de Janeiro,Rio de Janeiro,TANQUE,,MORRO DA COVANCA,-22.9149256000,-43.3482090000,"24/03/2019, 20:54:00",false,false,,Não identificado,,,false,0,0,0,0,0,0,0,0,0,0,0,0,0,0
25717,"Rio Comprido, Rio de Janeiro - RJ, Brasil",Sudeste,Rio de Janeiro,Rio de Janeiro,RIO COMPRIDO,,,-22.9252336000,-43.2053404000,"24/03/2019, 21:10:00",false,false,,Não identificado,,,false,0,0,0,0,0,0,0,0,0,0,0,0,0,0
25718,"Vila Kennedy - Bangu, Rio de Janeiro - RJ, 21850-007, Brasil",Sudeste,Rio de Janeiro,Rio de Janeiro,VILA KENNEDY,,VILA KENNEDY,-22.8604006000,-43.4884116000,"24/03/2019, 23:30:00",false,false,,Não identificado,,,false,0,0,0,0,0,0,0,0,0,0,0,0,0,0
25716,"Rua Teixeira Campos - Santíssimo, Rio de Janeiro - RJ, 23094-091, Brasil",Sudeste,Rio de Janeiro,Rio de Janeiro,SANTISSIMO,,MORRO DA TITICA,-22.8744020000,-43.5138027000,"25/03/2019, 02:10:00",false,false,,Não identificado,,,false,0,0,0,0,0,0,0,0,0,0,0,0,0,0
25715,"Barrão, Vila Kennedy - Bangu, Rio de Janeiro - RJ, 21850-007, Brasil",Sudeste,Rio de Janeiro,Rio de Janeiro,VILA KENNEDY,,VILA KENNEDY,-22.8604006000,-43.4884116000,"25/03/2019, 02:55:00",false,false,,Não identificado,,,false,0,0,0,0,0,0,0,0,0,0,0,0,0,0
25719,"Morro do Turano, Rio Comprido, Rio de Janeiro - RJ, 20261-110, Brasil",Sudeste,Rio de Janeiro,Rio de Janeiro,RIO COMPRIDO,,MORRO DO TURANO,-22.9250170000,-43.2164390000,"25/03/2019, 03:19:00",true,true,PM,Operação policial,,,false,0,3,0,0,0,0,0,0,0,0,0,0,0,0
25726,"Morro do São João - Engenho Novo, Rio de Janeiro - RJ, 20950-370, Brasil",Sudeste,Rio de Janeiro,Rio de Janeiro,ENGENHO NOVO,,MORRO SAO JOAO,-22.9078627000,-43.2659281000,"25/03/2019, 03:20:00",false,false,,Não identificado,,,false,0,0,0,0,0,0,0,0,0,0,0,0,0,0
25728,"Cidade de Deus, Rio de Janeiro - RJ, Brasil",Sudeste,Rio de Janeiro,Rio de Janeiro,CIDADE DE DEUS,,CIDADE DE DEUS,-22.9481688000,-43.3626721000,"25/03/2019, 04:02:00",false,false,,Não identificado,,,false,0,0,0,0,0,0,0,0,0,0,0,0,0,0
25725,"Favela Santa Marta - Botafogo, Rio de Janeiro - RJ, Brasil",Sudeste,Rio de Janeiro,Rio de Janeiro,BOTAFOGO,,SANTA MARTA,-22.9473210000,-43.1943601000,"25/03/2019, 04:35:00",true,true,N�o identificado,Ação policial,,,false,0,0,0,0,0,0,0,0,0,0,0,0,0,0
25727,"R. Dois, Alvorada - Complexo do Alemão, Rio de Janeiro - RJ, Brasil",Sudeste,Rio de Janeiro,Rio de Janeiro,COMPLEXO DO ALEMAO,,ALVORADA (COMPLEXO DO ALEMAO),-22.8612593000,-43.2758573000,"25/03/2019, 04:50:00",false,false,,Não identificado,,,false,0,0,0,0,0,0,0,0,0,0,0,0,0,0
25731,"Rua Itapiru  - Catumbi, Rio de Janeiro - RJ, 20251-030, Brasil",Sudeste,Rio de Janeiro,Rio de Janeiro,CATUMBI,,,-22.9202268000,-43.1966092000,"25/03/2019, 08:30:00",false,false,,Não identificado,,,false,0,0,0,0,0,0,0,0,0,0,0,0,0,0
25736,"Morro Faz Quem Quer - Rocha Miranda, Rio de Janeiro - RJ, 21540-570, Brasil",Sudeste,Rio de Janeiro,Rio de Janeiro,ROCHA MIRANDA,,MORRO DO FAZ QUEM QUER (COMPLEXO DO CAJUEIRO),-22.8493439000,-43.3402104000,"25/03/2019, 09:00:00",true,true,N�o identificado,Operação policial,,,false,0,0,0,0,0,0,0,0,0,0,0,0,0,0
25732,"Rua Barão, 40 - Praça Seca, Rio de Janeiro - RJ, 21321-620, Brasil",Sudeste,Rio de Janeiro,Rio de Janeiro,PRACA SECA,,MORRO SAO JOSE OPERARIO (OU MORRO DA BARAO),-22.9037010000,-43.3455356000,"25/03/2019, 09:01:00",false,false,,Não identificado,,,false,0,0,0,0,0,0,0,0,0,0,0,0,0,0
25733,"Complexo do Chapadão  - Guadalupe, Rio de Janeiro - RJ, 21665-320, Brasil",Sudeste,Rio de Janeiro,Rio de Janeiro,GUADALUPE,,COMPLEXO DO CHAPADAO,-22.8348419000,-43.3834960000,"25/03/2019, 09:05:00",false,false,,Não identificado,,,false,0,0,0,0,0,0,0,0,0,0,0,0,0,0
25735,"R. Joaquim Pizarro, 131 - Rio Comprido, Rio de Janeiro - RJ, 20261-110, Brasil",Sudeste,Rio de Janeiro,Rio de Janeiro,RIO COMPRIDO,,MORRO DO TURANO,-22.9256210000,-43.2168490000,"25/03/2019, 10:07:00",true,true,N�o identificado,Ação policial,,,false,0,0,0,0,0,0,0,0,0,0,0,0,0,0
25742,"Comunidade do 77,  Realengo, Rio de Janeiro - RJ, 21775-190, Brasil",Sudeste,Rio de Janeiro,Rio de Janeiro,REALENGO,,MORRO DO SETE SETE,-22.8902529000,-43.4529337000,"25/03/2019, 15:30:00",true,true,PM,Operação policial,,,false,0,1,0,0,0,0,0,0,0,0,0,0,0,0
25739,"Fumacê, Realengo, Rio de Janeiro - RJ, 21735-480, Brasil",Sudeste,Rio de Janeiro,Rio de Janeiro,REALENGO,,FUMACE,-22.8677888000,-43.4248795000,"25/03/2019, 15:59:00",false,false,,Não identificado,,,false,0,0,0,0,0,0,0,0,0,0,0,0,0,0
25746,"Morro do Adeus, Complexo do Alemão, Rio de Janeiro - RJ, Brasil",Sudeste,Rio de Janeiro,Rio de Janeiro,COMPLEXO DO ALEMAO,,MORRO DO ADEUS (COMPLEXO DO ALEMAO),-22.8654866000,-43.2619815000,"25/03/2019, 20:48:00",false,false,,Não identificado,,,false,0,0,0,0,0,0,0,0,0,0,0,0,0,0
25747,"Estr. da Covanca - Tanque, Rio de Janeiro - RJ, Brasil",Sudeste,Rio de Janeiro,Rio de Janeiro,TANQUE,,MORRO DA COVANCA,-22.9149118000,-43.3479471000,"25/03/2019, 22:16:00",false,false,,Disputa,,,false,0,0,0,0,0,0,0,0,0,0,0,0,0,0
25765,"R. Sorocaba - Botafogo, Rio de Janeiro - RJ, Brasil",Sudeste,Rio de Janeiro,Rio de Janeiro,BOTAFOGO,,,-22.9536329000,-43.1896746000,"25/03/2019, 23:00:00",true,true,PM,Ação policial,,Perseguição,false,0,0,0,0,0,0,0,0,0,0,0,0,0,0
25751,"Bateau Mouche (Batô), Praça Seca, Rio de Janeiro - RJ, 22733-120, Brasil",Sudeste,Rio de Janeiro,Rio de Janeiro,PRACA SECA,,FAVELA BATEAU MOUCHE,-22.9047379000,-43.3552300000,"25/03/2019, 23:30:00",false,false,,Disputa,,,false,0,0,0,0,0,0,0,0,0,0,0,0,0,0
25752,"Bateau Mouche (Batô), Praça Seca, Rio de Janeiro - RJ, 22733-120, Brasil",Sudeste,Rio de Janeiro,Rio de Janeiro,PRACA SECA,,FAVELA BATEAU MOUCHE,-22.9047379000,-43.3552300000,"26/03/2019, 01:30:00",false,false,,Não identificado,,,false,0,0,0,0,0,0,0,0,0,0,0,0,0,0
25753,"Morro da Caixa D'água, Tanque, Rio de Janeiro - RJ, 22733-140, Brasil",Sudeste,Rio de Janeiro,Rio de Janeiro,TANQUE,,MORRO DA CAIXA D'AGUA (TANQUE),-22.9131550000,-43.3561790000,"26/03/2019, 01:37:00",false,false,,Não identificado,,,false,0,0,0,0,0,0,0,0,0,0,0,0,0,0
25754,"Merendiba, Vila Cruzeiro, Complexo da Penha, Rio de Janeiro - RJ, 21070-730, Brasil",Sudeste,Rio de Janeiro,Rio de Janeiro,OLARIA,,VILA CRUZEIRO (COMPLEXO DA PENHA),-22.8472161000,-43.2754407000,"26/03/2019, 03:00:00",false,false,,Não identificado,,,false,0,0,0,0,0,0,0,0,0,0,0,0,0,0
25750,"Morro Dona Marta, Botafogo, Rio de Janeiro - RJ, 22260-164, Brasil",Sudeste,Rio de Janeiro,Rio de Janeiro,BOTAFOGO,,SANTA MARTA,-22.9473222000,-43.1952837000,"26/03/2019, 03:00:00",true,true,N�o identificado,Operação policial,,,false,0,0,0,0,0,0,0,0,0,0,0,0,0,0
25762,"Vila Kennedy, Rio de Janeiro - RJ, 21850-007, Brasil",Sudeste,Rio de Janeiro,Rio de Janeiro,VILA KENNEDY,,VILA KENNEDY,-22.8604006000,-43.4884116000,"26/03/2019, 03:17:00",false,false,,Não identificado,,,false,0,0,0,0,0,0,0,0,0,0,0,0,0,0
25774,"Curral das Éguas - Realengo, Rio de Janeiro - RJ, 21710-390, Brasil",Sudeste,Rio de Janeiro,Rio de Janeiro,REALENGO,,FAVELA CURRAL DAS EGUAS,-22.8727360000,-43.4194910000,"26/03/2019, 03:30:00",false,false,,Não identificado,,,false,0,0,0,0,0,0,0,0,0,0,0,0,0,0
25756,"Complexo do Chapadão, Pavuna, Rio de Janeiro - RJ, 21655-160, Brasil",Sudeste,Rio de Janeiro,Rio de Janeiro,PAVUNA,,COMPLEXO DO CHAPADAO,-22.8208745000,-43.3831147000,"26/03/2019, 04:10:00",true,true,N�o identificado,Operação policial,,,false,0,0,0,0,0,0,0,0,0,0,0,0,0,0
25758,"Cidade Alta, Cordovil, Rio de Janeiro - RJ, 21010-200, Brasil",Sudeste,Rio de Janeiro,Rio de Janeiro,CORDOVIL,,CIDADE ALTA (COMPLEXO DE ISRAEL),-22.8185529000,-43.2936949000,"26/03/2019, 04:25:00",false,false,,Não identificado,,,false,0,0,0,0,0,0,0,0,0,0,0,0,0,0
25769,"Complexo do Alemão, Rio de Janeiro - RJ, Brasil",Sudeste,Rio de Janeiro,Rio de Janeiro,COMPLEXO DO ALEMAO,,COMPLEXO DO ALEMAO,-22.8593331000,-43.2754759000,"26/03/2019, 04:29:00",false,false,,Não identificado,,,false,0,0,0,0,0,0,0,0,0,0,0,0,0,0
25761,"Morro do Turano, Rio Comprido, Rio de Janeiro - RJ, 20261-110, Brasil",Sudeste,Rio de Janeiro,Rio de Janeiro,RIO COMPRIDO,,MORRO DO TURANO,-22.9254408000,-43.2152309000,"26/03/2019, 04:30:00",false,false,,Não identificado,,,false,0,0,0,0,0,0,0,0,0,0,0,0,0,0
25768,"Morro da Fé, Penha Circular, Rio de Janeiro - RJ, 21210-360, Brasil",Sudeste,Rio de Janeiro,Rio de Janeiro,PENHA CIRCULAR,,MORRO DA FE (COMPLEXO DA PENHA),-22.8469239000,-43.2969005000,"26/03/2019, 05:39:00",false,false,,Não identificado,,,false,0,0,0,0,0,0,0,0,0,0,0,0,0,0
25771,"Av. Brasil - Bonsucesso, Rio de Janeiro - RJ, Brasil",Sudeste,Rio de Janeiro,Rio de Janeiro,BONSUCESSO,,,-22.8639186000,-43.2476439000,"26/03/2019, 06:00:00",true,true,N�o identificado,Ação policial,,,false,1,1,0,0,0,0,0,0,0,0,0,0,0,0
25766,"Rua 5,  Vila Cosmos, Rio de Janeiro - RJ, 21210-640, Brasil",Sudeste,Rio de Janeiro,Rio de Janeiro,VILA KOSMOS,,CONJUNTO DO IPASE,-22.8499538000,-43.3046417000,"26/03/2019, 07:08:00",false,false,,Não identificado,,,false,0,0,0,0,0,0,0,0,0,0,0,0,0,0
25770,"Morro dos Macacos - Vila Isabel, Rio de Janeiro - RJ, Brasil",Sudeste,Rio de Janeiro,Rio de Janeiro,RIACHUELO,,MORRO DOS MACACOS,-22.9089651000,-43.2563063000,"26/03/2019, 08:07:00",false,false,,Não identificado,,,false,0,0,0,0,0,0,0,0,0,0,0,0,0,0
25776,"Morro Dona Marta - Botafogo, Rio de Janeiro - RJ, 22260-164, Brasil",Sudeste,Rio de Janeiro,Rio de Janeiro,BOTAFOGO,,SANTA MARTA,-22.9473222000,-43.1952837000,"26/03/2019, 10:29:00",true,true,PM,Operação policial,,,false,0,1,0,0,0,0,0,0,0,0,0,0,0,0
25791,"R. Cambucá - Higienópolis, Rio de Janeiro - RJ, Brasil",Sudeste,Rio de Janeiro,Rio de Janeiro,HIGIENOPOLIS,,,-22.8700695000,-43.2626042000,"26/03/2019, 12:00:00",true,true,PM,Ação policial,,,false,1,1,0,0,0,0,0,0,0,0,0,0,0,0
25781,"Morro da Serrinha - Madureira, Rio de Janeiro - RJ, Brasil",Sudeste,Rio de Janeiro,Rio de Janeiro,MADUREIRA,,MORRO DA SERRINHA (COMPLEXO DA SERRINHA),-22.8675722000,-43.3252865000,"26/03/2019, 14:42:00",false,false,,Não identificado,,,false,0,0,0,0,0,0,0,0,0,0,0,0,0,0
25785,"Morro da Caixa D'água, Tanque, Rio de Janeiro - RJ, 22733-140, Brasil",Sudeste,Rio de Janeiro,Rio de Janeiro,QUINTINO BOCAIUVA,,MORRO DA CAIXA D'AGUA (COMPLEXO DO 18),-22.8936111000,-43.3163889000,"26/03/2019, 17:54:00",false,false,,Não identificado,,,false,0,0,0,0,0,0,0,0,0,0,0,0,0,0
25786,"Morro da Covanca, Tanque, Rio de Janeiro - RJ, 22735-020, Brasil",Sudeste,Rio de Janeiro,Rio de Janeiro,TANQUE,,MORRO DA COVANCA,-22.9169750000,-43.3425450000,"26/03/2019, 18:25:00",false,false,,Não identificado,,,false,0,0,0,0,0,0,0,0,0,0,0,0,0,0
25790,"Praça do Corta, R. Padre Lima - Parque Columbia, Rio de Janeiro - RJ, Brasil",Sudeste,Rio de Janeiro,Rio de Janeiro,PARQUE COLUMBIA,,,-22.8200131000,-43.3459522000,"26/03/2019, 19:45:00",false,false,,Não identificado,,,false,0,0,0,0,0,0,0,0,0,0,0,0,0,0
25789,"R. do Desenhista - Bangu, Rio de Janeiro - RJ, 21842-030, Brasil",Sudeste,Rio de Janeiro,Rio de Janeiro,BANGU,,VILA ALIANCA,-22.8700287000,-43.4775467000,"26/03/2019, 20:11:00",false,false,,Não identificado,,,false,0,0,0,0,0,0,0,0,0,0,0,0,0,0
25793,"Casinhas, Complexo do Alemão, Rio de Janeiro - RJ, Brasil",Sudeste,Rio de Janeiro,Rio de Janeiro,COMPLEXO DO ALEMAO,,CASINHAS (COMPLEXO DO ALEMAO),-22.8656361000,-43.2827955000,"26/03/2019, 21:34:00",false,false,,Não identificado,,,false,0,0,0,0,0,0,0,0,0,0,0,0,0,0
25801,"R. Dr. Augusto Figueiredo, Vila Aliança, Bangu, Rio de Janeiro - RJ, 21840-600, Brasil",Sudeste,Rio de Janeiro,Rio de Janeiro,BANGU,,VILA ALIANCA,-22.8740996000,-43.4787222000,"27/03/2019, 00:00:00",true,true,BOPE,Ação policial,,,false,2,0,0,0,0,0,0,0,0,0,0,0,0,0
25805,"Morro dos Prazeres - Santa Teresa, Rio de Janeiro - RJ, Brasil",Sudeste,Rio de Janeiro,Rio de Janeiro,SANTA TERESA,,MORRO DOS PRAZERES,-22.9347222000,-43.2047222000,"27/03/2019, 02:30:00",true,true,N�o identificado,Operação policial,,,false,0,0,0,0,0,0,0,0,0,0,0,0,0,0
25797,"R. Congo - Vila Kennedy, Rio de Janeiro - RJ, Brasil",Sudeste,Rio de Janeiro,Rio de Janeiro,VILA KENNEDY,,VILA KENNEDY,-22.8620054000,-43.4901391000,"27/03/2019, 04:15:00",false,false,,Não identificado,,,false,0,0,0,0,0,0,0,0,0,0,0,0,0,0
25799,"Malvinas, Vila Kennedy - Bangu, Rio de Janeiro - RJ, 21850-007, Brasil",Sudeste,Rio de Janeiro,Rio de Janeiro,VILA KENNEDY,,VILA KENNEDY,-22.8600881000,-43.4863223000,"27/03/2019, 05:05:00",false,false,,Não identificado,,,false,0,0,0,0,0,0,0,0,0,0,0,0,0,0
25800,"Vila Aliança, Bangu, Rio de Janeiro - RJ, 21842-740, Brasil",Sudeste,Rio de Janeiro,Rio de Janeiro,BANGU,,VILA ALIANCA,-22.8703855000,-43.4798073000,"27/03/2019, 05:09:00",true,true,N�o identificado,Ação policial,,,false,0,0,0,0,0,0,0,0,0,0,0,0,0,0
25803,"Morro dos Prazeres - Santa Teresa, Rio de Janeiro - RJ, Brasil",Sudeste,Rio de Janeiro,Rio de Janeiro,SANTA TERESA,,MORRO DOS PRAZERES,-22.9356777000,-43.2033453000,"27/03/2019, 06:00:00",true,true,N�o identificado,Ação policial,,,false,0,0,0,0,0,0,0,0,0,0,0,0,0,0
25804,"4 bicas, Vila Cruzeiro, Complexo da Penha, Rio de Janeiro - RJ, 21070-550, Brasil",Sudeste,Rio de Janeiro,Rio de Janeiro,PENHA,,VILA CRUZEIRO (COMPLEXO DA PENHA),-22.8457060000,-43.2802480000,"27/03/2019, 06:01:00",true,true,UPP (Complexo da Penha),Operação policial,,,false,1,0,0,0,0,0,0,0,0,0,0,0,0,0
25807,"Vila Aliança, Bangu, Rio de Janeiro - RJ, 23025-330, Brasil",Sudeste,Rio de Janeiro,Rio de Janeiro,BANGU,,VILA ALIANCA,-22.8705130000,-43.4799380000,"27/03/2019, 07:24:00",true,true,N�o identificado,Operação policial,,,false,0,0,0,0,0,0,0,0,0,0,0,0,0,0
25810,"Parada de Lucas, Rio de Janeiro - RJ, 21241-366, Brasil",Sudeste,Rio de Janeiro,Rio de Janeiro,PARADA DE LUCAS,,,-22.8162450000,-43.3007705000,"27/03/2019, 08:00:00",true,true,N�o identificado,Operação policial,,,false,2,0,0,0,0,0,0,0,0,0,0,0,0,0
25822,"Complexo do Rola,  Santa Cruz, Rio de Janeiro - RJ, 23591-250, Brasil",Sudeste,Rio de Janeiro,Rio de Janeiro,SANTA CRUZ,,COMPLEXO DO RODO,-22.9286550000,-43.6643448000,"27/03/2019, 08:00:00",true,true,N�o identificado,Operação policial,,,false,1,0,0,0,0,0,0,0,0,0,0,0,1,0
25816,"Avenida Brasil, Maré",Sudeste,Rio de Janeiro,Rio de Janeiro,MARE,,PARQUE UNIAO (COMPLEXO DA MARE),-22.8511210000,-43.2470060000,"27/03/2019, 10:32:00",false,true,,Tentativa/Roubo,,Tiros de Helicóptero,false,2,0,0,1,0,0,0,0,0,0,0,0,0,0
25813,"Parada de Lucas, Rio de Janeiro - RJ, 21241-366, Brasil",Sudeste,Rio de Janeiro,Rio de Janeiro,PARADA DE LUCAS,,,-22.8162450000,-43.3007705000,"27/03/2019, 11:30:00",false,false,,Não identificado,,,false,0,0,0,0,0,0,0,0,0,0,0,0,0,0
25835,"R. Franz Liszt - Jardim America, Rio de Janeiro - RJ, Brasil",Sudeste,Rio de Janeiro,Rio de Janeiro,JARDIM AMERICA,,,-22.8073899000,-43.3217608000,"27/03/2019, 13:00:00",false,false,,Homicidio/Tentativa,,"Outros,Feminicídio/tentativa",false,1,0,0,0,0,0,0,0,0,0,1,0,0,0
25814,"Rua Barão, 40 - Praça Seca, Rio de Janeiro - RJ, 21321-620, Brasil",Sudeste,Rio de Janeiro,Rio de Janeiro,PRACA SECA,,MORRO SAO JOSE OPERARIO (OU MORRO DA BARAO),-22.9037010000,-43.3455356000,"27/03/2019, 14:07:00",false,false,,Não identificado,,,false,0,0,0,0,0,0,0,0,0,0,0,0,0,0
25815,"4 Bicas, Vila Cruzeiro - Penha, Rio de Janeiro - RJ, 21070-830, Brasil",Sudeste,Rio de Janeiro,Rio de Janeiro,PENHA,,VILA CRUZEIRO (COMPLEXO DA PENHA),-22.8457060000,-43.2802480000,"27/03/2019, 15:20:00",false,false,,Não identificado,,,false,0,0,0,0,0,0,0,0,0,0,0,0,0,0
25836,"Av. Pastor Martin Luther King Junior, Rio de Janeiro - RJ, 20765-630, Brasil",Sudeste,Rio de Janeiro,Rio de Janeiro,IRAJA,,,-22.8488858000,-43.3214289000,"27/03/2019, 15:30:00",false,false,,Tentativa/Roubo,,,false,1,0,0,0,0,0,0,0,0,0,0,0,0,0
25817,"Merendiba, Vila Cruzeiro, Complexo da Penha - RJ",Sudeste,Rio de Janeiro,Rio de Janeiro,OLARIA,,VILA CRUZEIRO (COMPLEXO DA PENHA),-22.8467320000,-43.2757430000,"27/03/2019, 16:40:00",false,false,,Não identificado,,,false,0,0,0,0,0,0,0,0,0,0,0,0,0,0
25819,"Chácara do Céu, Leblon, Rio de Janeiro - RJ, 22450-230",Sudeste,Rio de Janeiro,Rio de Janeiro,VIDIGAL,,FAVELA CHACARA DO CEU,-22.9901306000,-43.2331844000,"27/03/2019, 16:54:00",true,true,PM,Ação policial,,,false,0,1,0,0,0,0,0,0,0,0,0,0,0,0
25837,"Vicente de Carvalho, Rio de Janeiro - RJ, Brasil",Sudeste,Rio de Janeiro,Rio de Janeiro,VICENTE DE CARVALHO,,,-22.8558216000,-43.3157850000,"27/03/2019, 17:00:00",false,false,,Tentativa/Roubo,,,false,0,1,0,0,0,0,0,0,0,0,0,0,0,0
25831,"Rua General Queiroz Saião - Irajá, Rio de Janeiro - RJ, Brasil",Sudeste,Rio de Janeiro,Rio de Janeiro,IRAJA,,,-22.8400672000,-43.3203909000,"27/03/2019, 17:00:00",false,false,,Tentativa/Roubo,,,false,1,0,0,0,0,0,0,0,0,0,0,0,0,0
25820,"Realengo, Rio de Janeiro - RJ, Brasil",Sudeste,Rio de Janeiro,Rio de Janeiro,REALENGO,,,-22.8763107000,-43.4302937000,"27/03/2019, 17:14:00",false,false,,Não identificado,,,false,0,0,0,0,0,0,0,0,0,0,0,0,0,0
25823,"R. Hélio Luís Navarro - Bangu, Rio de Janeiro - RJ, Brasil",Sudeste,Rio de Janeiro,Rio de Janeiro,VILA KENNEDY,,VILA KENNEDY,-22.8613329000,-43.4874200000,"27/03/2019, 19:04:00",false,false,,Não identificado,,,false,0,0,0,0,0,0,0,0,0,0,0,0,0,0
25841,"Jardim America, Rio de Janeiro - RJ, Brasil",Sudeste,Rio de Janeiro,Rio de Janeiro,JARDIM AMERICA,,,-22.8114870000,-43.3207177000,"27/03/2019, 20:00:00",false,false,,Homicidio/Tentativa,,,false,1,0,0,0,0,0,0,0,0,0,0,0,0,0
25825,"Realengo, Rio de Janeiro - RJ, Brasil",Sudeste,Rio de Janeiro,Rio de Janeiro,REALENGO,,,-22.8763107000,-43.4302937000,"27/03/2019, 20:33:00",false,false,,Não identificado,,,false,0,0,0,0,0,0,0,0,0,0,0,0,0,0
25826,"Praça Seca, Rio de Janeiro - RJ, Brasil",Sudeste,Rio de Janeiro,Rio de Janeiro,PRACA SECA,,,-22.8969198000,-43.3516802000,"27/03/2019, 20:34:00",false,false,,Não identificado,,,false,0,0,0,0,0,0,0,0,0,0,0,0,0,0
25828,"Guadalupe, Rio de Janeiro - RJ, Brasil",Sudeste,Rio de Janeiro,Rio de Janeiro,GUADALUPE,,,-22.8401095000,-43.3780741000,"27/03/2019, 20:35:00",false,false,,Não identificado,,,false,0,0,0,0,0,0,0,0,0,0,0,0,0,0
25830,"Complexo da Penha, Rio de Janeiro - RJ, 21070-730, Brasil",Sudeste,Rio de Janeiro,Rio de Janeiro,OLARIA,,COMPLEXO DA PENHA,-22.8472161000,-43.2754407000,"27/03/2019, 22:48:00",false,false,,Não identificado,,,false,0,0,0,0,0,0,0,0,0,0,0,0,0,0
25848,"Taquara, Rio de Janeiro - RJ, Brasil",Sudeste,Rio de Janeiro,Rio de Janeiro,TAQUARA,,,-22.9230494000,-43.3739788000,"27/03/2019, 23:00:00",false,true,,Tentativa/Roubo,,,false,0,1,0,0,0,0,0,0,0,0,0,0,0,0
25829,"Rua Barão, 40 - Praça Seca, Rio de Janeiro - RJ, 21321-620, Brasil",Sudeste,Rio de Janeiro,Rio de Janeiro,PRACA SECA,,MORRO SAO JOSE OPERARIO (OU MORRO DA BARAO),-22.9037010000,-43.3455356000,"28/03/2019, 00:18:00",false,false,,Disputa,,,false,0,0,0,0,0,0,0,0,0,0,0,0,0,0
25834,"Morro do Fubá, Campinho, Rio de Janeiro - RJ, Brasil",Sudeste,Rio de Janeiro,Rio de Janeiro,CAMPINHO,,COMPLEXO DO FUBA,-22.8868567000,-43.3412253000,"28/03/2019, 01:40:00",false,false,,Não identificado,,,false,0,0,0,0,0,0,0,0,0,0,0,0,0,0
25833,"Bateau Mouche (Batô), Praça Seca, Rio de Janeiro - RJ, 22733-120, Brasil",Sudeste,Rio de Janeiro,Rio de Janeiro,PRACA SECA,,FAVELA BATEAU MOUCHE,-22.9050760000,-43.3548140000,"28/03/2019, 04:04:00",false,false,,Não identificado,,,false,0,0,0,0,0,0,0,0,0,0,0,0,0,0
25842,"R. Congo, Vila Kennedy - Bangu, Rio de Janeiro - RJ, 21852-580, Brasil",Sudeste,Rio de Janeiro,Rio de Janeiro,VILA KENNEDY,,VILA KENNEDY,-22.8621150000,-43.4908550000,"28/03/2019, 10:31:00",false,false,,Não identificado,,,false,0,0,0,0,0,0,0,0,0,0,0,0,0,0
25843,"Morro do Batan - Realengo, Rio de Janeiro - RJ, Brasil",Sudeste,Rio de Janeiro,Rio de Janeiro,REALENGO,,BATAN,-22.8613889000,-43.4211111000,"28/03/2019, 11:34:00",false,false,,Não identificado,,,false,0,0,0,0,0,0,0,0,0,0,0,0,0,0
25847,"R. Zâmbia, Vila Kennedy - Bangu, Rio de Janeiro - RJ, Brasil",Sudeste,Rio de Janeiro,Rio de Janeiro,VILA KENNEDY,,VILA KENNEDY,-22.8588459000,-43.4892169000,"28/03/2019, 13:19:00",false,false,,Não identificado,,,false,0,0,0,0,0,0,0,0,0,0,0,0,0,0
25849,"Vila Cruzeiro, Complexo da Penha,  Olaria, Rio de Janeiro - RJ, 21071-180",Sudeste,Rio de Janeiro,Rio de Janeiro,OLARIA,,VILA CRUZEIRO (COMPLEXO DA PENHA),-22.8489448000,-43.2815481000,"28/03/2019, 14:40:00",true,true,UPP (Complexo da Penha),Operação policial,,,false,0,0,0,0,0,0,0,0,0,0,0,0,0,0
25874,"Morro do Urubu - Pilares, Rio de Janeiro - RJ, Brasil",Sudeste,Rio de Janeiro,Rio de Janeiro,PILARES,,MORRO DO URUBU (COMPLEXO DO URUBU),-22.8759836000,-43.3024082000,"28/03/2019, 17:00:00",true,true,N�o identificado,Operação policial,,,false,0,0,0,0,0,0,0,0,0,0,0,0,0,0
25850,"Estrada Adhemar Bebiano, 3968-3988 - Engenho da Rainha, Rio de Janeiro - RJ, 20766-721",Sudeste,Rio de Janeiro,Rio de Janeiro,ENGENHO DA RAINHA,,,-22.8650001000,-43.2936242000,"28/03/2019, 17:47:00",false,false,,Não identificado,,,false,0,0,0,0,0,0,0,0,0,0,0,0,0,0
25853,"Rio Comprido, Rio de Janeiro - RJ, Brasil",Sudeste,Rio de Janeiro,Rio de Janeiro,RIO COMPRIDO,,,-22.9252336000,-43.2053404000,"28/03/2019, 18:52:00",false,false,,Não identificado,,,false,0,0,0,0,0,0,0,0,0,0,0,0,0,0
25854,"Benfica, Rio de Janeiro - RJ, Brasil",Sudeste,Rio de Janeiro,Rio de Janeiro,BENFICA,,,-22.8926246000,-43.2397455000,"28/03/2019, 19:12:00",false,false,,Não identificado,,,false,0,0,0,0,0,0,0,0,0,0,0,0,0,0
25856,"Taquara, Rio de Janeiro - RJ, Brasil",Sudeste,Rio de Janeiro,Rio de Janeiro,TAQUARA,,,-22.9230494000,-43.3739788000,"28/03/2019, 20:15:00",false,false,,Não identificado,,,false,0,0,0,0,0,0,0,0,0,0,0,0,0,0
25886,"Rebu - Senador Camará, Rio de Janeiro - RJ, 21843-040, Brasil",Sudeste,Rio de Janeiro,Rio de Janeiro,SENADOR CAMARA,,REBU (COMPLEXO DO REBU DE SENADOR CAMARA),-22.8788640000,-43.4914498000,"29/03/2019, 03:00:00",true,true,N�o identificado,Operação policial,,,false,2,2,0,0,0,0,0,0,0,0,0,0,0,0
25859,"Vila Progresso, Vila Kennedy, Rio de Janeiro - RJ, 21852-418, Brasil",Sudeste,Rio de Janeiro,Rio de Janeiro,VILA KENNEDY,,VILA KENNEDY,-22.8614271000,-43.4952227000,"29/03/2019, 03:45:00",false,false,,Não identificado,,,false,0,0,0,0,0,0,0,0,0,0,0,0,0,0
25860,"Chacrinha, Praça Seca, Rio de Janeiro - RJ, 22733-040, Brasil",Sudeste,Rio de Janeiro,Rio de Janeiro,PRACA SECA,,FAVELA DA CHACRINHA,-22.9008761000,-43.3623022000,"29/03/2019, 04:06:00",false,false,,Não identificado,,,false,0,0,0,0,0,0,0,0,0,0,0,0,0,0
25871,"Complexo do Chapadão, Guadalupe, Rio de Janeiro - RJ, 21650-100, Brasil",Sudeste,Rio de Janeiro,Rio de Janeiro,GUADALUPE,,COMPLEXO DO CHAPADAO,-22.8362719000,-43.3818280000,"29/03/2019, 08:00:00",false,false,,Não identificado,,,false,0,0,0,0,0,0,0,0,0,0,0,0,0,0
25878,"Parque Royal - Portuguesa, Rio de Janeiro - RJ, Brasil",Sudeste,Rio de Janeiro,Rio de Janeiro,PORTUGUESA,,PARQUE ROYAL,-22.7946849000,-43.2086681000,"29/03/2019, 08:45:00",true,true,N�o identificado,Ação policial,,,false,2,0,0,0,0,0,0,0,0,0,0,0,0,0
25908,"Morro do Urubu, Pilares, Rio de Janeiro - RJ, 20750-160, Brasil",Sudeste,Rio de Janeiro,Rio de Janeiro,PILARES,,MORRO DO URUBU (COMPLEXO DO URUBU),-22.8771270000,-43.3021914000,"29/03/2019, 09:00:00",true,true,N�o identificado,Operação policial,,,false,0,1,0,0,0,0,0,0,0,0,0,0,0,0
25880,"Morro da Fé, Penha Circular, Rio de Janeiro - RJ, 21210-360, Brasil",Sudeste,Rio de Janeiro,Rio de Janeiro,PENHA CIRCULAR,,MORRO DA FE (COMPLEXO DA PENHA),-22.8469239000,-43.2969005000,"29/03/2019, 11:35:00",false,false,,Não identificado,,,false,0,0,0,0,0,0,0,0,0,0,0,0,0,0
25881,"Morro do Adeus, Complexo do Alemão, Rio de Janeiro - RJ, Brasil",Sudeste,Rio de Janeiro,Rio de Janeiro,COMPLEXO DO ALEMAO,,MORRO DO ADEUS (COMPLEXO DO ALEMAO),-22.8654866000,-43.2619815000,"29/03/2019, 12:10:00",false,false,,Não identificado,,,false,0,0,0,0,0,0,0,0,0,0,0,0,0,0
25888,"Cidade de Deus, Rio de Janeiro - RJ, Brasil",Sudeste,Rio de Janeiro,Rio de Janeiro,CIDADE DE DEUS,,CIDADE DE DEUS,-22.9481688000,-43.3626721000,"29/03/2019, 12:34:00",false,false,,Não identificado,,,false,0,0,0,0,0,0,0,0,0,0,0,0,0,0
25884,"Morro Santo Amaro - Catete, Rio de Janeiro - RJ, Brasil",Sudeste,Rio de Janeiro,Rio de Janeiro,CATETE,,SANTO AMARO,-22.9233140000,-43.1795422000,"29/03/2019, 12:45:00",false,false,,Não identificado,,,false,0,0,0,0,0,0,0,0,0,0,0,0,0,0
25883,"Morro da Fé, Penha Circular, Rio de Janeiro - RJ, 21210-674, Brasil",Sudeste,Rio de Janeiro,Rio de Janeiro,PENHA CIRCULAR,,MORRO DA FE (COMPLEXO DA PENHA),-22.8388125000,-43.2950253000,"29/03/2019, 12:49:00",false,false,,Não identificado,,,false,0,0,0,0,0,0,0,0,0,0,0,0,0,0
25905,"Linha Amarela - Del Castilho, Rio de Janeiro - RJ, Brasil",Sudeste,Rio de Janeiro,Rio de Janeiro,DEL CASTILHO,,,-22.8761113000,-43.2746546000,"29/03/2019, 15:00:00",false,true,,Tentativa/Roubo,,,false,0,0,0,1,0,0,0,0,0,0,0,0,0,0
25891,"Rua Abelardo Chacrinha Barbosa - Tijuca, Rio de Janeiro - RJ, Brasil",Sudeste,Rio de Janeiro,Rio de Janeiro,TIJUCA,,,-22.9266900000,-43.2345437000,"29/03/2019, 15:45:00",false,false,,Não identificado,,,false,0,0,0,0,0,0,0,0,0,0,0,0,0,0
25890,"Complexo do Chapadão, Pavuna, Rio de Janeiro - RJ, 21655-160, Brasil",Sudeste,Rio de Janeiro,Rio de Janeiro,PAVUNA,,COMPLEXO DO CHAPADAO,-22.8209547000,-43.3831538000,"29/03/2019, 16:19:00",false,false,,Não identificado,,,false,0,0,0,0,0,0,0,0,0,0,0,0,0,0
25914,"Lapa - Santa Teresa, Rio de Janeiro - RJ, 20230-014, Brasil",Sudeste,Rio de Janeiro,Rio de Janeiro,LAPA,,,-22.9136977000,-43.1787502000,"29/03/2019, 18:00:00",true,true,N�o identificado,Ação policial,,,false,0,0,0,0,0,0,0,0,0,0,0,0,0,0
25904,"Avenida das Lagoas, Gardênia Azul, Rio de Janeiro - RJ, Brasil",Sudeste,Rio de Janeiro,Rio de Janeiro,GARDENIA AZUL,,,-22.9583230000,-43.3517018000,"29/03/2019, 18:00:00",false,false,,Homicidio/Tentativa,,,false,1,0,0,0,0,0,0,0,0,0,0,0,0,0
25893,"Campinho, Rio de Janeiro - RJ, Brasil",Sudeste,Rio de Janeiro,Rio de Janeiro,CAMPINHO,,,-22.8856237000,-43.3481044000,"29/03/2019, 18:00:00",false,false,,Não identificado,,,false,0,0,0,0,0,0,0,0,0,0,0,0,0,0
25915,"Av. Meriti - Bráz De Pina, Rio de Janeiro - RJ, Brasil",Sudeste,Rio de Janeiro,Rio de Janeiro,BRAS DE PINA,,,-22.8277965000,-43.3107252000,"29/03/2019, 18:00:00",true,true,N�o identificado,Ação policial,,,false,0,0,0,0,0,0,0,0,0,0,0,0,0,0
25894,"R. Urucuia - Praça Seca,  Rio de Janeiro - RJ, Brasil",Sudeste,Rio de Janeiro,Rio de Janeiro,VILA VALQUEIRE,,FAVELA URUCUIA,-22.8948757000,-43.3630633000,"29/03/2019, 18:46:00",false,false,,Não identificado,,,false,0,0,0,0,0,0,0,0,0,0,0,0,0,0
25897,"Bonsucesso, Rio de Janeiro - RJ, Brasil",Sudeste,Rio de Janeiro,Rio de Janeiro,BONSUCESSO,,,-22.8626395000,-43.2539991000,"29/03/2019, 19:15:00",false,false,,Não identificado,,,false,0,0,0,0,0,0,0,0,0,0,0,0,0,0
25896,"R. Anhembi - Irajá, Rio de Janeiro - RJ, Brasil",Sudeste,Rio de Janeiro,Rio de Janeiro,IRAJA,,,-22.8351531000,-43.3204710000,"29/03/2019, 19:17:00",false,false,,Não identificado,,,false,0,0,0,0,0,0,0,0,0,0,0,0,0,0
25899,"Guadalupe, Rio de Janeiro - RJ, Brasil",Sudeste,Rio de Janeiro,Rio de Janeiro,GUADALUPE,,,-22.8401095000,-43.3780741000,"29/03/2019, 19:42:00",false,false,,Não identificado,,,false,0,0,0,0,0,0,0,0,0,0,0,0,0,0
25906,"R. Tibagi - Bangu, Rio de Janeiro - RJ, Brasil",Sudeste,Rio de Janeiro,Rio de Janeiro,BANGU,,,-22.8885835000,-43.4778848000,"30/03/2019, 02:57:00",false,false,,Não identificado,,,false,0,0,0,0,0,0,0,0,0,0,0,0,0,0
25912,"Morro dos Macacos - Sampaio, Rio de Janeiro - RJ, Brasil",Sudeste,Rio de Janeiro,Rio de Janeiro,SAMPAIO,,MORRO DOS MACACOS,-22.9100000000,-43.2575000000,"30/03/2019, 04:45:00",false,false,,Não identificado,,,false,0,0,0,0,0,0,0,0,0,0,0,0,0,0
25911,"99, Rocinha, Rio de Janeiro - RJ, Brasil",Sudeste,Rio de Janeiro,Rio de Janeiro,ROCINHA,,ROCINHA,-22.9879841000,-43.2479825000,"30/03/2019, 05:00:00",false,false,,Não identificado,,,false,0,0,0,0,0,0,0,0,0,0,0,0,0,0
25916,"Ladeira dos Tabajaras - Copacabana, Rio de Janeiro - RJ, 22031-112, Brasil",Sudeste,Rio de Janeiro,Rio de Janeiro,COPACABANA,,LADEIRA DOS TABAJARAS,-22.9641669000,-43.1898623000,"30/03/2019, 09:25:00",false,false,,Não identificado,,,false,0,0,0,0,0,0,0,0,0,0,0,0,0,0
25920,"Morro do Salgueiro - Tijuca, Rio de Janeiro - RJ, 20521-330, Brasil",Sudeste,Rio de Janeiro,Rio de Janeiro,TIJUCA,,MORRO DO SALGUEIRO,-22.9295263000,-43.2262719000,"30/03/2019, 14:55:00",false,false,,Não identificado,,,false,0,0,0,0,0,0,0,0,0,0,0,0,0,0
25923,"Valão, Rocinha, Rio de Janeiro - RJ, Brasil",Sudeste,Rio de Janeiro,Rio de Janeiro,ROCINHA,,ROCINHA,-22.9879841000,-43.2479825000,"30/03/2019, 15:20:00",false,false,,Não identificado,,,false,0,0,0,0,0,0,0,0,0,0,0,0,0,0
25924,"Largo do Bicão, Rio de Janeiro - RJ, 21211-007, Brasil",Sudeste,Rio de Janeiro,Rio de Janeiro,VILA DA PENHA,,,-22.8391092000,-43.3111591000,"30/03/2019, 17:30:00",false,false,,Não identificado,,,false,0,0,0,0,0,0,0,0,0,0,0,0,0,0
25925,"Av. dos Democráticos - Manguinhos, Rio de Janeiro - RJ, Brasil",Sudeste,Rio de Janeiro,Rio de Janeiro,MANGUINHOS,,VILA TURISMO (COMPLEXO DE MANGUINHOS),-22.8796092000,-43.2542528000,"30/03/2019, 18:13:00",false,false,,Não identificado,,,false,0,0,0,0,0,0,0,0,0,0,0,0,0,0
25930,"R. Vinte e Quatro de Maio, s/n - Engenho Novo, Rio de Janeiro - RJ, 20770-007, Brasil",Sudeste,Rio de Janeiro,Rio de Janeiro,ENGENHO NOVO,,,-22.9032639000,-43.2702660000,"30/03/2019, 18:50:00",false,false,,Não identificado,,,false,0,0,0,0,0,0,0,0,0,0,0,0,0,0
25935,"Acari, Rio de Janeiro - RJ, Brasil",Sudeste,Rio de Janeiro,Rio de Janeiro,ACARI,,,-22.8255312000,-43.3444600000,"30/03/2019, 19:45:00",false,false,,Não identificado,,,false,0,0,0,0,0,0,0,0,0,0,0,0,0,0
25931,"Ipase, Praça Seca, Rio de Janeiro - RJ, 22733-001, Brasil",Sudeste,Rio de Janeiro,Rio de Janeiro,PRACA SECA,,IPASE DA PRACA SECA,-22.9046925000,-43.3570580000,"30/03/2019, 20:04:00",false,false,,Não identificado,,,false,0,0,0,0,0,0,0,0,0,0,0,0,0,0
25941,"Praca da Bandeira, Rio de Janeiro - RJ, Brasil",Sudeste,Rio de Janeiro,Rio de Janeiro,PRACA DA BANDEIRA,,,-22.9102021000,-43.2122385000,"30/03/2019, 20:11:00",false,false,,Não identificado,,,false,0,0,0,0,0,0,0,0,0,0,0,0,0,0
25938,"Bráz De Pina, Rio de Janeiro - RJ, Brasil",Sudeste,Rio de Janeiro,Rio de Janeiro,BRAS DE PINA,,,-22.8331178000,-43.3022257000,"30/03/2019, 20:58:00",false,false,,Não identificado,,,false,0,0,0,0,0,0,0,0,0,0,0,0,0,0
25943,"Morro da Serrinha, Madureira, Rio de Janeiro - RJ, Brasil",Sudeste,Rio de Janeiro,Rio de Janeiro,MADUREIRA,,MORRO DO FUBA (COMPLEXO DO FUBA),-22.8662669000,-43.3318801000,"30/03/2019, 21:05:00",false,false,,Não identificado,,,false,0,0,0,0,0,0,0,0,0,0,0,0,0,0
25946,"R. Barbosa Rodrigues - Eng. Leal, Rio de Janeiro - RJ, Brasil",Sudeste,Rio de Janeiro,Rio de Janeiro,ENGENHEIRO LEAL,,,-22.8756024000,-43.3205680000,"30/03/2019, 22:00:00",false,true,,Tentativa/Roubo,,,false,0,0,1,0,0,0,0,0,0,0,0,0,0,0
25950,"Morro do Urubu, Pilares, Rio de Janeiro - RJ, 20750-160, Brasil",Sudeste,Rio de Janeiro,Rio de Janeiro,PILARES,,MORRO DO URUBU (COMPLEXO DO URUBU),-22.8763889000,-43.3033333000,"30/03/2019, 23:02:00",false,false,,Não identificado,,,false,0,0,0,0,0,0,0,0,0,0,0,0,0,0
25953,"Favela 5 Bocas - Bráz De Pina, Rio de Janeiro - RJ, 21725-520, Brasil",Sudeste,Rio de Janeiro,Rio de Janeiro,BRAS DE PINA,,FAVELA 5 BOCAS (COMPLEXO DE ISRAEL),-22.8211375000,-43.2857664000,"31/03/2019, 01:00:00",true,true,BOPE,Operação policial,,,false,2,0,0,0,0,0,0,0,0,0,0,0,0,0
25947,"Morro Faz Quem Quer - Rocha Miranda, Rio de Janeiro - RJ, 21540-570, Brasil",Sudeste,Rio de Janeiro,Rio de Janeiro,ROCHA MIRANDA,,MORRO DO FAZ QUEM QUER (COMPLEXO DO CAJUEIRO),-22.8520103000,-43.3468065000,"31/03/2019, 03:10:00",false,false,,Não identificado,,,false,0,0,0,0,0,0,0,0,0,0,0,0,0,0
25944,"Bateau Mouche (Batô), Praça Seca, Rio de Janeiro - RJ, 22733-120, Brasil",Sudeste,Rio de Janeiro,Rio de Janeiro,PRACA SECA,,FAVELA BATEAU MOUCHE,-22.9036286000,-43.3538941000,"31/03/2019, 03:35:00",false,false,,Não identificado,,,false,0,0,0,0,0,0,0,0,0,0,0,0,0,0
25945,"Bateau Mouche (Batô), Praça Seca, Rio de Janeiro - RJ, 22733-120, Brasil",Sudeste,Rio de Janeiro,Rio de Janeiro,PRACA SECA,,FAVELA BATEAU MOUCHE,-22.9034756000,-43.3538595000,"31/03/2019, 04:35:00",false,false,,Disputa,,,false,0,0,0,0,0,0,0,0,0,0,0,0,0,0
25952,"R. 2 - Rocinha, Rio de Janeiro - RJ, 22451-265, Brasil",Sudeste,Rio de Janeiro,Rio de Janeiro,ROCINHA,,ROCINHA,-22.9893864000,-43.2457753000,"31/03/2019, 08:16:00",false,false,,Não identificado,,,false,0,0,0,0,0,0,0,0,0,0,0,0,0,0
25957,"Morro da Coroa - Catumbi, Rio de Janeiro - RJ, 20251-310, Brasil",Sudeste,Rio de Janeiro,Rio de Janeiro,CATUMBI,,MORRO DA COROA,-22.9210814000,-43.1950505000,"31/03/2019, 10:40:00",false,false,,Não identificado,,,false,0,0,0,0,0,0,0,0,0,0,0,0,0,0
25959,"Bateau Mouche (Batô) - Praça Seca, Rio de Janeiro - RJ, 22733-010, Brasil",Sudeste,Rio de Janeiro,Rio de Janeiro,PRACA SECA,,FAVELA BATEAU MOUCHE,-22.9038065000,-43.3533139000,"31/03/2019, 14:00:00",false,false,,Não identificado,,,false,0,0,0,0,0,0,0,0,0,0,0,0,0,0
25960,"Tanque, Rio de Janeiro - RJ, Brasil",Sudeste,Rio de Janeiro,Rio de Janeiro,TANQUE,,,-22.9180113000,-43.3610277000,"31/03/2019, 15:27:00",false,false,,Não identificado,,,false,0,0,0,0,0,0,0,0,0,0,0,0,0,0
26111,"Terminal Paulo da Portela, 315 - Madureira, Rio de Janeiro - RJ, 21310-260, Brasil",Sudeste,Rio de Janeiro,Rio de Janeiro,MADUREIRA,,,-22.8776307000,-43.3369630000,"31/03/2019, 20:00:00",false,false,,Tentativa/Roubo,,,false,1,0,0,0,0,0,0,0,0,0,0,0,0,0
25968,"Malvinas, Vila Kennedy - Bangu, Rio de Janeiro - RJ, 21850-007, Brasil",Sudeste,Rio de Janeiro,Rio de Janeiro,VILA KENNEDY,,VILA KENNEDY,-22.8604006000,-43.4884116000,"31/03/2019, 20:10:00",false,false,,Não identificado,,,false,0,0,0,0,0,0,0,0,0,0,0,0,0,0